65.03090500467681	1	651.8160300578837	833.1046987279782	1	0	M+2H
64.53079449890596	1	98.93464809702654	830.3699425025724	2	0	M+2H
65.03345103694325	1	7.096333611222224	828.9785132730985	4	0	M+2H
65.0289248495989	1	50.26247125193984	829.3225207725686	5	0	M+2H
64.53191610316128	1	115.62324661950144	829.0567137640029	6	0	M+2H
64.5304064988814	1	8819.579514605883	826.947928737246	7	0	M+2H
65.53256290854117	1	32.39252098553283	830.7152086989765	8	0	M+2H
65.03209901508357	1	171.90654068577433	830.0101896068943	9	0	M+2H
72.54212050873049	1	143127.05681682623	828.597447295443	10	0	M+H+NH4
73.04413120631632	1	107.26231856395717	832.4484781801405	12	0	M+H+NH4
73.54234345332928	1	78.38057505360527	831.1201160056473	15	0	M+H+NH4
74.04561561042964	1	29.14281184848717	830.1960454371476	19	0	M+H+NH4
85.54417932328846	1	548.414027090917	831.0523164317667	21	0	M+ACN+2H
85.04406917961006	1	109.21046066972693	825.1699393386061	22	0	M+ACN+2H
85.54679548643485	1	13.879378283375837	832.8431702644226	24	0	M+ACN+2H
85.04535974751843	1	194.42847856571296	826.7290600186473	26	0	M+ACN+2H
85.54542975894809	1	341.1845088985038	827.7621429143771	27	0	M+ACN+2H
85.0438261317919	1	9569.297694184917	829.8950087781108	28	0	M+ACN+2H
86.0457029414514	1	41.00171156069863	833.3385187629153	29	0	M+ACN+2H
106.05742165577172	1	481.9936073159574	830.0350076208997	31	0	M+2ACN+2H
105.55393967145827	1	1825.1075900615297	834.4425384000838	33	0	M+2ACN+2H
106.05855013685711	1	546.1922141327051	829.5587260927906	36	0	M+2ACN+2H
105.55836720587924	1	213.28718566317147	832.9753431602013	37	0	M+2ACN+2H
106.06017696569816	1	20.489408338243397	829.81167983018	38	0	M+2ACN+2H
105.55707681682031	1	13141.750886459266	828.1490806013617	39	0	M+2ACN+2H
127.05034883013461	1	140697.48782351456	829.0616176135064	40	0	M+H
129.05448725565955	1	554.5719762598286	828.6711638587913	41	0	M+H
128.0545592630655	1	109.61527609716583	829.9145844466251	42	0	M+H
129.0598948768814	1	7.072162126924606	828.5491855613395	44	0	M+H
128.05368416686102	1	7367.455546939954	826.0125876054216	47	0	M+H
130.0576540919731	1	30.119901735364568	828.5285243123449	48	0	M+H
129.0570335515687	1	165.52716622678318	828.8715191264698	49	0	M+H
144.0767169176088	1	132664.27229638514	831.0036049203371	50	0	M+NH4
146.0808736187794	1	700.7357786957585	828.5642675815029	51	0	M+NH4
145.07355600366222	1	1543.0640042095529	830.6836874224109	53	0	M+NH4
146.08327700223157	1	137.4230676393332	833.278338381011	54	0	M+NH4
146.07716502883758	1	70.3723128330975	829.8733956887606	55	0	M+NH4
145.08299003987742	1	145.26653498145535	827.1917812758957	56	0	M+NH4
146.08635337812902	1	9.74772079865193	828.7324494556368	57	0	M+NH4
151.0363577210825	1	617.9435421707611	829.5614797413007	61	0	M+Na
150.03642558340212	1	91.75587476472164	829.1360564802444	62	0	M+Na
151.0384588725814	1	160.4097761292282	836.4830838131311	64	0	M+Na
151.0323001714504	1	51.503264793789945	831.1394351411546	65	0	M+Na
150.03862343775378	1	90.82872199344675	829.0614881499235	66	0	M+Na
150.0353735082311	1	6954.853214288661	833.0908409661077	67	0	M+Na
152.0398474408048	1	29.224196587374678	832.6800484401953	68	0	M+Na
161.08033407948474	1	967.2506860409844	831.1017754362384	71	0	M+CH3OH+H
161.0829275264525	1	252.84066052627642	830.0972210112533	73	0	M+CH3OH+H
160.0732453676691	1	838.8990277861034	829.8001953404279	74	0	M+CH3OH+H
161.0770183979678	1	69.35276910915785	831.5662267343898	76	0	M+CH3OH+H
160.08273992931197	1	154.44528632577124	833.7615269101175	77	0	M+CH3OH+H
162.08393757073955	1	56.35689969595913	831.2595601405793	79	0	M+CH3OH+H
169.0737298446334	1	1665.0972455502429	834.4502183716045	83	0	M+ACN+H
170.08647636005958	1	11.780454836081388	830.4491070289959	84	0	M+ACN+H
170.0772116222597	1	118.91699135123898	831.3434248561385	85	0	M+ACN+H
170.08359385815803	1	407.36214615493583	831.069280917888	87	0	M+ACN+H
169.0800298905054	1	10805.02638084777	826.6449763921493	88	0	M+ACN+H
171.0842633652955	1	42.37294120070256	826.007529849699	89	0	M+ACN+H
47.030903523063785	1	34816.5216634	968.8186437429745	90	1	M+2H
48.03309310069371	1	268.01092640241944	966.1200823613666	91	1	M+2H
49.03516984857267	1	0.5036577519780404	969.6349088128077	93	1	M+2H
47.53265857148138	1	973.1942680644776	968.7140505984279	95	1	M+2H
48.53481499700031	1	7.278158420762506	965.2973918609234	96	1	M+2H
48.03570349134662	1	1.2642475123198451	963.0019034140868	98	1	M+2H
55.54418810092596	1	37289.267976268	964.328506635565	100	1	M+H+NH4
56.54629370205461	1	265.9726302046426	968.3530184641978	101	1	M+H+NH4
56.04626118675057	1	46.901152860927866	963.413454479302	102	1	M+H+NH4
56.54442422398677	1	4.527656402190029	964.5244246489432	103	1	M+H+NH4
56.042836849211184	1	142.1801856208054	967.6444931445058	104	1	M+H+NH4
56.54902948692133	1	1.5630608421697398	969.4666595465839	105	1	M+H+NH4
56.04727504996583	1	51.810203798513044	967.1919016655739	106	1	M+H+NH4
56.045863866045615	1	1332.9408016337416	967.203250157412	107	1	M+H+NH4
57.048104413763966	1	6.823970970719653	971.164330570021	108	1	M+H+NH4
68.54640256002546	1	265.6622460223081	971.7372589481809	111	1	M+ACN+2H
68.04636995694828	1	42.41673284694703	965.7252654700665	112	1	M+ACN+2H
68.54432170995577	1	7.520532239397821	964.2402969477337	113	1	M+ACN+2H
68.54903124359437	1	2.880795681201179	968.3341759395994	115	1	M+ACN+2H
68.04740291508962	1	61.106142358720376	964.5901273456263	116	1	M+ACN+2H
68.0459699015769	1	2051.4745059586407	965.2155335049888	117	1	M+ACN+2H
69.04802884264309	1	11.278211295548427	967.9507872190848	118	1	M+ACN+2H
68.54762328884036	1	47.12941067299416	968.5513086269694	119	1	M+ACN+2H
88.05742056330101	1	42151.854069339046	968.652802544123	120	1	M+2ACN+2H
88.55964822194845	1	40.064176193978	970.3773302886923	122	1	M+2ACN+2H
89.56149410839718	1	15.869471605505865	964.4343228639902	123	1	M+2ACN+2H
89.06232180470029	1	5.63728737624797	969.5950229357744	125	1	M+2ACN+2H
89.05766700489208	1	20.603943636097924	969.7721599407791	126	1	M+2ACN+2H
88.55915342330273	1	2941.268777374578	967.9813105487596	128	1	M+2ACN+2H
89.06082217607997	1	81.39671896853224	967.7536354207872	129	1	M+2ACN+2H
93.05466639692231	1	46493.568565829875	969.3357857077972	130	1	M+H
95.0588438369733	1	257.48414385201716	968.7957935336298	131	1	M+H
94.05871160054585	1	40.94155548309132	967.3113750144508	132	1	M+H
97.0629957586261	1	0.48522801888296885	969.2084709949256	133	1	M+H
94.05798374189763	1	1334.8889060862446	964.5386140415674	135	1	M+H
95.06216837468104	1	1.602621693451774	962.5907224809578	137	1	M+H
110.08121971639763	1	42978.209431503245	968.3081542645714	140	1	M+NH4
112.08542532892564	1	222.74341775230653	967.7448152872219	141	1	M+NH4
112.08180678974894	1	5.111485106930025	963.2799567436957	143	1	M+NH4
111.07827044323382	1	147.34969023119115	968.7788247640308	144	1	M+NH4
112.09088816942723	1	1.7933534826409392	966.2583366650599	145	1	M+NH4
111.0875303338239	1	45.28428767035674	969.122765158829	146	1	M+NH4
111.08456151161805	1	1039.8736647017195	968.2607655488935	147	1	M+NH4
113.08867324484437	1	7.727855462760565	968.5753264002648	148	1	M+NH4
115.03669155995023	1	33769.638268611794	965.2954067792466	150	1	M+Na
117.04087178677194	1	246.790514821231	966.1182300216819	151	1	M+Na
116.04093775092556	1	41.337363593550656	965.1796107634518	152	1	M+Na
117.04628323987454	1	1.0343339518246821	966.6431610265727	158	1	M+Na
117.04346571242118	1	14.100320559073417	966.2256590899067	159	1	M+Na
125.08078194563251	1	38048.284709683576	965.6463291346257	160	1	M+CH3OH+H
127.08502298574287	1	327.7669759700798	968.352563758101	161	1	M+CH3OH+H
126.08497583329002	1	56.71790331955424	968.0981734634042	162	1	M+CH3OH+H
126.08417288241921	1	1555.29231408484	964.3051732933977	166	1	M+CH3OH+H
128.0883785110561	1	11.412463738902067	966.1957789810176	167	1	M+CH3OH+H
127.09024330837431	1	2.5295801563177993	964.0552747784834	169	1	M+CH3OH+H
135.08523870140405	1	45.90300037632229	968.5269532871883	172	1	M+ACN+H
135.07815672307953	1	119.10238893121193	971.7870910009448	174	1	M+ACN+H
135.08743947092293	1	54.257109209755164	967.0405699862733	176	1	M+ACN+H
135.08471526888337	1	1976.4388130692328	968.6447346465071	177	1	M+ACN+H
137.08877459575226	1	12.998027284663651	967.4999038087332	178	1	M+ACN+H
136.0876698470388	1	49.37132108347167	966.2906848170772	179	1	M+ACN+H
73.58619541460128	1	317193.6071597695	1383.3144502027567	180	2	M+2H
74.08475214923776	1	3648.0421795081697	1378.0298305095314	181	2	M+2H
74.5832031779773	1	14.026387930332765	1380.2119311889253	182	2	M+2H
74.58650685596861	1	281.3593136525813	1382.257226103986	186	2	M+2H
74.59108779503286	1	61.84923543819983	1380.1019228820485	187	2	M+2H
82.0994873179038	1	321896.8426545359	1380.2478939964396	190	2	M+H+NH4
82.59803859729531	1	4453.6254031869485	1381.887533092952	191	2	M+H+NH4
83.09662197532242	1	30.432552097180093	1381.6423739680351	192	2	M+H+NH4
83.10124923896473	1	14.69921815867737	1381.577834572515	194	2	M+H+NH4
82.6011814831336	1	25465.771313176752	1378.5449816582934	195	2	M+H+NH4
83.09962234515737	1	297.07839672182047	1380.989487459814	196	2	M+H+NH4
83.10447255082242	1	80.61042531568698	1378.6989023585763	197	2	M+H+NH4
83.10275843632922	1	738.9101523091853	1375.4701330374282	198	2	M+H+NH4
83.60440723670291	1	14.811963523535429	1380.6316568357938	199	2	M+H+NH4
94.09955027864835	1	330437.7873949795	1379.3384767225034	200	2	M+ACN+2H
94.59802912222004	1	4509.458209978289	1382.1354676942376	201	2	M+ACN+2H
95.09660429189255	1	27.092983689733945	1383.4786803379288	202	2	M+ACN+2H
94.60258822094451	1	791.801859531852	1384.2540852045638	203	2	M+ACN+2H
95.604649662963	1	31.32593645223181	1378.3240958383224	204	2	M+ACN+2H
94.60106724646656	1	31593.31773850882	1379.8736862525247	205	2	M+ACN+2H
95.09973223576287	1	334.1475643585849	1382.195073389363	206	2	M+ACN+2H
114.61276291141397	1	330670.75334135996	1377.980211152996	210	2	M+2ACN+2H
115.1113545960547	1	5347.9420557751455	1379.666597827673	211	2	M+2ACN+2H
115.60977670260957	1	39.43699508492427	1381.4677786609907	212	2	M+2ACN+2H
116.11785301443123	1	66.90649607123053	1379.2896932187373	214	2	M+2ACN+2H
115.61297167906928	1	677.901369014477	1380.7717445117426	216	2	M+2ACN+2H
116.11448085327307	1	37.62784754025498	1378.6426715587972	217	2	M+2ACN+2H
115.6175299592434	1	133.43787393996786	1383.5696566976217	218	2	M+2ACN+2H
146.16526317003178	1	345897.50270324637	1375.6032264807516	220	2	M+H
148.15933521617455	1	15.621272132507324	1383.560249495579	222	2	M+H
147.1712826139308	1	672.0102325601181	1379.9455238719243	223	2	M+H
147.16849684302179	1	27523.143831559315	1377.6692965859352	225	2	M+H
148.16566022649755	1	286.84882084928455	1381.6115359879561	226	2	M+H
148.1748599217442	1	66.3284999860589	1379.0421680931993	227	2	M+H
148.17219979722745	1	819.684898530451	1380.3462683893174	228	2	M+H
149.1686742030035	1	10.217549542159212	1383.3231384039716	229	2	M+H
164.18856425962676	1	4644.365602920041	1381.393175910132	231	2	M+NH4
165.18556869622444	1	24.017339515151825	1380.4222194697581	232	2	M+NH4
164.19785910258543	1	890.7148944490226	1382.7510617982916	233	2	M+NH4
164.19480660499244	1	23962.371150300612	1380.5937194259732	235	2	M+NH4
165.2011502761518	1	62.14595903751354	1384.8414592806578	237	2	M+NH4
165.19840721275034	1	808.0539376930686	1382.451142851944	238	2	M+NH4
166.2014683582495	1	11.928055400767292	1381.6578909551636	239	2	M+NH4
171.15730724816626	1	20.075115406264292	1379.2109858451615	244	2	M+Na
170.14752482388258	1	245.2646526846611	1381.1186186192372	246	2	M+Na
170.15674375135396	1	51.9726688313668	1378.9758063849533	247	2	M+Na
170.15369766025339	1	836.8452471804983	1378.6355143869137	248	2	M+Na
171.1505403897221	1	8.29927255440486	1378.651370488668	249	2	M+Na
180.19591378201375	1	710.5362790598418	1379.2930458405633	251	2	M+CH3OH+H
179.19555030478386	1	149.16288715475943	1376.5558638804205	252	2	M+CH3OH+H
179.18829861460213	1	3799.0986325487625	1380.1807816810167	253	2	M+CH3OH+H
180.20098136617142	1	105.58737899167853	1380.0658635800617	254	2	M+CH3OH+H
179.19746959085285	1	934.1808103606322	1378.6123621303393	256	2	M+CH3OH+H
180.1916967750995	1	330.1110967051382	1381.2180249633338	257	2	M+CH3OH+H
181.19929070177565	1	59.908820489218584	1380.6109841905143	259	2	M+CH3OH+H
187.19184205214836	1	363199.30751372466	1381.2943817603602	260	2	M+ACN+H
188.18867147721824	1	5355.178153304359	1380.3035162666224	261	2	M+ACN+H
188.19803168435882	1	951.2483394732974	1379.9518656626444	263	2	M+ACN+H
188.195553737008	1	33888.503246390785	1382.3435973175856	265	2	M+ACN+H
189.1923027097364	1	457.9421640318953	1382.7603281978504	266	2	M+ACN+H
190.1953965283914	1	17.22504419721847	1378.7370523799825	269	2	M+ACN+H
135.04746855596662	1	175810.1502739096	919.9237605289937	270	3	M+2H
136.0514152254576	1	37.47600124987596	916.7613355427312	273	3	M+2H
135.54932892784223	1	19532.03225141483	918.112610580577	274	3	M+2H
136.0511799577375	1	935.2575373596411	917.125814052719	276	3	M+2H
136.04785819659247	1	309.2388833705782	917.0581373416464	278	3	M+2H
135.55074273111646	1	351.3229262121277	921.9613634421959	279	3	M+2H
143.56126068115043	1	214745.63704765376	915.9751480074877	280	3	M+H+NH4
144.5628236205224	1	1609.5683962896635	917.8353110858227	281	3	M+H+NH4
144.0632478707888	1	341.9330653396295	925.0034347856013	282	3	M+H+NH4
144.56423556510953	1	1001.1750138835166	916.1011934193059	283	3	M+H+NH4
145.06458035765286	1	190.8083818768982	917.3715503122684	284	3	M+H+NH4
144.05912503502628	1	3339.7129142610897	919.5707442556502	285	3	M+H+NH4
144.56576120710554	1	41.916889456574296	915.2640571931457	286	3	M+H+NH4
144.0624224792157	1	22283.585623948897	919.5653767371629	287	3	M+H+NH4
144.56148990256904	1	450.00399553660185	918.038045504425	288	3	M+H+NH4
144.06400260057092	1	357.2527754348666	916.812886104328	289	3	M+H+NH4
156.0632683047267	1	442.5657893566145	919.8108588591709	292	3	M+ACN+2H
156.05934146348386	1	3491.342865464873	916.2782198451708	295	3	M+ACN+2H
157.06591025722724	1	51.96408952238758	914.897497319717	296	3	M+ACN+2H
156.06280686993273	1	22067.249187683294	918.1023068439513	297	3	M+ACN+2H
156.561234001326	1	468.66361124261755	918.3565692303725	298	3	M+ACN+2H
176.07402340584895	1	202346.135311654	919.3435357376075	300	3	M+2ACN+2H
177.07602672617918	1	2052.8476176346935	914.8898484602032	301	3	M+2ACN+2H
176.576199056692	1	332.28714567572115	919.661174390348	302	3	M+2ACN+2H
177.5777589643343	1	263.2381346579756	912.8539067221716	303	3	M+2ACN+2H
177.57920707686972	1	97.4963927250775	919.3944863242264	306	3	M+2ACN+2H
177.07433672577727	1	568.2887811135072	917.7641554682253	308	3	M+2ACN+2H
176.5776533688339	1	446.75408185049866	919.6207876814658	309	3	M+2ACN+2H
269.08794492483713	1	190942.32974777184	918.609606724424	310	3	M+H
270.09264238896816	1	325.232056996571	921.6764620033424	312	3	M+H
270.0908268151103	1	18630.60353849892	918.618525066525	314	3	M+H
271.0949504734874	1	992.4305677240336	916.5570058357276	316	3	M+H
272.095795449464	1	223.14948754415664	918.0626124365729	317	3	M+H
271.0886742919958	1	284.70488471670564	917.1320278767705	318	3	M+H
270.0940576209566	1	280.28261995391057	917.446584267162	319	3	M+H
286.11418182361945	1	203050.78964565924	919.1937508082998	320	3	M+NH4
288.11910061353063	1	2191.068322725966	917.1535432496654	321	3	M+NH4
287.11894060150735	1	340.17056332464574	913.9177813539727	322	3	M+NH4
287.1119642025683	1	3652.26250619089	915.5818889266434	325	3	M+NH4
288.12172906834934	1	1034.4684460403532	916.3487141407111	326	3	M+NH4
288.1150799678195	1	369.8450042231139	918.7693703260768	328	3	M+NH4
287.1205018083923	1	278.81468300043787	915.9894366544481	329	3	M+NH4
291.06945607159633	1	193638.0420979762	917.7347568461479	330	3	M+Na
293.0744897881792	1	1773.658254989933	920.0925680358238	331	3	M+Na
292.0732683702045	1	20201.72494755831	919.6173446837395	334	3	M+Na
292.06716422897546	1	3188.691961994079	916.6982808472677	335	3	M+Na
293.0705420026415	1	300.29577475392404	921.9409992693718	338	3	M+Na
292.07644552377155	1	271.8093545562757	920.3736043063943	339	3	M+Na
302.11881836193953	1	418.6422965711467	917.5502195557885	342	3	M+CH3OH+H
303.1221495058968	1	51.80397546459664	915.9208819769043	343	3	M+CH3OH+H
302.1178412136868	1	21512.325331559117	918.5714643813063	344	3	M+CH3OH+H
302.11139986551507	1	3069.6948196673966	920.4632172998712	345	3	M+CH3OH+H
302.1206042917501	1	289.37214621611747	920.210479483045	349	3	M+CH3OH+H
310.11498227615743	1	171939.1084963286	917.2457587046563	350	3	M+ACN+H
312.1191787063429	1	1756.091925318309	916.6328297245067	351	3	M+ACN+H
313.1249456328998	1	51.15117511622481	916.762012829752	353	3	M+ACN+H
312.1210335952076	1	1220.7326466299883	920.7462488261098	356	3	M+ACN+H
313.1219696003234	1	282.6723420984075	916.8235959580161	357	3	M+ACN+H
311.1215902377136	1	321.09720743279416	920.7552551757382	359	3	M+ACN+H
59.546784612000266	1	1993992.4749013192	1008.3087557928093	360	4	M+2H
60.54891952117543	1	9106.795732557684	1008.4730852185767	361	4	M+2H
60.04894383418288	1	1698.9746133159692	1008.1742057887708	362	4	M+2H
60.049915721932045	1	3100.143090668579	1009.2476470898604	365	4	M+2H
60.55016505683166	1	2567.2623616113324	1011.2210941945526	368	4	M+2H
60.54699415964284	1	529.8095783828348	1007.4386548243773	369	4	M+2H
68.05996947496436	1	2470546.269655736	1011.5883402902623	370	4	M+H+NH4
69.06211163314661	1	10687.807575745674	1011.5110473393008	371	4	M+H+NH4
68.5621151021441	1	1503.7723802402716	1011.6133878790891	372	4	M+H+NH4
68.55856244405204	1	18153.099470413832	1008.0754562478721	373	4	M+H+NH4
69.06499599724327	1	207.79230790510036	1009.7376701083804	374	4	M+H+NH4
69.06019068130624	1	872.2051035184201	1010.0077867075715	375	4	M+H+NH4
69.06346219483814	1	2370.8318895283346	1006.8792170604227	377	4	M+H+NH4
69.56385640804595	1	556.2015280456516	1013.5382434379785	379	4	M+H+NH4
80.05997514909456	1	2060863.5018735211	1011.9431310747924	380	4	M+ACN+2H
80.56233944943627	1	1844.2028593889086	1011.1332453830156	382	4	M+ACN+2H
80.55875219892464	1	14397.727244849577	1009.060315642791	383	4	M+ACN+2H
81.06021781594991	1	1215.516415915919	1009.662879968649	385	4	M+ACN+2H
80.56312735093292	1	4547.543194251975	1009.3684979942884	386	4	M+ACN+2H
81.06335641723803	1	5248.421480598314	1009.1261422373908	387	4	M+ACN+2H
80.56174236376573	1	161235.77250768268	1013.7428296308658	388	4	M+ACN+2H
81.56379056685681	1	682.1200096132565	1010.8930172285259	389	4	M+ACN+2H
100.57353355958037	1	1847380.9381235642	1009.0655581988782	390	4	M+2ACN+2H
101.57526501010948	1	8087.944370747208	1011.5456072572146	391	4	M+2ACN+2H
101.0717931720115	1	23433.583989739847	1008.6857035229276	393	4	M+2ACN+2H
101.57827241633471	1	409.65450036471645	1011.3981679070664	394	4	M+2ACN+2H
101.57327145654412	1	1742.7391990463223	1010.5470799668468	395	4	M+2ACN+2H
101.07645257085643	1	4176.403304032984	1010.4744563700436	396	4	M+2ACN+2H
101.07482380848485	1	182079.52663599697	1008.4130404840272	398	4	M+2ACN+2H
102.07701928729291	1	918.8514490577717	1013.0581105640559	399	4	M+2ACN+2H
119.08315033903327	1	7970.575578431655	1010.4324451694246	403	4	M+H
121.09396015411538	1	504.260771843131	1008.9715143847382	407	4	M+H
137.11705128318417	1	10243.755494483734	1010.0556004555905	411	4	M+NH4
136.11703633061373	1	2070.1479862235674	1012.3642159557754	412	4	M+NH4
137.12251883580322	1	180.82969995844027	1008.8873902524356	414	4	M+NH4
137.11304692503845	1	840.4667354039527	1009.5592028108241	415	4	M+NH4
136.1189715885453	1	3832.5857423265315	1010.0293333808702	416	4	M+NH4
137.1196654303463	1	2275.313235867186	1010.8929317864239	417	4	M+NH4
136.11603089231988	1	124875.01101178023	1011.8515954091606	418	4	M+NH4
140.06826483872868	1	2282681.3392616874	1007.7478543170191	420	4	M+Na
142.07270031844712	1	8075.452628427245	1011.4109788104738	421	4	M+Na
141.06514577948556	1	7002.477794536394	1012.3232281679885	423	4	M+Na
142.0778803675885	1	170.0001635943315	1007.2919336431446	424	4	M+Na
141.07167929757918	1	121978.71321234108	1009.9711065322601	426	4	M+Na
143.0757517136231	1	464.8599495530971	1006.3459977087798	427	4	M+Na
142.07482550671654	1	2536.116722258967	1012.6059859869309	428	4	M+Na
142.06873013567292	1	441.7302667510313	1011.9830963179722	429	4	M+Na
150.11240491807797	1	2192179.1233787616	1010.2310189095674	430	4	M+CH3OH+H
151.1167672928911	1	2362.0527309306844	1007.1472714511311	432	4	M+CH3OH+H
152.11291373356755	1	487.8555773201471	1007.8940953426916	433	4	M+CH3OH+H
151.10943859865645	1	8704.50642257581	1009.4565646470327	434	4	M+CH3OH+H
152.11910313201702	1	3619.3685676095006	1013.263360214519	437	4	M+CH3OH+H
151.11603062029397	1	158205.34161730795	1009.7956215103225	438	4	M+CH3OH+H
153.1200991966697	1	803.5150910683539	1010.1013375767578	439	4	M+CH3OH+H
159.11277407549943	1	2431018.676376751	1012.7543946364709	440	4	M+ACN+H
161.11678920382948	1	8596.179688643577	1007.7851296214014	441	4	M+ACN+H
160.10981300308933	1	14657.013915683452	1011.2122477675016	443	4	M+ACN+H
161.1225101637873	1	287.2314281979825	1007.2782157158385	444	4	M+ACN+H
161.11349925940627	1	1274.900213810697	1009.7872505095621	445	4	M+ACN+H
160.1190359873138	1	4067.428859956032	1008.2451368855178	446	4	M+ACN+H
161.11941271923985	1	5355.995057546237	1010.1939910741954	447	4	M+ACN+H
160.11640714635044	1	151799.30966899343	1009.2487637372734	448	4	M+ACN+H
162.1203566968464	1	668.9634456451018	1008.7327981702799	449	4	M+ACN+H
55.04164628096901	1	87126.00830660733	868.2180399441145	450	5	M+2H
55.54018315990519	1	577.1848907229429	866.4072284062662	451	5	M+2H
56.03869058356349	1	1.17136800391399	868.8762333145368	452	5	M+2H
55.54480178725789	1	112.04458737017522	870.2732036494261	453	5	M+2H
56.04175307046392	1	34.05118925553738	869.8433011161477	455	5	M+2H
56.046536005082565	1	5.647928119431014	867.0403160850851	456	5	M+2H
56.546648250040455	1	2.4728120916860834	865.8576353239789	459	5	M+2H
63.555004899603816	1	93076.90272269359	867.8742089722189	460	5	M+H+NH4
64.0535617917365	1	808.1780098635127	866.8657418843552	461	5	M+H+NH4
64.05796264301625	1	103.162420788085	865.2524322948246	463	5	M+H+NH4
64.0565489147289	1	4941.520114562143	869.350412821656	465	5	M+H+NH4
64.5549990058995	1	65.48995842328124	865.303687312839	466	5	M+H+NH4
65.0569011690123	1	1.5062478329624245	868.2745996636983	469	5	M+H+NH4
76.05356430575641	1	819.4804228077953	864.4193224625362	471	5	M+ACN+2H
76.5519807024188	1	3.7555665925890973	867.1712590008376	472	5	M+ACN+2H
76.05814545431242	1	125.09062195120949	865.451231672556	473	5	M+ACN+2H
77.05994761831158	1	6.464852566921734	865.6958018933486	474	5	M+ACN+2H
76.05660849202573	1	6600.11670321062	866.6841497104243	475	5	M+ACN+2H
76.55975314567866	1	9.822498053884942	868.1804001283921	477	5	M+ACN+2H
76.55822777540673	1	240.8868112497101	867.2998173154227	478	5	M+ACN+2H
77.05660415162079	1	3.2150902409567834	861.4054957410553	479	5	M+ACN+2H
96.06820717515318	1	83542.95635239415	867.3640468250018	480	5	M+2ACN+2H
97.06530594736893	1	6.707277657581494	869.6538521754651	482	5	M+2ACN+2H
96.57142378447804	1	118.30126642099003	868.1010801050463	483	5	M+2ACN+2H
97.57328273879871	1	13.652801234455978	865.9234503259848	484	5	M+2ACN+2H
96.56988307771543	1	8261.535380059871	864.082072681685	485	5	M+2ACN+2H
97.07152811235773	1	426.22446158176757	868.5384700949671	488	5	M+2ACN+2H
97.57015613468747	1	5.804027980201249	867.5814657060672	489	5	M+2ACN+2H
111.06990826617924	1	1.1986357556704	869.4200654827868	492	5	M+H
110.08223476447006	1	80.031457520665	865.7979127346741	493	5	M+H
110.07932570652218	1	5010.125681693497	871.2995750595439	494	5	M+H
111.07652264885112	1	43.437086986157134	869.3395380636609	495	5	M+H
111.0828389735273	1	125.04888984288077	867.4867169907948	497	5	M+H
112.0798161773256	1	0.7728114904563809	865.270882923273	498	5	M+H
112.08609798968395	1	2.046113595770426	867.4246619650974	499	5	M+H
126.10269244143925	1	80477.46245586313	868.5094341528577	500	5	M+NH4
127.09960917169641	1	961.0120408959247	865.7188219901201	501	5	M+NH4
128.09648524586794	1	3.5086657635714213	867.2378616804843	502	5	M+NH4
127.10908981103593	1	115.33188780010788	867.0774889347962	503	5	M+NH4
129.11286058052337	1	1.9990314837839789	867.5580663278033	504	5	M+NH4
127.10588838103816	1	5064.869346322346	864.305111777019	505	5	M+NH4
128.10941984524024	1	148.2930666509623	865.8424868836779	508	5	M+NH4
129.10619835891424	1	1.5575814875962521	865.6036814906294	509	5	M+NH4
131.05805615276876	1	77020.34566222243	870.6440966189219	510	5	M+Na
132.0549746291381	1	627.6888682554245	867.2380428370506	511	5	M+Na
133.0521866550009	1	1.2015361663119482	865.8448471068466	512	5	M+Na
132.06418173701536	1	74.57819922945085	868.103803340698	513	5	M+Na
133.0674813889414	1	5.204685957747591	866.0946725316079	516	5	M+Na
133.0647106736333	1	130.21740499163002	870.2035316034502	517	5	M+Na
134.0616268279321	1	1.0537290662840935	868.4687888599957	518	5	M+Na
134.06802434641136	1	2.430098891484558	866.6287613639735	519	5	M+Na
141.10214794636505	1	80086.56615273817	864.9492205482363	520	5	M+CH3OH+H
143.10640990824552	1	163.62109751165053	865.4325861222688	521	5	M+CH3OH+H
142.10650453717756	1	28.877961177156344	870.915658766913	522	5	M+CH3OH+H
143.10258742454712	1	45.3283158308492	870.0845271856665	525	5	M+CH3OH+H
143.10911450040078	1	219.71309310104132	870.0337011820465	527	5	M+CH3OH+H
142.10536454326325	1	6207.626925352577	867.1524746560184	528	5	M+CH3OH+H
144.10987947593838	1	11.888419603470695	868.9107797498507	529	5	M+CH3OH+H
150.10259157667068	1	85765.1848833028	864.4202913871918	530	5	M+ACN+H
151.0995823865948	1	990.5584131112056	868.6096046735805	531	5	M+ACN+H
152.09646666970087	1	3.261645603840812	863.529396023903	532	5	M+ACN+H
151.10884326740626	1	128.82896069195505	868.0579003659693	533	5	M+ACN+H
151.10579536510988	1	8003.324498187754	867.7662596002825	535	5	M+ACN+H
152.11228904559204	1	9.670592266011656	864.9106019486704	537	5	M+ACN+H
152.10923281196258	1	265.83137276744554	867.865679885294	538	5	M+ACN+H
153.1061878970543	1	3.0097040005177056	865.1563165607172	539	5	M+ACN+H
118.57283045163845	1	25.93498406440136	1005.4689151048719	544	6	M+2H
118.07130934942549	1	629.8318051467843	1004.9244008196719	545	6	M+2H
117.56958063702419	1	10124.651350483404	1003.868110602024	548	6	M+2H
118.57176458469097	1	35.34056928418034	1003.847626961081	549	6	M+2H
125.58115560727578	1	56775.51697682305	1005.6392878347657	550	6	M+H+NH4
126.58307085809408	1	310.8518333676751	1002.2329094485042	551	6	M+H+NH4
126.0833246477071	1	59.68853881373726	1006.1076592196539	552	6	M+H+NH4
127.08610645561036	1	23.123684347864	1004.4153583225789	554	6	M+H+NH4
126.58135175356556	1	109.54467538569159	1003.404836199412	555	6	M+H+NH4
126.08439599861993	1	175.3143549660033	1002.0461322071336	556	6	M+H+NH4
126.58443924722079	1	792.2127229962265	1000.8976549842985	557	6	M+H+NH4
127.08464775090735	1	44.145847318148576	1007.4310613191205	559	6	M+H+NH4
137.58129656527794	1	70696.63445941942	1005.3962952244036	560	6	M+ACN+2H
138.58319945000324	1	234.50793532615916	1004.7041072858608	561	6	M+ACN+2H
138.08319197277643	1	46.358481930374374	1005.688728504505	562	6	M+ACN+2H
138.07970549793512	1	783.0993699176839	1004.9200387066217	563	6	M+ACN+2H
139.0857834984195	1	37.55908296028021	1004.8171067388756	564	6	M+ACN+2H
138.08302091197163	1	10994.275713076218	1000.2992359884194	568	6	M+ACN+2H
159.09668170010906	1	285.9182029575775	1003.2060070524091	571	6	M+2ACN+2H
158.59309710044062	1	1054.717732052034	1008.2041207008658	573	6	M+2ACN+2H
159.09798526988692	1	1065.7107188958967	1008.1247101127001	577	6	M+2ACN+2H
158.59602028938403	1	11501.45199181055	1004.8367123989739	578	6	M+2ACN+2H
159.59831727628233	1	42.463539914867475	1004.4586452969464	579	6	M+2ACN+2H
233.12809636598013	1	73357.93333725448	1003.9700565921149	580	6	M+H
234.13268484635896	1	44.28863462256129	1002.8720693459275	582	6	M+H
234.12531230968517	1	516.9718842898877	1006.8079440037202	583	6	M+H
234.135003709862	1	165.98801320752509	1003.2416804962434	586	6	M+H
234.13226847922544	1	10110.756593312957	1004.3746138785565	588	6	M+H
236.13583385137196	1	37.01011536451271	1003.0829378772924	589	6	M+H
250.15465215649465	1	65734.66819835232	1003.2905386833312	590	6	M+NH4
253.1648414073108	1	26.20838433400352	1005.044503802013	594	6	M+NH4
251.16096038460952	1	154.13782383070233	1004.7151265697407	596	6	M+NH4
252.16142293959356	1	616.6959774285837	1004.3310983195764	597	6	M+NH4
253.16234517878644	1	36.73503751213219	1003.4167634702704	599	6	M+NH4
257.1146807266718	1	292.48869658485825	1000.5010009817361	601	6	M+Na
256.11479833380986	1	42.20750240418429	1003.5564203915808	602	6	M+Na
256.1077022046526	1	517.7443590888724	1005.3528847973938	603	6	M+Na
256.1167046664403	1	129.73701943372066	1006.061829847815	606	6	M+Na
257.1171343653718	1	648.5093289854129	1003.3729805458591	607	6	M+Na
258.11802344548187	1	47.070334532016524	1005.0456701406706	609	6	M+Na
265.15536128456375	1	64063.255388898884	1003.9413964438091	610	6	M+CH3OH+H
267.15887511590375	1	418.63491539231075	1005.8738407005634	611	6	M+CH3OH+H
266.1589823997767	1	99.88591955896517	1005.2144980001214	612	6	M+CH3OH+H
266.1581722455986	1	9411.26147672602	1001.5850108736341	613	6	M+CH3OH+H
266.1521425733917	1	495.68320509141483	1006.3476111671625	614	6	M+CH3OH+H
268.1642825647482	1	34.31222108599189	1000.1072294033172	615	6	M+CH3OH+H
267.16189364192974	1	742.9914880286335	1005.86522814206	618	6	M+CH3OH+H
276.15892819516745	1	291.7198973511012	1002.7943917105767	621	6	M+ACN+H
275.1597696571288	1	49.087715562095596	1001.8612736935646	622	6	M+ACN+H
275.1521369022621	1	724.36025153886	1006.467339661396	623	6	M+ACN+H
276.15542051978167	1	136.4415322317347	1005.6159174965813	625	6	M+ACN+H
276.16191185018806	1	778.5784291074327	1002.4132039622399	627	6	M+ACN+H
277.1625833428056	1	48.23157999655692	1004.9701003846202	629	6	M+ACN+H
94.04133926923093	1	1439880.835777788	1137.6364354203888	630	7	M+2H
95.04323835848642	1	7598.214638290595	1138.9178673785138	631	7	M+2H
94.54334380739988	1	1079.1775784005604	1135.2278020149854	632	7	M+2H
94.54290504691129	1	195749.79351979733	1140.5046527404002	634	7	M+2H
95.54516098066267	1	735.8237884013704	1137.5952334010678	635	7	M+2H
95.0452213431123	1	150.25737940641568	1134.4800571204435	636	7	M+2H
95.04612477176677	1	245.87153080292757	1139.135563628815	637	7	M+2H
95.04455738612552	1	10913.226974724588	1139.0404307975928	638	7	M+2H
95.5462849888541	1	405.10387073560514	1139.5940839893776	639	7	M+2H
102.55449132158475	1	1332486.3544565882	1138.74692731411	640	7	M+H+NH4
103.05305420636515	1	5602.190563870959	1139.301372746761	643	7	M+H+NH4
104.05969667212071	1	390.9370349024997	1138.1316814243241	644	7	M+H+NH4
103.0562132480154	1	180313.5191420879	1134.8861964411674	646	7	M+H+NH4
104.0582271493854	1	1005.190271700319	1136.7338578317344	647	7	M+H+NH4
103.55797297325822	1	12781.06311996966	1132.154530534916	648	7	M+H+NH4
103.55476505622677	1	631.7460567345478	1133.0292886825216	649	7	M+H+NH4
114.55441211090347	1	1583107.8737946318	1138.6895100401114	650	7	M+ACN+2H
115.55662649557894	1	6665.5163419583405	1136.6924461566189	651	7	M+ACN+2H
115.05311013578265	1	7363.268796719696	1136.4672587818627	653	7	M+ACN+2H
116.05961710664953	1	643.2679440806401	1138.6853719178614	654	7	M+ACN+2H
115.05777823051275	1	2282.1903382703204	1137.1171684831636	655	7	M+ACN+2H
115.05631435563237	1	204187.18757164988	1137.422268693293	656	7	M+ACN+2H
115.55793097995641	1	15061.332249636587	1140.289097550814	658	7	M+ACN+2H
136.07001132564014	1	5801.386623385893	1135.3366296838935	661	7	M+2ACN+2H
135.5698071890725	1	1413.2917728246432	1137.9417537092124	662	7	M+2ACN+2H
135.56625426634653	1	9029.495210651332	1139.6063523821026	663	7	M+2ACN+2H
136.07140115268092	1	21615.77105898858	1139.125035808731	665	7	M+2ACN+2H
135.5711260801098	1	3098.6002365567624	1133.0496557733877	666	7	M+2ACN+2H
136.06818758558032	1	2005.0855748055756	1137.612838505311	667	7	M+2ACN+2H
135.56953433961397	1	240213.71117569934	1138.8714606015594	668	7	M+2ACN+2H
136.57158136330455	1	942.8741329077623	1137.2530322197877	669	7	M+2ACN+2H
189.0796196385044	1	5803.791032663151	1135.7667380100593	671	7	M+H
188.07970598376818	1	1205.3602945968812	1136.9483669272379	672	7	M+H
188.08156146427697	1	1761.7158894501554	1137.7602410481757	673	7	M+H
188.07902097778555	1	230359.7802920048	1134.9359083175596	674	7	M+H
189.08286038282688	1	140.47358610773975	1137.2323231948867	676	7	M+H
189.08460280608233	1	244.56674183405505	1136.3213543534878	677	7	M+H
189.0820850046185	1	11467.441998684453	1138.8747642698045	678	7	M+H
190.08562251628268	1	380.11904108829657	1138.6087811915481	679	7	M+H
204.101588712036	1	1631144.8494067858	1137.62755485968	680	7	M+NH4
206.10621848331058	1	6345.117632070589	1142.4809892708677	681	7	M+NH4
205.10644665215816	1	1186.6424243518204	1132.4284220786583	682	7	M+NH4
205.09914717316377	1	6768.176528647764	1137.6433767937328	683	7	M+NH4
207.11193558006025	1	440.86341004240484	1137.3734394574853	684	7	M+NH4
205.10810604822268	1	2176.628965198186	1138.1264385779696	685	7	M+NH4
205.10482333956284	1	188699.85001396885	1137.629335990543	686	7	M+NH4
206.10851540055663	1	10611.423761617276	1133.0466762115466	688	7	M+NH4
206.10234276874863	1	777.5026627721352	1136.1529084562433	689	7	M+NH4
209.05729951313782	1	1672974.976975391	1138.0156777383536	690	7	M+Na
211.06181111446523	1	6551.552732822027	1135.6329399563786	691	7	M+Na
210.0632612866571	1	1976.4398885803853	1138.949022881258	693	7	M+Na
210.06029821642537	1	192245.92746243087	1143.9444906415022	694	7	M+Na
212.06462261263684	1	856.7068235166201	1139.8540243402927	695	7	M+Na
211.0646915604083	1	134.20374964878002	1140.855894410288	696	7	M+Na
211.0669421089291	1	254.0714638477606	1139.3612632651561	697	7	M+Na
219.1014267253828	1	1338103.4156457942	1136.5950457273332	700	7	M+CH3OH+H
220.10761023534425	1	2582.2983794422926	1137.524520835525	704	7	M+CH3OH+H
220.1049295872992	1	205974.39945101205	1138.0320759693734	705	7	M+CH3OH+H
222.10949589944863	1	1276.298641331941	1137.7912891990422	706	7	M+CH3OH+H
221.10930075152655	1	244.69057368343576	1135.250477267803	707	7	M+CH3OH+H
230.10651175130081	1	6468.801956719355	1130.6148837124258	711	7	M+ACN+H
229.10596734456058	1	1036.8235140447277	1137.0350376388421	712	7	M+ACN+H
229.09942590624598	1	6345.456374172805	1138.5675643928344	713	7	M+ACN+H
231.11181559926297	1	749.5343364348026	1138.7061606023858	714	7	M+ACN+H
231.10966093234393	1	920.2491897978787	1136.4397843592665	717	7	M+ACN+H
230.1086113572194	1	14722.869608780335	1135.9456007992499	718	7	M+ACN+H
230.10232832596728	1	863.3741647787359	1137.9359571516554	719	7	M+ACN+H
111.55230356082947	1	607993.7580304893	593.6048637261777	720	8	M+2H
112.55570421294298	1	1869.3585057372745	595.3168741390931	723	8	M+2H
113.0562114005147	1	532.1881617595678	593.4842308506351	724	8	M+2H
112.05055484496236	1	1601.283179829155	593.603363344061	725	8	M+2H
112.05532133721672	1	968.2426243644256	596.6553493680249	727	8	M+2H
112.55599904206184	1	102.81990300439386	592.3011394937051	728	8	M+2H
121.06757614229618	1	5828.798822435472	595.9827513446967	731	8	M+H+NH4
120.56753811549497	1	1173.4565698007525	594.9447236046315	732	8	M+H+NH4
121.06567964823422	1	293.759616639114	593.4214387729324	733	8	M+H+NH4
121.5692281227666	1	591.1779201857814	595.4603737134181	734	8	M+H+NH4
121.07031150554792	1	107.77786532267491	593.1114857755861	736	8	M+H+NH4
120.56861549156503	1	1372.486870063674	592.8127823224404	739	8	M+H+NH4
133.06771329320014	1	5630.740857085477	596.4011633759864	741	8	M+ACN+2H
133.56920237596472	1	786.7511627435895	594.9706608086195	744	8	M+ACN+2H
132.56404126553312	1	4098.61222280761	595.6639467985522	745	8	M+ACN+2H
133.07018734276357	1	112.09094802068991	597.925646948363	746	8	M+ACN+2H
132.5672453142787	1	48361.29244358695	595.5448853970234	747	8	M+ACN+2H
133.0689887819593	1	2225.984126964711	592.4343587549823	748	8	M+ACN+2H
152.57891791958772	1	419120.9322275189	592.6081748985044	750	8	M+2ACN+2H
153.58084615014707	1	4388.4538366836405	595.0594874470526	751	8	M+2ACN+2H
153.5833194531943	1	220.80470587211266	595.2256620816579	756	8	M+2ACN+2H
153.08047682231225	1	55712.43287363646	593.4690430050244	757	8	M+2ACN+2H
153.58214829325905	1	4446.953435280497	594.1416413920961	758	8	M+2ACN+2H
153.08181406277257	1	1497.7658197741423	591.4185137235022	759	8	M+2ACN+2H
223.10172104436344	1	1373.3672979207643	594.2925661499851	762	8	M+H
224.10416207570077	1	1904.3401166321864	591.9579962439115	763	8	M+H
224.1048675768021	1	94.4748250539602	593.904765741388	764	8	M+H
223.09412620288143	1	1560.3436631417287	592.6034512679673	765	8	M+H
224.09769913563375	1	187.84190861799104	592.2313942023853	766	8	M+H
223.10359654995122	1	932.1738659755263	597.9929537588355	767	8	M+H
225.10489836491251	1	396.2896360634101	597.028362482762	768	8	M+H
223.10063093469074	1	49188.2938390016	591.0461936281359	769	8	M+H
241.12808208379047	1	7095.98183065909	596.4165239532697	771	8	M+NH4
242.13136493218897	1	490.7821637657328	590.748394134989	774	8	M+NH4
241.13054164611717	1	1890.0000088832164	596.8129125125098	776	8	M+NH4
240.12792784708753	1	54962.627702991515	595.8497346742324	777	8	M+NH4
241.13134505995885	1	95.32223221932907	594.4793433600081	778	8	M+NH4
240.1296971155889	1	933.3870300244555	595.2999802486925	779	8	M+NH4
246.08314224665776	1	6508.13791671996	594.2160400455757	781	8	M+Na
245.083501797149	1	1024.9667409721078	595.6475365032687	782	8	M+Na
246.08586563111515	1	1944.1999770255263	591.4056098980403	783	8	M+Na
246.08643653115934	1	100.21414108059214	594.8185403623606	784	8	M+Na
245.07617590595422	1	1551.836153388718	592.3917303358884	785	8	M+Na
246.07920960535216	1	184.75343225876145	594.8631494885269	786	8	M+Na
245.0850762226109	1	1107.3670522151506	593.2878713280853	787	8	M+Na
247.0868347313459	1	586.8571661845825	594.8442816578755	788	8	M+Na
256.12770244466947	1	7283.586821288813	590.575591061677	791	8	M+CH3OH+H
256.1300156828973	1	1936.3968139494275	593.9181950328895	793	8	M+CH3OH+H
256.1239284232374	1	183.09822114946928	594.8316509056756	796	8	M+CH3OH+H
255.1268916487775	1	47779.126103864444	595.3034034245452	799	8	M+CH3OH+H
263.1233425242507	1	468541.4254857361	592.2752468733595	800	8	M+ACN+H
264.12819845585307	1	977.4060458534993	594.6242226993446	802	8	M+ACN+H
266.1316333762256	1	647.7157314462748	591.8644258432226	804	8	M+ACN+H
264.1207603938103	1	3903.1697573462848	591.254023264173	805	8	M+ACN+H
265.13042874949235	1	2546.313253367761	595.0889123000078	806	8	M+ACN+H
264.13011926945273	1	1092.2440812502698	600.3845807727747	809	8	M+ACN+H
77.03403547096175	1	98.64676643195124	488.9646460664549	812	9	M+2H
77.0304435990183	1	4995.876263007194	486.6023489333486	813	9	M+2H
77.52909601985593	1	33.39563907284584	485.22738673265803	815	9	M+2H
77.53212234466733	1	220.65470676788675	487.5491971327661	817	9	M+2H
77.03367817548468	1	13465.882049716893	491.35647106580797	818	9	M+2H
86.04728571579025	1	453.1896431850802	486.82458455345204	821	9	M+H+NH4
85.54756082412395	1	90.05582764235645	488.42789458357464	822	9	M+H+NH4
85.54362491981438	1	5295.8409671757245	485.1132205109593	823	9	M+H+NH4
86.04217178619008	1	41.04545037667356	490.6933639136937	825	9	M+H+NH4
86.04545139934736	1	345.83350400622794	485.53336226016285	827	9	M+H+NH4
85.54703980924297	1	13836.265729148952	487.1832037712148	828	9	M+H+NH4
86.54912730185694	1	29.056860893374857	485.56527855225625	829	9	M+H+NH4
98.0473868237804	1	515.3381696071262	486.27384860920785	831	9	M+ACN+2H
97.54370245756958	1	4917.376848885639	490.55139469558463	833	9	M+ACN+2H
98.04220025003335	1	49.761108554941366	484.8951720273221	835	9	M+ACN+2H
98.045497923771	1	447.82671192959873	489.01479619891774	837	9	M+ACN+2H
97.54700080846716	1	16284.887029732128	487.6586480979731	838	9	M+ACN+2H
98.54906372121623	1	45.075969838133275	491.92704768833437	839	9	M+ACN+2H
117.55863443491855	1	234171.3341596477	488.99542540572696	840	9	M+2ACN+2H
118.56041749710116	1	437.8273050080846	485.7669910178037	841	9	M+2ACN+2H
118.05696560691277	1	6210.220125197006	490.1092980959474	843	9	M+2ACN+2H
118.06168372248328	1	351.18761894462983	485.18109706660067	846	9	M+2ACN+2H
118.05986486629418	1	23345.233037040107	488.6209808046473	848	9	M+2ACN+2H
152.05686640923997	1	239261.69778000613	488.666105596779	850	9	M+H
154.06082390614807	1	435.62287958214415	487.0487101026352	851	9	M+H
153.06069436503302	1	75.72769559077206	484.06809191063365	852	9	M+H
153.05368577529165	1	4010.024326640647	485.88722860033005	853	9	M+H
154.06325344625873	1	260.92810708048455	487.56888042292184	854	9	M+H
153.0630246765239	1	148.60277873869944	487.7617611419288	856	9	M+H
153.05998311228078	1	12595.308791160687	484.5798903331717	858	9	M+H
170.08770730620898	1	101.10973046455626	487.4596956300041	862	9	M+NH4
170.0804824608109	1	4105.781646860488	487.9765574753576	863	9	M+NH4
171.090194113094	1	264.7383760765473	488.7887019527706	864	9	M+NH4
171.07733471961603	1	50.83537207313478	487.3746946547868	865	9	M+NH4
170.0894918409523	1	237.3072641689259	489.3331089364983	866	9	M+NH4
171.08358800157896	1	288.527854074878	489.09720564844946	867	9	M+NH4
170.0861926796863	1	11663.21682087225	484.78235136783917	868	9	M+NH4
174.03853523042767	1	201049.98388985216	488.759777426543	870	9	M+Na
176.04310846805208	1	567.7823650334393	488.50643114114746	871	9	M+Na
175.0360198396235	1	4229.320735631522	484.5044654856982	873	9	M+Na
176.0455044789719	1	310.7962403197655	485.57075251994263	874	9	M+Na
176.0328534982582	1	28.665719892385944	494.608645397652	875	9	M+Na
175.04245036800805	1	15066.57119467225	484.784088408479	877	9	M+Na
177.04603901770102	1	23.820374889708244	488.7785453169256	878	9	M+Na
184.08317901116692	1	235994.18865106278	489.72689454414456	880	9	M+CH3OH+H
186.08732659999401	1	922.290317382603	489.30077276925806	881	9	M+CH3OH+H
185.08727904040916	1	197.12908423602394	486.7160329354398	882	9	M+CH3OH+H
186.0769932499099	1	30.991132712652476	486.72666831636184	886	9	M+CH3OH+H
186.08296558054664	1	261.0344057495732	491.5546049041547	888	9	M+CH3OH+H
185.08619447669102	1	13767.268496741513	490.5415167877259	889	9	M+CH3OH+H
193.08302032376713	1	246724.1087416436	488.3475097755117	890	9	M+ACN+H
194.07989637368428	1	5825.655367980806	485.0060963925644	893	9	M+ACN+H
195.0901747558736	1	503.7535675321077	489.77877465158474	894	9	M+ACN+H
195.07711590692674	1	40.73397465918822	488.4035787226043	895	9	M+ACN+H
194.08938991151152	1	231.3215236553341	487.0110376754153	896	9	M+ACN+H
194.08659954054934	1	17434.125895150642	485.63130547872515	898	9	M+ACN+H
196.09081567639763	1	36.79025543859379	490.2981154431939	899	9	M+ACN+H
85.5444310331198	1	962300.3565769586	824.3941581082116	900	10	M+2H
86.54657126000896	1	6179.933846196303	821.6077781692991	901	10	M+2H
86.04634792278371	1	1013.7366549983916	819.3401103823393	902	10	M+2H
86.5442681771463	1	249.48351598490416	823.0638062629504	903	10	M+2H
86.54896589974217	1	129.50924682474596	822.3522323323441	905	10	M+2H
86.04600716721227	1	83782.01009832147	824.4904332499357	907	10	M+2H
87.04807382551402	1	418.2850173199702	822.9545528605895	908	10	M+2H
94.05753478750074	1	920621.1905882452	818.8184999010214	910	10	M+H+NH4
95.0596563106865	1	6392.3519116245625	818.4542867857248	911	10	M+H+NH4
95.56125848493579	1	525.7617076222724	819.0529034779127	913	10	M+H+NH4
94.55606102519509	1	5967.649415604178	822.7027205078022	914	10	M+H+NH4
95.0623574581591	1	156.94064692336525	819.9928766089026	915	10	M+H+NH4
95.0577940430059	1	650.7818963355771	823.3326279758893	916	10	M+H+NH4
94.56058340728761	1	1899.1204873712775	823.1178236761632	917	10	M+H+NH4
94.55914364378668	1	94191.05229097792	819.9543075686622	918	10	M+H+NH4
95.06095608791878	1	3043.3795716169375	821.1213554301042	919	10	M+H+NH4
106.55594102684107	1	6169.947694096475	824.3956084403735	924	10	M+ACN+2H
107.06243307586789	1	137.14088719015592	823.0421898063087	925	10	M+ACN+2H
106.56062139212968	1	1807.2681654393082	822.0639478642387	927	10	M+ACN+2H
106.5590480092236	1	93050.59559924244	823.8177893622952	928	10	M+ACN+2H
107.06084486645591	1	4345.317637967785	823.9001947034877	929	10	M+ACN+2H
126.57085508015301	1	729902.0343115184	825.2155158039288	930	10	M+2ACN+2H
127.57281361722713	1	6165.447310104366	824.313723979643	931	10	M+2ACN+2H
127.07227928087792	1	105083.49067290625	820.1358296642026	933	10	M+2ACN+2H
127.0695394844552	1	9610.191433065193	821.0168505784947	934	10	M+2ACN+2H
127.57569919295811	1	294.4717747929546	823.5616609026557	935	10	M+2ACN+2H
127.57090187951457	1	1284.2033758504836	823.9374737069752	937	10	M+2ACN+2H
128.074525405649	1	691.858163956185	820.006846102717	939	10	M+2ACN+2H
170.08112326316572	1	861343.8665531151	821.4073057286216	940	10	M+H
172.0851047527631	1	5774.664075766071	822.760079247528	941	10	M+H
171.08542855086927	1	923.2857790064878	819.643290759001	942	10	M+H
171.08453855714174	1	83441.50196055848	823.204895927642	947	10	M+H
173.088664363312	1	485.109697188437	823.8162517082462	948	10	M+H
187.10804929940963	1	865046.0379213603	822.2508115023735	950	10	M+NH4
189.11188279438733	1	5443.863602900377	820.1128270796081	951	10	M+NH4
188.11201378711775	1	997.4937141188988	821.534278865459	952	10	M+NH4
188.1049887074113	1	8006.689266256998	820.190410137229	954	10	M+NH4
189.11759347549213	1	131.22289229956678	820.864538213928	955	10	M+NH4
189.1080580111603	1	478.19110906401835	820.8561014057163	956	10	M+NH4
188.11374861888717	1	1656.8499705382135	824.3813428799226	957	10	M+NH4
189.11461601153928	1	3078.5585397012146	820.2712979391694	958	10	M+NH4
188.11110930905872	1	70965.79206533184	823.3750943373433	959	10	M+NH4
192.06321599309572	1	1034883.3512177762	821.8527043271432	960	10	M+Na
193.0600442590415	1	3605.6984296762826	821.8260988407552	964	10	M+Na
194.06967459523113	1	2775.5125452003163	820.5243454665076	969	10	M+Na
202.10760914818664	1	910334.0277271736	821.3767487048636	970	10	M+CH3OH+H
204.11164108566604	1	6666.135063839102	821.0097252158374	971	10	M+CH3OH+H
203.11121020265657	1	1202.0641494222168	818.9480171197357	972	10	M+CH3OH+H
204.11686151348988	1	150.51930852538268	822.8212203544568	975	10	M+CH3OH+H
203.11369495133874	1	1601.3795784992062	819.7285571634675	976	10	M+CH3OH+H
204.1141777837159	1	3858.4554178046924	821.706108621697	977	10	M+CH3OH+H
203.1106864518172	1	79404.48473332476	819.0806856640509	978	10	M+CH3OH+H
205.1152991086784	1	781.2926034947126	822.042478330551	979	10	M+CH3OH+H
211.10749194693292	1	863365.8095062798	821.4765382217687	980	10	M+ACN+H
212.1118423754327	1	973.9509392019083	820.7843131893947	982	10	M+ACN+H
214.11511812738942	1	535.3823568125765	822.959256305299	983	10	M+ACN+H
212.1049591312013	1	7422.430318583618	821.7067204186455	984	10	M+ACN+H
213.11755995943165	1	187.11335051616845	824.2842297373467	985	10	M+ACN+H
213.1078160570129	1	726.8849719968979	819.3941961986304	986	10	M+ACN+H
212.1139111001207	1	1176.6138196129625	821.1459528768438	987	10	M+ACN+H
213.1147602233715	1	5099.939581261523	819.8055122529933	988	10	M+ACN+H
212.11119618933324	1	95015.9728290394	820.951379710892	989	10	M+ACN+H
99.50494310375994	1	25253.062129077087	1265.335831054467	990	11	M+2H
100.50521245838098	1	4098.568327758666	1265.8962576493163	991	11	M+2H
100.00692533457944	1	19.165933446256627	1263.8579197442807	994	11	M+2H
100.00673759480317	1	1418.7424007576228	1265.2579120894782	995	11	M+2H
100.0037418797962	1	87.63701500107446	1264.1939772707203	996	11	M+2H
100.50842394121723	1	33.82499837434936	1264.8315358073003	997	11	M+2H
109.01844703220704	1	5553.581738137175	1268.0376849316253	1001	11	M+H+NH4
109.02035797794811	1	106.27211673501981	1262.2433015369445	1002	11	M+H+NH4
108.52042910425405	1	20.87168254699408	1261.7711659926183	1004	11	M+H+NH4
108.52009553263836	1	1458.5196994112016	1267.0471465760315	1005	11	M+H+NH4
108.52147774055392	1	53.631723069357236	1268.6558705822927	1009	11	M+H+NH4
120.01818980555936	1	22751.141335654964	1266.658590980617	1010	11	M+ACN+2H
121.01848175037819	1	4698.116548262881	1266.0526219393118	1011	11	M+ACN+2H
121.020420378278	1	100.19963883289074	1263.5368595321097	1012	11	M+ACN+2H
121.02171387876577	1	57.93694243888124	1265.987737611406	1013	11	M+ACN+2H
120.52065470682213	1	18.68515759048246	1265.3996814771165	1014	11	M+ACN+2H
121.51687309790394	1	33.65922188873151	1265.1692384442754	1017	11	M+ACN+2H
121.52025403780448	1	353.88825154599306	1269.2426391425279	1018	11	M+ACN+2H
141.53386918763687	1	84.87991015456633	1267.2162979996142	1022	11	M+2ACN+2H
141.5350262472594	1	95.34960591876032	1259.932131417308	1024	11	M+2ACN+2H
141.03327550359586	1	2436.5973030339883	1266.6218364132344	1025	11	M+2ACN+2H
141.03004330922275	1	320.10645956874146	1269.755223964139	1026	11	M+2ACN+2H
142.03014266000784	1	46.78344039874473	1262.2548544975496	1027	11	M+2ACN+2H
142.03344285860533	1	388.69812903787044	1263.8721780504452	1028	11	M+2ACN+2H
198.00261800358948	1	26115.287653212665	1266.7538602391937	1030	11	M+H
200.00271331385406	1	4320.396753257174	1265.816116126392	1031	11	M+H
202.0069586892352	1	18.86110123085338	1263.967635564049	1033	11	M+H
199.00590413364094	1	1686.8819531432014	1261.4321814026002	1035	11	M+H
198.99994051252796	1	88.90308367935349	1265.4156248136578	1036	11	M+H
200.00948340444407	1	32.5735716255445	1271.2220782185013	1037	11	M+H
199.00904289448974	1	37.08389731478307	1267.3921802040668	1039	11	M+H
215.02975949345415	1	32777.09809331578	1261.7010048316088	1040	11	M+NH4
217.02916718740434	1	5018.871620699582	1264.0460941176561	1041	11	M+NH4
217.0332761344161	1	126.25810576433385	1270.2270686068862	1042	11	M+NH4
217.035956191677	1	34.024823911905095	1267.1434992964344	1043	11	M+NH4
216.03330540404693	1	20.379746833260977	1264.4050269099964	1044	11	M+NH4
216.032684262102	1	1499.9995728160447	1266.9426218340677	1045	11	M+NH4
216.02661540434298	1	187.3280373562156	1267.3401696820715	1046	11	M+NH4
218.02681835181573	1	32.41149654015528	1262.792622724749	1047	11	M+NH4
218.03332248447092	1	326.8047702934453	1267.0735709390626	1048	11	M+NH4
219.9846649868958	1	24338.768102664366	1264.3486349782286	1050	11	M+Na
221.984394769918	1	4734.351340600468	1266.5002354535764	1051	11	M+Na
223.98917575160456	1	21.684054028671987	1263.9616444929088	1053	11	M+Na
220.98883389808947	1	20.449914686133617	1264.6545752585937	1054	11	M+Na
220.98833109999595	1	1274.7818426668234	1265.6336435959438	1055	11	M+Na
221.9912468944778	1	29.723566340647203	1264.8926329881622	1057	11	M+Na
222.98802416675213	1	242.26626671641776	1268.1690988939101	1058	11	M+Na
220.99099478316862	1	31.72205118727665	1267.9703239903283	1059	11	M+Na
232.02870918266552	1	4981.890618724984	1268.8052281474595	1061	11	M+CH3OH+H
232.03313419547013	1	163.43420069303713	1263.8993605355977	1062	11	M+CH3OH+H
234.03343722808674	1	27.275743353675114	1267.399187888382	1063	11	M+CH3OH+H
231.0331215920717	1	28.349376319918655	1267.910995847163	1064	11	M+CH3OH+H
231.03214865272446	1	1711.6808556062913	1266.0337945229005	1065	11	M+CH3OH+H
231.02591207726584	1	95.28981949135502	1266.2346150044398	1066	11	M+CH3OH+H
232.0352983522627	1	45.05394490959504	1264.691568642325	1067	11	M+CH3OH+H
233.0321556895737	1	259.5574334790395	1266.2883630639024	1068	11	M+CH3OH+H
239.0296312745784	1	27151.45086743581	1265.0651137027473	1070	11	M+ACN+H
241.02912337958358	1	4754.654973883005	1266.1017136884016	1071	11	M+ACN+H
241.03383959386989	1	96.4345341430547	1265.2940283464652	1072	11	M+ACN+H
241.03593225591158	1	65.48189407324604	1263.6947513228276	1073	11	M+ACN+H
240.0263654688795	1	219.0155681154017	1264.3789445359846	1076	11	M+ACN+H
75.53275099573504	1	106798.57378266548	1174.9503107471858	1080	12	M+2H
76.53061628558814	1	4520.079892001471	1171.9679272154874	1081	12	M+2H
76.03246259390973	1	742.921623509373	1171.619558616993	1082	12	M+2H
76.53484821501173	1	482.68990583647343	1170.4717415546315	1084	12	M+2H
77.03235750774515	1	259.12029269440336	1172.963460792596	1085	12	M+2H
76.03454651349765	1	5810.310463274014	1174.3616856551776	1086	12	M+2H
76.03598240341995	1	165.65541112770933	1170.2139036667484	1088	12	M+2H
76.03134096207363	1	426.00804928319496	1168.9453482325193	1089	12	M+2H
85.04826447279335	1	456.08752000438636	1170.9337161666556	1094	12	M+H+NH4
84.5476888933446	1	5468.4277584126785	1172.854354154267	1095	12	M+H+NH4
85.04930750488732	1	138.42679673125915	1171.1915743237053	1096	12	M+H+NH4
84.54812263645083	1	72.88610772278572	1169.9154591283295	1097	12	M+H+NH4
84.5491879281157	1	193.59639765954498	1168.614307989538	1098	12	M+H+NH4
97.04402287656582	1	4825.381871807845	1174.5868490565076	1101	12	M+ACN+2H
97.5457302169874	1	315.2392502677918	1172.0368009974381	1103	12	M+ACN+2H
97.04835965481195	1	349.3982023986581	1170.9609837157238	1104	12	M+ACN+2H
97.04931877334795	1	222.92496065374795	1167.2184115066634	1106	12	M+ACN+2H
96.54810084392913	1	65.88674809701595	1171.1026811546242	1107	12	M+ACN+2H
96.54928800677469	1	168.2739022726971	1173.0051372320077	1108	12	M+ACN+2H
96.54444121638437	1	831.2520575185249	1172.8382701361918	1109	12	M+ACN+2H
116.55945260469096	1	101934.35657376084	1170.1348976806305	1110	12	M+2ACN+2H
118.05913719891781	1	406.61639388056045	1174.383558988968	1113	12	M+2ACN+2H
117.56154549716307	1	412.6869305448984	1173.349796039358	1114	12	M+2ACN+2H
117.06099786130723	1	10696.129971901302	1170.968996597948	1115	12	M+2ACN+2H
117.56265037774646	1	453.57629545426505	1172.6527540468123	1116	12	M+2ACN+2H
117.55962247572957	1	83.76993159690541	1170.5009120262225	1117	12	M+2ACN+2H
152.05391643759916	1	4658.275169326368	1171.8568828773875	1121	12	M+H
151.0578266864883	1	910.5542802838145	1170.8766356150393	1122	12	M+H
152.06526001980035	1	123.03161883320034	1171.3172125289655	1123	12	M+H
152.06251762893808	1	489.6271870876388	1175.3389040259758	1124	12	M+H
151.0617474698625	1	5689.86420249283	1168.3443435854058	1126	12	M+H
151.06282536865658	1	77.97317478602062	1175.2936151618908	1127	12	M+H
151.06465355262614	1	156.55615844749542	1171.7782433740642	1128	12	M+H
151.05549095382432	1	431.19647096970135	1173.225810438621	1129	12	M+H
169.08053418933565	1	4153.604041809696	1168.1416228893208	1131	12	M+NH4
168.08393246740536	1	923.1131361929545	1170.2596971300086	1132	12	M+NH4
170.08383274196282	1	253.80421799536504	1169.6981631104643	1133	12	M+NH4
169.08941853161352	1	411.27973570615524	1172.1906963416554	1134	12	M+NH4
168.08793119949786	1	4904.507812901028	1170.5259691962303	1135	12	M+NH4
168.08915073229613	1	83.26990359162168	1170.9302903645394	1137	12	M+NH4
168.09115486677462	1	175.04871935501006	1169.9886769879529	1138	12	M+NH4
168.08188337383748	1	905.1488131718916	1171.546611020477	1139	12	M+NH4
172.04034197366389	1	139735.68094925457	1170.0915826695023	1140	12	M+Na
174.03627060287076	1	5008.515896671646	1170.280133076655	1141	12	M+Na
173.039496398098	1	964.654830536633	1170.8986317761332	1142	12	M+Na
174.04710102377183	1	150.99477016072657	1169.2638435069427	1143	12	M+Na
174.04437649456767	1	385.188424260324	1168.114536037495	1144	12	M+Na
175.0394912509646	1	244.6017993333782	1168.8051418885625	1145	12	M+Na
173.04330724200585	1	6081.381266057521	1170.4132818242497	1146	12	M+Na
173.0444628356862	1	80.10306344910647	1170.5035713985528	1147	12	M+Na
173.0465693117613	1	125.70003846206882	1172.6550239057433	1148	12	M+Na
173.0372255274776	1	317.7480475931187	1168.3788411441235	1149	12	M+Na
182.08473537972392	1	101053.48939798378	1174.1022136736153	1150	12	M+CH3OH+H
184.0802216107722	1	4592.174284909439	1167.6200419767133	1151	12	M+CH3OH+H
183.08393451470388	1	815.1960216304057	1170.7284642827178	1152	12	M+CH3OH+H
185.08332816688855	1	359.70769902317346	1169.9686826165284	1153	12	M+CH3OH+H
184.0916132301488	1	201.2516142911516	1168.8814914764944	1155	12	M+CH3OH+H
183.08812025649564	1	6480.049717790543	1168.557576884425	1156	12	M+CH3OH+H
183.08859823152898	1	102.33522519979617	1171.4983407102852	1157	12	M+CH3OH+H
183.0911107493359	1	169.23830455143465	1172.2929984582952	1158	12	M+CH3OH+H
193.08063469977716	1	5029.931316956595	1171.3840026311061	1161	12	M+ACN+H
192.08435930927052	1	770.1512445269926	1171.3190576994682	1162	12	M+ACN+H
194.08391007505125	1	335.1780605084812	1174.175109760013	1163	12	M+ACN+H
192.0882996224153	1	7664.341307126476	1173.2778463321536	1165	12	M+ACN+H
193.09162316532263	1	271.8845547735413	1172.2742082940363	1166	12	M+ACN+H
192.08908659015722	1	83.83211201327858	1168.9634802794099	1167	12	M+ACN+H
192.09108768979098	1	136.94773340910152	1173.63569632196	1168	12	M+ACN+H
104.05424302559717	1	2699.54697937065	911.2330991920976	1171	13	M+2H
103.55441784914701	1	445.0560162151607	913.4175611086514	1172	13	M+2H
103.55069195056359	1	3568.0914334628874	913.301469965537	1173	13	M+2H
103.55525628342956	1	1082.6406045275592	913.8046508513376	1176	13	M+2H
103.55402464306063	1	72911.52451443874	914.5042747292586	1178	13	M+2H
104.55631708333917	1	305.03780289796515	907.4332003991543	1179	13	M+2H
111.56558050881297	1	607439.5697316134	912.8731489532183	1180	13	M+H+NH4
112.56764457254798	1	2377.7642271844506	914.798898891357	1181	13	M+H+NH4
112.06750626602032	1	491.9543035694699	910.8927537491444	1182	13	M+H+NH4
112.06413354883061	1	6044.007204848155	913.2464680482507	1183	13	M+H+NH4
112.57026723350572	1	157.63442116656086	911.9234283050827	1184	13	M+H+NH4
112.56583614905128	1	821.8825189966232	916.6384969935101	1185	13	M+H+NH4
112.06871366324127	1	1081.866013700356	915.9971385970352	1186	13	M+H+NH4
112.06723505890876	1	73964.16293197544	912.3816320379814	1188	13	M+H+NH4
113.0691740649489	1	271.34244271993805	909.82193383926	1189	13	M+H+NH4
123.56536521810136	1	593445.2772566755	913.5616442941046	1190	13	M+ACN+2H
124.56754193057527	1	2387.2804295259975	914.2552723800949	1191	13	M+ACN+2H
124.56897158523374	1	4765.59551224877	912.6556962447373	1197	13	M+ACN+2H
124.06724713107069	1	92855.80921361393	915.4554213042703	1198	13	M+ACN+2H
125.06916926388672	1	348.5142608255742	913.0544192133414	1199	13	M+ACN+2H
144.07864790237758	1	642263.5454356606	914.0651527701752	1200	13	M+2ACN+2H
145.07895866035005	1	1168.1727054260125	912.270003013994	1204	13	M+2ACN+2H
145.58396760658474	1	354.68393986388276	912.8800566311704	1205	13	M+2ACN+2H
144.58193070563794	1	1356.433081086809	912.7367254554024	1206	13	M+2ACN+2H
144.57999010162047	1	88846.11484200362	913.8883079398871	1208	13	M+2ACN+2H
145.58229611781388	1	409.23862051103964	914.4948181031106	1209	13	M+2ACN+2H
205.09719245608161	1	578509.8432454043	911.1956196541576	1210	13	M+H
207.0975566033683	1	530.3873434510745	914.3782105189379	1215	13	M+H
206.10344753008889	1	956.3862220239816	912.9185765754206	1216	13	M+H
207.103897932438	1	4461.146886801553	912.7288090437144	1219	13	M+H
222.12393741625365	1	685173.2597833672	912.5106498358541	1220	13	M+NH4
224.1274494551344	1	2414.688343097201	909.6633866038181	1221	13	M+NH4
224.1334457165331	1	134.65110776053268	912.7820936643549	1224	13	M+NH4
223.12998687785793	1	1217.1810625942023	910.7569537166496	1226	13	M+NH4
224.13041050614112	1	4135.120629826986	912.9421440294011	1227	13	M+NH4
223.12680200903026	1	81645.15527014196	911.2506806267705	1228	13	M+NH4
225.1312632882875	1	283.6297075504068	914.1887354185313	1229	13	M+NH4
227.07919704418688	1	696026.2518778425	912.04494227061	1230	13	M+Na
228.07638239044417	1	4472.875018438519	915.2634505265704	1233	13	M+Na
230.08916343927845	1	117.2021939567867	912.1929857962527	1234	13	M+Na
228.0857590338686	1	677.468240737217	915.3309283731793	1236	13	M+Na
230.0869219674511	1	288.6109221413524	912.6291476028092	1238	13	M+Na
229.08558694481553	1	3987.079646378116	910.569113428861	1239	13	M+Na
237.12290668710847	1	683031.5622333625	911.8972066633203	1240	13	M+CH3OH+H
240.13091577017323	1	462.34527429864954	914.3966726453526	1243	13	M+CH3OH+H
238.12046912638883	1	4741.459928970593	915.6663875331293	1244	13	M+CH3OH+H
239.1296483995705	1	5327.51095018148	907.9178162136983	1246	13	M+CH3OH+H
239.12372828938624	1	590.2255623513939	912.5966783532303	1249	13	M+CH3OH+H
246.12344972093922	1	627906.8776371331	911.8385441077287	1250	13	M+ACN+H
248.12801125942065	1	2328.1584243678053	910.1155658374403	1251	13	M+ACN+H
247.12791101421715	1	443.3355921762242	913.3829114702949	1252	13	M+ACN+H
247.12078628186705	1	7053.239921992757	915.2553204255244	1253	13	M+ACN+H
248.12436843128512	1	1034.9171318608544	915.940954726648	1255	13	M+ACN+H
247.13041899660914	1	1135.3910909756864	910.9833807573392	1256	13	M+ACN+H
248.13049340994752	1	6584.184570936304	909.8561405208121	1257	13	M+ACN+H
247.12684407136234	1	96689.34465474437	916.1554782996307	1258	13	M+ACN+H
249.1313570471325	1	361.2081515638488	916.7936134592568	1259	13	M+ACN+H
76.538952664031	1	77964.67033468377	1053.3429272558835	1260	14	M+2H
77.04100065677935	1	45.29759730000325	1050.4578790579008	1262	14	M+2H
77.04072270823613	1	6008.981121640728	1049.1337206862913	1266	14	M+2H
77.5391241738959	1	20.008751944681347	1050.9572554918984	1269	14	M+2H
85.05221842376208	1	77469.45594521982	1051.9015605767033	1270	14	M+H+NH4
85.55418297348825	1	53.27666347335572	1051.921860773989	1272	14	M+H+NH4
86.05705687872081	1	8.804879210774395	1052.515033522663	1274	14	M+H+NH4
86.05236091751085	1	40.928663361017236	1052.386859153294	1275	14	M+H+NH4
85.55551366399018	1	120.19107729481274	1050.371156912909	1276	14	M+H+NH4
86.05547565064239	1	208.16518839990613	1053.142608494541	1277	14	M+H+NH4
85.55384963101693	1	6802.702850336634	1050.8332681665345	1278	14	M+H+NH4
86.55598231834276	1	19.78620026763631	1049.9229865378063	1279	14	M+H+NH4
97.55076874297322	1	473.8228577229689	1050.086348911265	1283	14	M+ACN+2H
98.05705753193531	1	12.870579769197581	1050.887535866295	1284	14	M+ACN+2H
98.05561959991523	1	391.50220177725635	1052.4754324209118	1287	14	M+ACN+2H
97.55388852679528	1	7929.375811747242	1050.9903224556367	1288	14	M+ACN+2H
98.55598155618793	1	29.474478970919126	1049.0085999233934	1289	14	M+ACN+2H
117.56535403315921	1	62422.30329311564	1049.8513643559993	1290	14	M+2ACN+2H
118.06773172798243	1	48.83487932929183	1052.9517691060296	1292	14	M+2ACN+2H
118.06416427881136	1	884.1915574180643	1052.440041367015	1293	14	M+2ACN+2H
119.07057940241128	1	19.338759607741704	1050.5034970330448	1294	14	M+2ACN+2H
118.56551282381228	1	98.55932189811804	1050.3525605788457	1295	14	M+2ACN+2H
118.06862216742402	1	113.54100269725048	1054.6237414135776	1296	14	M+2ACN+2H
118.56861301475769	1	469.73661029840326	1052.6880195085364	1297	14	M+2ACN+2H
118.06699281666589	1	8183.515432246106	1052.6212777428611	1298	14	M+2ACN+2H
152.07061502324547	1	79240.96951104769	1051.9567553922755	1300	14	M+H
154.07495967664568	1	232.8076587172292	1053.3521787990614	1301	14	M+H
154.08030497206565	1	8.180588480177631	1045.735311695743	1304	14	M+H
153.076747219404	1	79.7615949154614	1049.7325848288453	1305	14	M+H
153.07384781162148	1	6476.58421901242	1048.4499510630576	1306	14	M+H
155.07821294572932	1	23.699053077121107	1051.5011444791933	1307	14	M+H
154.07708646805074	1	212.37406926018224	1050.773124338754	1308	14	M+H
154.07073511779404	1	20.564269064550047	1050.3948992369142	1309	14	M+H
170.10132061862694	1	48.91290486014228	1050.7887776875523	1312	14	M+NH4
170.09399662584494	1	495.07392658872783	1049.6646132045748	1313	14	M+NH4
171.09742237438425	1	47.48222480441331	1052.806731682035	1315	14	M+NH4
170.103539313256	1	109.60114598503017	1050.4534506007026	1316	14	M+NH4
170.1006766522124	1	5943.700505649549	1051.9744494063204	1317	14	M+NH4
172.1049283529314	1	25.166542713030765	1050.0592132799006	1318	14	M+NH4
171.10388094911147	1	249.2768266363303	1054.341560987014	1319	14	M+NH4
174.05220268788906	1	72808.18492283484	1048.193301973039	1320	14	M+Na
176.0569761322117	1	311.6756479789528	1048.8651807259134	1321	14	M+Na
175.05680225503144	1	60.31797906812776	1049.6222869457094	1322	14	M+Na
175.0497990175131	1	247.37625822890084	1050.0909527701003	1323	14	M+Na
176.0622564020526	1	6.340289930788169	1051.5584058181603	1324	14	M+Na
175.05875478667997	1	91.49541493602138	1052.8244801782962	1325	14	M+Na
175.05606916269045	1	6180.000417831428	1053.2819831152326	1326	14	M+Na
176.05273629916326	1	21.80032253772959	1048.6901366916632	1329	14	M+Na
184.09693904142867	1	80520.34345230764	1049.7037395800867	1330	14	M+CH3OH+H
186.10125243131998	1	326.6535912038774	1054.0067318749473	1331	14	M+CH3OH+H
186.09713822282646	1	26.371112829905055	1051.3866812579397	1333	14	M+CH3OH+H
185.09363372550152	1	246.79306669476992	1051.500839348334	1334	14	M+CH3OH+H
187.10438976784698	1	38.0349391509487	1052.823398260887	1338	14	M+CH3OH+H
186.10330240822924	1	254.2631360973402	1048.2786232891208	1339	14	M+CH3OH+H
193.0969590838924	1	71558.49128477654	1051.1328444778935	1340	14	M+ACN+H
195.1014146277398	1	275.78335230516984	1051.2869749072638	1341	14	M+ACN+H
194.0939636044614	1	424.10174725596755	1054.17586546946	1343	14	M+ACN+H
195.09743558444768	1	59.90985201485952	1050.573649320267	1345	14	M+ACN+H
194.10332462783032	1	101.38988544352927	1051.624275952864	1346	14	M+ACN+H
194.10041551184113	1	6361.219790049879	1048.5140092754698	1347	14	M+ACN+H
195.10350030715918	1	310.45569632510336	1052.0716443474043	1349	14	M+ACN+H
84.54880572021861	1	1581.724562134598	1433.9732457551963	1351	15	M+2H
84.04881488192339	1	256.6518473038495	1431.136158642008	1352	15	M+2H
84.55151764534274	1	47.15305898493168	1434.2271289038079	1354	15	M+2H
84.04991125399073	1	469.57758569017363	1434.2109695504444	1355	15	M+2H
85.05051825082614	1	141.4430506274652	1430.2641883945385	1357	15	M+2H
84.54687434356282	1	141.7436567298186	1430.82785708754	1359	15	M+2H
92.06010157606823	1	300403.09688943013	1432.1136962525563	1360	15	M+H+NH4
93.06191243277598	1	1472.4409634077292	1429.0906989450075	1361	15	M+H+NH4
92.5622550628333	1	273.07951345391325	1428.8128532183764	1362	15	M+H+NH4
93.06483681856525	1	69.93726852083759	1431.4546751815822	1364	15	M+H+NH4
93.06018412860803	1	215.33837953338465	1429.3018034968277	1365	15	M+H+NH4
93.06342966924751	1	1361.2532467730614	1430.2381141663288	1367	15	M+H+NH4
92.56164476632138	1	33744.52125392447	1430.6213064717135	1368	15	M+H+NH4
93.56374943095136	1	126.39694284882596	1429.0576956214954	1369	15	M+H+NH4
105.06221393095846	1	1219.8716270261618	1429.1464213890395	1371	15	M+ACN+2H
104.56210019684512	1	236.2858437997126	1428.4255693325229	1372	15	M+ACN+2H
104.55862883322847	1	2224.2837940916447	1431.7154268479655	1373	15	M+ACN+2H
105.06475969363558	1	68.96445023503892	1431.5620795914238	1374	15	M+ACN+2H
105.060461412753	1	280.6427634896728	1434.0851885841523	1375	15	M+ACN+2H
104.56310857170513	1	601.8804437257998	1429.6068146399734	1376	15	M+ACN+2H
104.56182619917789	1	36198.83858509002	1430.9901304711016	1378	15	M+ACN+2H
105.56374241653454	1	153.36767370496366	1431.940111738227	1379	15	M+ACN+2H
124.57343620658285	1	317053.41320473544	1431.8470415817042	1380	15	M+2ACN+2H
125.57539688588622	1	1274.8560846648083	1430.6353264325583	1381	15	M+2ACN+2H
125.07165935941234	1	3559.699046352157	1433.646353804802	1383	15	M+2ACN+2H
125.57345059739315	1	602.6126850268888	1436.2519865254103	1385	15	M+2ACN+2H
125.07637125446364	1	605.312906425677	1431.2717626043736	1386	15	M+2ACN+2H
125.0748930401679	1	43165.91585900409	1432.4558877014167	1388	15	M+2ACN+2H
126.07727778998994	1	226.84567137582133	1434.1791944693096	1389	15	M+2ACN+2H
166.08645555216657	1	368121.7507647912	1431.158774947535	1390	15	M+H
168.0903140465996	1	1513.7546694799878	1432.893101159614	1391	15	M+H
167.0903758525906	1	206.8959138829001	1429.5845431706136	1392	15	M+H
167.0831329674812	1	1177.4448566259296	1432.1002622040814	1393	15	M+H
167.09239153951268	1	447.3637226455615	1432.7959968855696	1395	15	M+H
167.08937374332663	1	37000.93177533063	1428.6160718278236	1396	15	M+H
168.09288367336708	1	1344.80591390618	1430.350130585648	1398	15	M+H
168.08669900601456	1	100.38896621195572	1432.1634899385256	1399	15	M+H
183.11279065387	1	326414.1873393685	1431.4038923370977	1400	15	M+NH4
185.11677238016412	1	1421.1618437107647	1430.8169536069377	1401	15	M+NH4
184.11735443641865	1	262.0931486756708	1432.883926995671	1402	15	M+NH4
184.10954233273927	1	2379.159916739884	1430.7384700182656	1403	15	M+NH4
185.12229309670823	1	58.46639347643242	1432.184237374418	1404	15	M+NH4
185.11314118912506	1	218.76904892127095	1436.037018313291	1405	15	M+NH4
184.11925199171503	1	518.0611766982543	1432.701716888993	1406	15	M+NH4
185.11948084255857	1	1231.9858203885956	1432.7536270573837	1407	15	M+NH4
186.12041141416086	1	142.91958809021727	1429.574229501339	1409	15	M+NH4
188.06806626832108	1	383955.9348842796	1431.3145889264645	1410	15	M+Na
190.0724107301478	1	1390.193807452074	1432.1584874910193	1411	15	M+Na
189.06536551111873	1	1084.690740443537	1432.0487878685285	1413	15	M+Na
190.07763670159295	1	41.14780791426777	1427.2805903545718	1414	15	M+Na
189.0744984231378	1	470.50335565948563	1428.7855734852105	1415	15	M+Na
189.07185302691272	1	33956.22623020509	1432.0242776680764	1416	15	M+Na
191.0757394385284	1	143.11414601802667	1433.0063498588404	1417	15	M+Na
190.07506391897724	1	1294.9308827085304	1431.731227198006	1418	15	M+Na
190.06842799361974	1	114.81784094763017	1433.1402219783595	1419	15	M+Na
198.11267377470554	1	314818.68632002384	1432.7990837918376	1420	15	M+CH3OH+H
200.1168951767479	1	2060.0288953705794	1432.1605746182147	1421	15	M+CH3OH+H
199.11675170389708	1	311.1094716242232	1431.2879933458007	1422	15	M+CH3OH+H
199.1092177799459	1	1252.523375040699	1432.838430528429	1424	15	M+CH3OH+H
200.1219053549334	1	63.387693316418776	1433.2263920361054	1425	15	M+CH3OH+H
199.11889780476275	1	556.6163801284529	1429.9140629457395	1426	15	M+CH3OH+H
200.11939771688583	1	1696.596538947012	1433.2291116483752	1427	15	M+CH3OH+H
199.11564086993815	1	41769.646753019835	1430.2267643140603	1428	15	M+CH3OH+H
201.11997951345367	1	216.63806848037518	1431.9778606663845	1429	15	M+CH3OH+H
207.11258468869448	1	390225.443409185	1431.875780542975	1430	15	M+ACN+H
209.11705698722793	1	1193.702405414869	1429.5332253546355	1431	15	M+ACN+H
208.10964471607323	1	2340.7750058274028	1428.2235266926866	1433	15	M+ACN+H
209.11326888480355	1	243.35697514075864	1431.3016484903478	1435	15	M+ACN+H
208.1188765357545	1	523.4995234707363	1431.249782971123	1436	15	M+ACN+H
209.11982355748046	1	2053.7511371451747	1431.550899846207	1437	15	M+ACN+H
208.11612917385742	1	40347.86642552066	1431.6241129410462	1438	15	M+ACN+H
67.55674002011214	1	410.6437579547061	919.7245126280546	1441	16	M+2H
67.05663696127891	1	87.09069810832199	917.1713297587773	1442	16	M+2H
67.55934870994781	1	13.611941640793422	918.853325008387	1444	16	M+2H
67.05771401984391	1	182.09649653819443	923.5201600595476	1445	16	M+2H
68.05831584036902	1	30.51651463785227	917.6181922623947	1447	16	M+2H
67.55799851939595	1	183.23085038589574	917.8748917480783	1448	16	M+2H
67.55465844648832	1	26.023720435297303	915.0955851700761	1449	16	M+2H
75.06779823158914	1	105145.60025280592	917.2338736499524	1450	16	M+H+NH4
75.57003896699038	1	79.63241931052696	918.3895486190431	1452	16	M+H+NH4
75.56640056533799	1	718.4570473423255	919.6641784034363	1453	16	M+H+NH4
76.07133149516986	1	195.24125677016687	917.3998401272279	1455	16	M+H+NH4
76.06807142112307	1	56.55759289299134	917.8742223561472	1457	16	M+H+NH4
75.56952040736753	1	7366.868395785589	914.6136304839999	1458	16	M+H+NH4
87.06791492933571	1	120716.06912864855	921.9374116421038	1460	16	M+ACN+2H
88.06996683315833	1	477.3774742241387	918.4223828110222	1461	16	M+ACN+2H
87.57007387546774	1	78.7447137502648	917.3328305144978	1462	16	M+ACN+2H
87.56636322842212	1	919.5952251196395	918.6970550109623	1463	16	M+ACN+2H
88.07257038161886	1	17.744949445075495	916.4567275221768	1464	16	M+ACN+2H
88.07110121932995	1	350.3519984217794	920.8648749137259	1465	16	M+ACN+2H
87.56955769290752	1	10262.89203337575	918.7465326733274	1468	16	M+ACN+2H
88.57150262117601	1	38.90005941409215	916.0327672699665	1469	16	M+ACN+2H
108.08435746382871	1	250.89070329185785	918.3526664693381	1476	16	M+2ACN+2H
108.08273060943198	1	11003.387499773928	914.3292874606735	1478	16	M+2ACN+2H
109.08483608686699	1	43.25213440604045	917.2814724968356	1479	16	M+2ACN+2H
132.10189210803864	1	117734.94228299947	920.3484441028864	1480	16	M+H
134.10580137114036	1	424.91692671580853	918.7214369828404	1481	16	M+H
133.0990362881888	1	488.62678324405266	919.5336974517795	1483	16	M+H
134.1115568051389	1	13.594625766287066	918.0409703711225	1484	16	M+H
133.1083650976297	1	203.9002268017116	920.0800632132809	1485	16	M+H
133.1052345932716	1	8083.534171842303	919.4395900230354	1486	16	M+H
134.10862454521802	1	171.6005891138257	921.3537178074373	1488	16	M+H
134.1023735300212	1	26.080856733574972	919.8498503867514	1489	16	M+H
149.1286114723343	1	100458.63937225408	919.4054109069042	1490	16	M+NH4
150.13263230801596	1	77.11309111574928	913.855542697883	1492	16	M+NH4
150.12542673246966	1	795.9210230411038	917.530629813562	1493	16	M+NH4
151.12881611835957	1	49.37508409499763	921.4202899010965	1497	16	M+NH4
150.13176476764016	1	9740.8813629101	918.5951676981741	1498	16	M+NH4
152.1359405546925	1	33.20674492358359	915.3946313038462	1499	16	M+NH4
154.0839163491152	1	108069.15156373142	921.5363692451518	1500	16	M+Na
156.08819137751638	1	514.819688460232	915.1007136215151	1501	16	M+Na
155.0883297599145	1	71.54280467192251	918.5072817398568	1502	16	M+Na
155.08695244947924	1	7819.959313741335	916.2761217265572	1506	16	M+Na
157.09147609334522	1	28.891663726917155	916.3416611743602	1507	16	M+Na
156.08430243729825	1	27.662453925280314	917.3520608499098	1509	16	M+Na
164.12831733647033	1	120647.05601818433	916.0120150555472	1510	16	M+CH3OH+H
166.13241083734135	1	863.460606219077	915.4193531762612	1511	16	M+CH3OH+H
166.1346754608879	1	232.73904090000966	917.3140301846114	1513	16	M+CH3OH+H
166.13768546897433	1	16.315646590738055	921.1878466490664	1515	16	M+CH3OH+H
166.12850034478723	1	32.88129218101562	917.377349633548	1517	16	M+CH3OH+H
165.13153311061913	1	9051.08250744793	919.2037966426435	1518	16	M+CH3OH+H
167.13546574863537	1	49.25299699891801	916.1030731423617	1519	16	M+CH3OH+H
173.1287637293041	1	120460.34906278191	917.0955846531816	1520	16	M+ACN+H
174.13272818005464	1	77.07771385851342	917.4947634715531	1522	16	M+ACN+H
174.1254249290224	1	810.0385787723775	920.2077040312904	1523	16	M+ACN+H
175.13819977201376	1	19.22442028212489	919.1188858314911	1524	16	M+ACN+H
175.12875333813955	1	68.26860035059897	917.6341243223575	1527	16	M+ACN+H
174.13225567720164	1	9708.75405721925	914.5334186410291	1528	16	M+ACN+H
176.13598259317484	1	40.209964356363734	917.2928144033889	1529	16	M+ACN+H
189.07670670334645	1	87982.21918577186	985.475440617923	1530	17	M+2H
190.07854827845833	1	914.5308300837521	984.3181184372813	1531	17	M+2H
189.57838056253507	1	160.75987462358353	988.6228189140703	1532	17	M+2H
190.07977948055975	1	1227.296587262209	984.0957853688062	1533	17	M+2H
190.57980168962283	1	181.05346663317943	984.4092395168868	1534	17	M+2H
189.57470638024535	1	955.0510344079197	984.7229746489555	1535	17	M+2H
190.5811459797303	1	61.43465433412626	984.853787609665	1536	17	M+2H
189.57804204951202	1	13343.349960115822	986.6452185591658	1537	17	M+2H
189.57946506275235	1	185.50091104357088	982.4431325922644	1539	17	M+2H
197.58996057747734	1	71245.86576070402	983.775997716581	1540	17	M+H+NH4
198.09205791930066	1	204.83723287678308	982.9063059990581	1542	17	M+H+NH4
198.59303469412026	1	1222.7105404796046	985.9249585973	1543	17	M+H+NH4
198.08822571176376	1	1461.9868780278928	982.3491652218906	1545	17	M+H+NH4
199.09494612709014	1	63.205181106771775	984.5703006474473	1546	17	M+H+NH4
198.09158217244934	1	11388.759018054225	984.2334577219824	1547	17	M+H+NH4
198.5901902462297	1	236.76643552016318	982.8479916163043	1548	17	M+H+NH4
198.09273630895163	1	209.46742051296206	982.6290036271268	1549	17	M+H+NH4
209.58977599263196	1	67064.25573795475	983.5020311561934	1550	17	M+ACN+2H
210.59209902877518	1	901.9808140187331	987.0107386630475	1551	17	M+ACN+2H
210.09149771203175	1	168.12847095528065	979.8783815337117	1552	17	M+ACN+2H
211.09351987103568	1	204.17391527803667	982.9255656755289	1554	17	M+ACN+2H
210.0881567988997	1	1482.779210477764	979.3162063382462	1555	17	M+ACN+2H
211.09444229191388	1	84.6871354153511	981.640877518939	1556	17	M+ACN+2H
210.09132163090877	1	14315.119924915845	983.5672007690932	1557	17	M+ACN+2H
210.58988396445358	1	240.66695511989047	983.9730500824459	1558	17	M+ACN+2H
230.10313516875289	1	73986.45101458838	986.1817193959288	1560	17	M+2ACN+2H
231.10512813854004	1	946.2340626523101	985.6645763904178	1561	17	M+2ACN+2H
230.60525191121076	1	161.8154657863051	982.1049769463059	1562	17	M+2ACN+2H
231.60687494333945	1	200.11340609546474	982.0661880159669	1563	17	M+2ACN+2H
230.60160540978322	1	1759.5772480183437	983.9278914915784	1565	17	M+2ACN+2H
231.60770127104425	1	127.66092495409151	983.6319352109364	1566	17	M+2ACN+2H
231.10322495895355	1	358.1107390929055	982.7241146594391	1568	17	M+2ACN+2H
230.60577791731885	1	220.90715585914913	980.9938148322562	1569	17	M+2ACN+2H
378.1496834346745	1	182.95170103394025	984.5567741878162	1572	17	M+H
379.152674350761	1	1211.5204457635068	985.497097181456	1573	17	M+H
380.155715745472	1	56.5233291505976	985.0053723310099	1576	17	M+H
378.1490480134384	1	13926.5197718544	982.4794970638369	1577	17	M+H
378.1513683948219	1	186.23888221042182	984.7985358777313	1579	17	M+H
394.1726236991065	1	65794.37747884986	987.6265306723731	1580	17	M+NH4
396.1756907189673	1	848.1704356891922	981.8711892102415	1581	17	M+NH4
395.1759978211964	1	168.30809996387387	986.0450491591512	1582	17	M+NH4
397.1795910874367	1	177.04017481963817	985.3162737398992	1584	17	M+NH4
395.16949990582145	1	1412.0155996761762	988.4509510667395	1585	17	M+NH4
397.18124507738014	1	68.74190811781013	984.6592252738429	1586	17	M+NH4
396.17270835133036	1	285.49769642632737	982.874185028826	1588	17	M+NH4
399.12744371119175	1	76899.55160876247	984.5786542301464	1590	17	M+Na
401.13117275202154	1	940.4860050115046	982.6736568527741	1591	17	M+Na
400.1318767042909	1	207.71170346429406	985.4970458991892	1592	17	M+Na
401.1337625315521	1	1150.4507068473558	987.9316364456223	1593	17	M+Na
402.1352863533694	1	157.74220017900748	984.7837387034293	1594	17	M+Na
400.12457486834666	1	1128.117129493543	985.8625263032166	1595	17	M+Na
402.1375428052544	1	60.49017557438117	983.1084577510604	1596	17	M+Na
400.1310477803191	1	13238.35476345898	986.1910512788929	1597	17	M+Na
409.17132833602574	1	76860.24824914019	985.662435041985	1600	17	M+CH3OH+H
410.1759132449324	1	214.85323654702032	981.0973848587631	1602	17	M+CH3OH+H
411.17232400055315	1	216.44619044212396	981.8750470527659	1603	17	M+CH3OH+H
410.175105935793	1	12881.621089359644	980.4549394378575	1604	17	M+CH3OH+H
410.1690793988606	1	1005.9004708039499	981.5271619449704	1605	17	M+CH3OH+H
412.18119541101333	1	77.86187356383941	984.3308848974342	1606	17	M+CH3OH+H
411.1777195063571	1	1326.7375519509947	983.0697515646879	1608	17	M+CH3OH+H
418.1722768551162	1	76343.34771807099	982.3753803712201	1610	17	M+ACN+H
420.1766501303094	1	843.8443769105855	983.3367129512208	1611	17	M+ACN+H
420.1796003132876	1	1462.157065445201	982.106991192174	1613	17	M+ACN+H
421.1828463650623	1	83.37165427841826	985.7496511345288	1616	17	M+ACN+H
419.17575930647837	1	12374.970104690434	985.5530698618918	1617	17	M+ACN+H
62.523325489602286	1	378360.2796380715	1243.4060472442043	1620	18	M+2H
63.525461218693586	1	1308.706671696286	1242.497134610167	1621	18	M+2H
63.025417640612	1	251.94341282701265	1244.4694070707055	1622	18	M+2H
63.02177340188342	1	1124.5766713984879	1245.2222485398202	1623	18	M+2H
63.52812809646146	1	15.182525924634007	1243.2161077154217	1624	18	M+2H
63.02491157142211	1	22554.809030707016	1240.8785314923045	1626	18	M+2H
64.02705931345382	1	96.6143219486766	1242.9266326241564	1627	18	M+2H
63.52659064126766	1	530.159989518944	1243.8872185303394	1628	18	M+2H
63.52350541214291	1	74.14730744254187	1243.151177104626	1629	18	M+2H
72.0386333123879	1	1293.0297824807076	1242.8499993192709	1631	18	M+H+NH4
71.5387864648164	1	218.31176767540688	1247.3032797779822	1632	18	M+H+NH4
71.5350561430208	1	2565.1459538940107	1237.2270574739637	1633	18	M+H+NH4
71.53979655090762	1	358.3067794192977	1241.0403705203335	1636	18	M+H+NH4
72.03988916254326	1	556.9483217295209	1242.5014616598955	1639	18	M+H+NH4
84.03871051615091	1	1289.8000491057992	1246.0597703541412	1641	18	M+ACN+2H
83.53869227550821	1	248.56826845954612	1243.0987013887684	1642	18	M+ACN+2H
83.53504582128843	1	2538.1885384871207	1242.4469858121622	1643	18	M+ACN+2H
84.04129108003748	1	33.56868679972601	1243.6971354752927	1644	18	M+ACN+2H
84.03680638931677	1	163.1383260525254	1244.1262178256757	1645	18	M+ACN+2H
83.53819479800588	1	29487.962922866307	1243.4205665386517	1647	18	M+ACN+2H
84.54028660506262	1	108.85757405500819	1243.846839282327	1648	18	M+ACN+2H
84.03987859366997	1	1010.7152752250864	1241.1816903266667	1649	18	M+ACN+2H
104.05201902464512	1	250.17675155768424	1243.5813176039444	1652	18	M+2ACN+2H
104.04828477932143	1	3170.156902797772	1244.7883623598325	1653	18	M+2ACN+2H
104.55464483973715	1	52.62340296180087	1241.0114985389189	1654	18	M+2ACN+2H
104.54997741305537	1	367.4037417620243	1244.1577624039262	1655	18	M+2ACN+2H
105.05373508548591	1	144.82603555101568	1244.8160996301453	1659	18	M+2ACN+2H
126.04352250311275	1	1196.7765617797193	1244.6327770445032	1661	18	M+H
125.0363474726582	1	1000.2918545290777	1246.4794181231011	1663	18	M+H
126.04591941685604	1	582.4989713669623	1242.5028333041532	1664	18	M+H
125.04577381176914	1	219.96144322775152	1243.504862134049	1665	18	M+H
125.04260331026096	1	21611.472679861414	1243.60961683704	1666	18	M+H
126.04685360757222	1	16.090667939943128	1244.0123657271108	1668	18	M+H
126.0396859379783	1	72.98856644176678	1244.9693850464744	1669	18	M+H
143.06993295196546	1	1233.9840987197172	1246.906408532086	1671	18	M+NH4
142.0702990902085	1	251.89469245014004	1241.2917903377574	1672	18	M+NH4
143.0755250976181	1	20.72928540916332	1247.047786326819	1674	18	M+NH4
143.066327877078	1	137.05442868742398	1243.9997039770296	1675	18	M+NH4
142.07196591612234	1	365.6535887635036	1242.982940802285	1676	18	M+NH4
142.06953249143535	1	22115.743742671697	1240.3107331116385	1677	18	M+NH4
146.02138243056206	1	336378.60899371724	1244.6487797800153	1680	18	M+Na
148.02537817730294	1	1465.8602271627165	1241.827156814272	1681	18	M+Na
147.0257097596488	1	263.98616940222445	1240.9794141065345	1682	18	M+Na
147.01835934565187	1	1230.4506701995244	1242.602658510104	1683	18	M+Na
148.02799273509837	1	516.1480079525381	1244.3868880661703	1684	18	M+Na
147.0274274565482	1	197.2338220284768	1243.1989815372947	1685	18	M+Na
147.02472202921203	1	19113.265536214574	1245.6674078425756	1686	18	M+Na
149.028933064992	1	71.17290768859807	1240.3219420134915	1687	18	M+Na
148.0289271540348	1	18.839561046555424	1243.66057814841	1688	18	M+Na
148.021800184203	1	78.19355261013062	1240.750592989719	1689	18	M+Na
156.06555647329034	1	301997.879365105	1241.4272347999813	1690	18	M+CH3OH+H
158.06595847268397	1	82.60154331787051	1243.399709513864	1693	18	M+CH3OH+H
157.06260746472466	1	1172.2969122233367	1241.738816097109	1694	18	M+CH3OH+H
158.07497195738694	1	25.93973888106576	1241.5000632545539	1695	18	M+CH3OH+H
157.07197614145085	1	390.8443687679925	1244.070845000834	1696	18	M+CH3OH+H
157.06884745055874	1	24058.28509968906	1240.6057177749503	1697	18	M+CH3OH+H
159.073103955645	1	133.41978838318155	1239.7586211450705	1698	18	M+CH3OH+H
165.06571071039767	1	294971.0558261161	1243.690295911372	1700	18	M+ACN+H
167.0699649680088	1	1238.7084555851955	1243.7802137664025	1701	18	M+ACN+H
166.06993934303256	1	253.04888617058776	1241.8939069187256	1702	18	M+ACN+H
166.06282205607442	1	2578.0499904920352	1240.223419768742	1703	18	M+ACN+H
167.0754257382331	1	26.37406994827203	1242.923285638344	1704	18	M+ACN+H
167.0664158081426	1	199.29300202937281	1239.6826289873873	1705	18	M+ACN+H
166.0722084038465	1	262.8658644417403	1238.0276886824363	1706	18	M+ACN+H
167.07242900121688	1	1047.1192205540028	1240.0507135124724	1709	18	M+ACN+H
69.53109863778738	1	176085.60958352458	780.1501820478248	1710	19	M+2H
70.02960344556426	1	612.5275291172373	775.2689559122366	1713	19	M+2H
70.53585428966534	1	13.189224922448556	772.8516367371446	1714	19	M+2H
70.03286898517275	1	13965.431602969451	776.4206446058274	1716	19	M+2H
71.03485889300833	1	52.65080424954687	777.6534105005907	1717	19	M+2H
70.53435570209908	1	421.3354528966205	777.2427069250288	1718	19	M+2H
70.53129101985083	1	41.847533931607934	779.2380140084666	1719	19	M+2H
79.04633633027119	1	695.6156283982946	777.6585922032516	1721	19	M+H+NH4
78.54658700148184	1	113.6887505579422	779.6830877811221	1722	19	M+H+NH4
78.5429424925818	1	1179.1622350399189	776.3340162341444	1723	19	M+H+NH4
79.04904920784753	1	15.563213892604463	780.7315435882902	1724	19	M+H+NH4
79.04465309869958	1	74.18460024448164	775.0388726404867	1725	19	M+H+NH4
78.54760413703214	1	212.54899846580557	775.2015612284839	1726	19	M+H+NH4
79.5483254253316	1	46.38153646887206	775.5846211400681	1728	19	M+H+NH4
79.0477534159976	1	353.01227407486334	778.0130782038308	1729	19	M+H+NH4
90.04430517308953	1	175122.53145607896	775.6781088801865	1730	19	M+ACN+2H
90.5464677811904	1	127.29312636666495	776.9434658105648	1732	19	M+ACN+2H
91.04921523057101	1	19.322893473830472	776.2817485915303	1734	19	M+ACN+2H
91.04456896881855	1	120.75516003775022	778.9252137364726	1735	19	M+ACN+2H
90.54748664605106	1	174.9545940401819	778.2123442602006	1736	19	M+ACN+2H
90.5462771636677	1	15484.584128564804	779.2950500393364	1737	19	M+ACN+2H
91.54830736399238	1	64.00115105258045	781.7480420391275	1738	19	M+ACN+2H
91.0477244312391	1	828.6679741150987	776.5679287691835	1739	19	M+ACN+2H
110.55755579278602	1	125725.48541356792	775.8633033978859	1740	19	M+2ACN+2H
111.05987559462001	1	112.21512497363102	777.8626914465497	1742	19	M+2ACN+2H
111.056290488162	1	2054.7873335389127	778.1378223895244	1743	19	M+2ACN+2H
111.55794338455432	1	223.8194297771513	775.5961047058341	1745	19	M+2ACN+2H
111.06056800430748	1	291.6490016164074	782.8120312454485	1746	19	M+2ACN+2H
111.56111474402138	1	995.8184413963185	779.2439400589949	1747	19	M+2ACN+2H
111.0594604606926	1	19529.833537425802	776.1311096131725	1748	19	M+2ACN+2H
112.06155118372446	1	70.98962227076703	777.7842310724528	1749	19	M+2ACN+2H
138.0549665353743	1	146768.93925008256	776.6977843008826	1750	19	M+H
140.05918200671087	1	664.7251038415056	777.0517416832978	1751	19	M+H
140.06457395255345	1	9.677181231292758	777.7026232107236	1754	19	M+H
139.0613107351578	1	142.48575727781645	777.0300806537218	1755	19	M+H
139.05833726519617	1	10283.499384044595	775.66819972008	1756	19	M+H
140.0615967925188	1	382.14996610223585	778.9021337105545	1758	19	M+H
157.0857597520528	1	732.2365426714904	775.7382362918244	1761	19	M+NH4
157.09096225095652	1	13.477372112061452	778.290312873885	1764	19	M+NH4
156.08498600296056	1	10606.323761425872	778.4465067294751	1767	19	M+NH4
158.08921597790857	1	49.4311421913391	774.5108422864988	1768	19	M+NH4
160.0367363047728	1	152613.4548269917	782.0105069940242	1770	19	M+Na
162.04091908844816	1	697.6287316490318	781.5783806375124	1771	19	M+Na
162.04645712630506	1	8.629636427276138	779.782284099682	1774	19	M+Na
161.04294015382644	1	138.24621618574383	780.5644733774118	1775	19	M+Na
161.0404677373186	1	10570.560373250157	777.7148252526334	1776	19	M+Na
163.04450152260515	1	51.55158176066333	779.6705118050693	1777	19	M+Na
162.03745940477629	1	41.94900163891897	777.7382243096883	1779	19	M+Na
170.08113809323893	1	162409.5839765905	778.02201927682	1780	19	M+CH3OH+H
172.08534489352968	1	937.2294445908134	777.0472077319922	1781	19	M+CH3OH+H
171.08543582055657	1	218.8446517498251	775.1805582458923	1782	19	M+CH3OH+H
172.0814803595581	1	52.08922450214437	777.274061902378	1783	19	M+CH3OH+H
171.07832383206124	1	446.2555446063814	774.7985786981376	1784	19	M+CH3OH+H
171.08738061372367	1	233.8070689393475	774.774084219316	1786	19	M+CH3OH+H
171.08445861764895	1	11429.832557527434	778.0506888628474	1787	19	M+CH3OH+H
173.0885077952689	1	72.65469254392899	779.8626881063738	1788	19	M+CH3OH+H
179.08159192738748	1	176210.2191010752	774.6478261370036	1790	19	M+ACN+H
180.08551301596214	1	114.93374930462488	778.2061795236227	1792	19	M+ACN+H
180.07836400107533	1	1099.8530042146187	780.8136248385468	1793	19	M+ACN+H
181.09082598637508	1	17.930937806913818	776.8857693155966	1794	19	M+ACN+H
181.0820114859876	1	98.64948300801716	775.9810300508805	1795	19	M+ACN+H
180.08491162482085	1	15607.63635595972	783.1887247772593	1797	19	M+ACN+H
