64.02876256251938	1	442048.16234853433	834.2466030558651	0	0	M+2H
65.03072305953619	1	2060.8350318841603	839.1112239348179	1	0	M+2H
64.53086559587233	1	382.796903739727	839.0657611388502	2	0	M+2H
65.03348362321135	1	23.940709971954323	837.2963587827903	4	0	M+2H
65.02891084111434	1	211.3937525605273	835.8330352707247	5	0	M+2H
64.53180677501327	1	441.98992431709723	835.6184132556089	6	0	M+2H
64.53039193349161	1	28312.4053649039	835.7746249514731	7	0	M+2H
65.53251167166736	1	103.91706788132693	837.1803480767605	8	0	M+2H
72.54203607374362	1	495174.3679649026	838.2328595700452	10	0	M+H+NH4
73.54420315845856	1	1880.5280934830664	836.6054918435751	11	0	M+H+NH4
73.04054389813231	1	5371.956228628571	837.6495990062925	13	0	M+H+NH4
73.54547474662732	1	495.02871891878414	839.2393192610365	14	0	M+H+NH4
73.54219016734645	1	336.3678049052565	837.9002279569671	15	0	M+H+NH4
73.04510233993243	1	690.6058968569301	837.6909743000522	16	0	M+H+NH4
74.04599098729257	1	117.67631436471325	838.9448660656287	19	0	M+H+NH4
84.54198859845035	1	507078.96131831896	836.9402814206903	20	0	M+ACN+2H
85.04418526257884	1	332.4402307092958	838.6650742702976	22	0	M+ACN+2H
85.04057491870338	1	6397.430257999805	838.8417448016843	23	0	M+ACN+2H
85.54690315979214	1	46.66049697114147	838.2883651982216	24	0	M+ACN+2H
85.0452471904797	1	598.1976398873038	839.3964322873201	26	0	M+ACN+2H
85.54542090336722	1	1223.492685470761	833.0445335185511	27	0	M+ACN+2H
85.04369160879617	1	38856.00393230103	837.7819544329623	28	0	M+ACN+2H
106.05730857050006	1	2154.689901407888	838.5719541282914	31	0	M+2ACN+2H
105.55728390414421	1	371.65723795426624	835.5999984537672	32	0	M+2ACN+2H
106.05874128873863	1	1730.9189401918577	841.0504630586635	36	0	M+2ACN+2H
105.5585409811033	1	868.9469528035997	837.6358836067064	37	0	M+2ACN+2H
106.05990975996066	1	76.90315359360521	839.1120286527168	38	0	M+2ACN+2H
105.557143809026	1	44171.96781661446	839.1368742774382	39	0	M+2ACN+2H
129.0542373246414	1	2151.4398775704653	832.2537728566778	41	0	M+H
128.0542060491454	1	328.2211500150676	836.8822464251391	42	0	M+H
128.0473894400577	1	3588.765253481778	836.3123458652375	43	0	M+H
129.0503671264515	1	253.8316594508732	837.887172212649	45	0	M+H
128.0565670860753	1	392.87922912889394	835.8068984238555	46	0	M+H
129.05679790298427	1	560.6268192395337	835.8797567486768	49	0	M+H
146.0811576659052	1	1888.0179885334724	836.3313622962286	51	0	M+NH4
145.08113403641497	1	339.521713245116	838.464038606121	52	0	M+NH4
145.0738816452412	1	5558.277805102987	839.7255054654644	53	0	M+NH4
146.08359808902782	1	509.191576990025	838.2046222016218	54	0	M+NH4
145.0830300818462	1	553.678811687988	838.8432682025983	56	0	M+NH4
146.08632862683044	1	27.750200716684624	835.5982261473085	57	0	M+NH4
145.08006067265435	1	22118.892106558524	835.5871534789551	58	0	M+NH4
147.08446447857636	1	97.11459119526789	834.6411710669705	59	0	M+NH4
151.0365040313683	1	1674.8979193394737	836.5374522666655	61	0	M+Na
150.0363893256213	1	469.9026762598033	835.5502902037963	62	0	M+Na
150.0293636173235	1	3427.7777344693045	832.6030537298393	63	0	M+Na
151.03884219330126	1	501.6533604292933	835.5216356959228	64	0	M+Na
151.03251200300173	1	175.22969298357455	838.9573931143832	65	0	M+Na
150.03866193659326	1	343.2380237659317	836.9996913708854	66	0	M+Na
150.0356999064837	1	23721.65279094007	836.3872258867145	67	0	M+Na
152.03967996845728	1	120.63849285546331	836.3423848749818	68	0	M+Na
151.03969039062582	1	17.544464309630175	835.6187309072324	69	0	M+Na
161.080769624026	1	3113.461067163495	839.0849247027804	71	0	M+CH3OH+H
160.08089636918507	1	611.2705371114014	838.670084063847	72	0	M+CH3OH+H
161.083189830517	1	785.3298803153529	835.5344631967804	73	0	M+CH3OH+H
160.0736074402899	1	3966.541916015058	833.6343249986509	74	0	M+CH3OH+H
161.08599353262798	1	51.446433113597	836.7285347273192	75	0	M+CH3OH+H
161.0767687943289	1	242.48381537946563	836.5467426882384	76	0	M+CH3OH+H
160.08239245191922	1	594.5958391962008	837.8306250821554	77	0	M+CH3OH+H
160.0800295470095	1	28154.4063805356	838.2914230613404	78	0	M+CH3OH+H
162.083713047727	1	168.7867678383925	835.6922685272688	79	0	M+CH3OH+H
168.0766320370747	1	483620.13223907124	837.5680528418802	80	0	M+ACN+H
170.08616951580433	1	42.09536494440499	840.2883045267541	84	0	M+ACN+H
170.07690185385704	1	425.91497249585797	839.1259150205822	85	0	M+ACN+H
169.083287097473	1	508.9780543891346	837.8527493795345	86	0	M+ACN+H
170.08369380069914	1	1243.0227216562566	836.3319459150572	87	0	M+ACN+H
171.08424583180178	1	144.3946935139746	838.405014939771	89	0	M+ACN+H
47.03084647493276	1	1567622.3545994337	970.0757860696806	90	1	M+2H
48.03308214038062	1	10313.219086247014	968.9729226155349	91	1	M+2H
47.53309599409574	1	1910.882335899624	971.9920651595743	92	1	M+2H
49.03522897126658	1	14.110845320090855	970.8342437312584	93	1	M+2H
47.53257301529328	1	43512.09763189783	969.6082934296082	95	1	M+2H
48.53478418486987	1	331.0185036240302	967.9154819904194	96	1	M+2H
48.03466512241005	1	46.71060228994371	967.3094462754107	97	1	M+2H
48.03579139220379	1	39.094641675259446	972.4645368235116	98	1	M+2H
48.03427986725384	1	453.2597761462825	967.776620037105	99	1	M+2H
55.54413797268314	1	1414265.176260231	970.2589113925358	100	1	M+H+NH4
56.04635484466528	1	1506.963798413192	968.9850186106365	102	1	M+H+NH4
56.54903354758396	1	68.39392345636637	968.89907109141	105	1	M+H+NH4
56.04742543033961	1	2164.6169408076307	970.6352572390762	106	1	M+H+NH4
56.04586386788205	1	48390.07676519537	967.6967742632135	107	1	M+H+NH4
67.5441167818914	1	1379738.586268912	966.5546910019902	110	1	M+ACN+2H
68.04650660778637	1	1439.8380049451143	967.571853251015	112	1	M+ACN+2H
68.54436854432983	1	235.5049541813567	968.2717141521916	113	1	M+ACN+2H
68.04274229076023	1	5869.166142768271	970.2208629217499	114	1	M+ACN+2H
68.04588562244626	1	83654.03361558105	969.8159382437356	117	1	M+ACN+2H
69.04805892599231	1	461.28138227357096	972.1574959318378	118	1	M+ACN+2H
68.5475835332568	1	1556.5229164406328	968.9562929539105	119	1	M+ACN+2H
89.05963535517179	1	8992.072245285295	969.2007153050538	121	1	M+2ACN+2H
89.56128693755475	1	616.6668781679425	967.9941852052863	123	1	M+2ACN+2H
89.06229246252987	1	163.461701992783	969.2509254686876	125	1	M+2ACN+2H
89.05761899207704	1	664.8637401745942	963.3890122232849	126	1	M+2ACN+2H
88.56064590370133	1	2363.192069816175	967.4462625478211	127	1	M+2ACN+2H
88.55921218231397	1	94463.66669670046	969.4488085673358	128	1	M+2ACN+2H
93.05462385636716	1	1454640.0985743292	968.9352944526244	130	1	M+H
95.05893179093333	1	8403.877471838608	971.8563154215433	131	1	M+H
97.06302441314833	1	22.825991592152285	971.8725376859414	133	1	M+H
94.0609160572598	1	1557.9990278350724	968.4845515330394	134	1	M+H
94.05781871961	1	46042.67006703798	963.0181311155072	135	1	M+H
96.062284299896	1	308.1498089579697	969.8736903326317	136	1	M+H
95.06209821855177	1	59.4918560135483	968.3781497862692	137	1	M+H
95.06427661037404	1	44.478197191956546	968.5138150289304	138	1	M+H
110.08107350479695	1	1424954.8365626815	966.1546934292177	140	1	M+NH4
112.08536795475696	1	9717.573407499693	969.9057502105215	141	1	M+NH4
111.08535796368919	1	1314.2429542392774	966.7395927691875	142	1	M+NH4
112.08131872456165	1	172.88061147643631	970.9562887762136	143	1	M+NH4
111.07815101687498	1	4456.758654220411	971.1976771016292	144	1	M+NH4
112.09069271007816	1	77.29655468585335	965.839486339363	145	1	M+NH4
111.08443186600337	1	50807.457205362916	968.1676607971939	147	1	M+NH4
112.08793569643699	1	494.80834328614895	971.1404436654348	149	1	M+NH4
115.03641067547049	1	1560205.5427950886	968.6082691438838	150	1	M+Na
119.04517350477342	1	18.63510941272524	968.7173523556465	153	1	M+Na
116.03989801374992	1	52146.498432171	968.2520441662456	155	1	M+Na
118.04416224596984	1	276.1748059391095	968.3928804368913	156	1	M+Na
117.04415149135293	1	57.95737791611275	967.5160502095981	157	1	M+Na
117.04326310536531	1	530.5980104178748	968.7644921777087	159	1	M+Na
125.0808283246446	1	1263336.3997759419	968.7992013309872	160	1	M+CH3OH+H
126.08523268405004	1	2150.863904604561	968.3470380587424	162	1	M+CH3OH+H
129.0894412958644	1	33.70036594338437	971.9304026615314	163	1	M+CH3OH+H
126.08433463440433	1	57332.81365436874	969.7932149556161	166	1	M+CH3OH+H
127.08852152185466	1	89.6041274500909	969.0915432810085	168	1	M+CH3OH+H
127.09036064617423	1	102.18891340696757	969.2652644081815	169	1	M+CH3OH+H
136.08534368468202	1	6864.756261315648	971.484192252354	171	1	M+ACN+H
136.08144692315426	1	242.3269314313566	970.1768458473852	173	1	M+ACN+H
135.07801825449204	1	5255.2943650516845	968.8615698212188	174	1	M+ACN+H
136.09068619929255	1	111.19281053295525	968.3653425085588	175	1	M+ACN+H
135.084627384428	1	89798.8962170091	969.3818646949352	177	1	M+ACN+H
137.08880567684224	1	435.29247706831967	973.7209952895788	178	1	M+ACN+H
136.0878886273944	1	1585.6785786356797	971.2124580201677	179	1	M+ACN+H
74.08940916993487	1	566.0950546572343	1407.5270784235527	183	2	M+2H
75.0913973242748	1	10.195949536968536	1406.7802198101172	184	2	M+2H
74.08792279671023	1	19875.864741673104	1404.856989287335	185	2	M+2H
74.59105637681814	1	43.854224537333636	1410.9914695145771	187	2	M+2H
74.58952698434408	1	577.7181583502456	1408.6495171392924	188	2	M+2H
75.08800600300735	1	5.92655625722144	1406.5697125733907	189	2	M+2H
82.60267840347106	1	652.7355176110564	1408.8238646981451	193	2	M+H+NH4
82.60116551380294	1	15442.965665231619	1407.6015926416862	195	2	M+H+NH4
83.09964344089768	1	278.20887168873423	1411.3910012882675	196	2	M+H+NH4
83.10433650664291	1	49.02573794144984	1406.7274885653185	197	2	M+H+NH4
83.6045155191184	1	8.925584825716983	1412.8503582539906	199	2	M+H+NH4
95.09661071042268	1	17.362177245626363	1408.6940756739796	202	2	M+ACN+2H
94.60274339812995	1	551.2403384900671	1404.974330376143	203	2	M+ACN+2H
95.60447844859364	1	24.277862509097172	1408.8981129334525	204	2	M+ACN+2H
94.60118392728168	1	26307.4073307741	1408.7591746492817	205	2	M+ACN+2H
95.1042823814918	1	60.65920563002249	1408.7009678920176	207	2	M+ACN+2H
95.10301372023137	1	771.1989507250038	1408.1994006513305	208	2	M+ACN+2H
95.60139036035906	1	11.877142139370525	1410.2529011741908	209	2	M+ACN+2H
114.61281294047814	1	219160.6685213851	1409.3914976326078	210	2	M+2ACN+2H
115.11124041453908	1	4435.377469088403	1407.691966544436	211	2	M+2ACN+2H
116.1179842673238	1	44.05193153424546	1409.6616425710292	214	2	M+2ACN+2H
115.11417624986196	1	23772.641780027967	1411.6530088247937	215	2	M+2ACN+2H
115.61302810765598	1	450.79546341934014	1411.4540245592802	216	2	M+2ACN+2H
116.11472264210519	1	26.058002445389707	1410.1823523330247	217	2	M+2ACN+2H
115.61756718295969	1	79.81054956463005	1407.4893653159925	218	2	M+2ACN+2H
115.61615341930094	1	1486.3139809637341	1408.017982179904	219	2	M+2ACN+2H
147.1624046692164	1	2784.2757599600586	1407.856614839836	221	2	M+H
148.15952738466223	1	10.06925237594196	1406.1377730338884	222	2	M+H
147.17161160900605	1	418.68906144971305	1409.4354792860324	223	2	M+H
147.16837432268315	1	14514.32957308564	1410.443277396048	225	2	M+H
148.16562916843088	1	165.8773893928956	1410.4318891185533	226	2	M+H
148.17490310056812	1	40.03949166442418	1408.5380805818168	227	2	M+H
148.17196525338633	1	487.86837588378546	1409.7578090284194	228	2	M+H
149.1689739014444	1	5.841266166081477	1407.7986677117026	229	2	M+H
165.18596671038532	1	18.661420957427648	1412.6741948749145	232	2	M+NH4
164.19801242748744	1	642.3478510067447	1408.0216135903552	233	2	M+NH4
164.195223336023	1	18031.604289937142	1408.8259399267356	235	2	M+NH4
165.1985398351771	1	573.6504353834049	1408.7144949926083	238	2	M+NH4
166.2018933483033	1	11.307000863379713	1406.6813735215248	239	2	M+NH4
168.1471740598228	1	207208.9272931013	1406.7413698706623	240	2	M+Na
169.1440541833032	1	1843.7616955007734	1411.8794014504567	241	2	M+Na
170.1408672854457	1	8.586704348231962	1409.3355589511825	242	2	M+Na
169.15343564178056	1	546.1460615240521	1406.4817051959233	243	2	M+Na
169.15044957962348	1	16313.778036107347	1408.5163964315368	245	2	M+Na
170.14748808736132	1	159.31061048979947	1411.0089978109318	246	2	M+Na
171.1508687185512	1	6.089970036671566	1412.2046981953822	249	2	M+Na
180.1957159455476	1	491.40623452473335	1410.178165857704	251	2	M+CH3OH+H
179.1955638042522	1	89.81309451990813	1408.393053995636	252	2	M+CH3OH+H
179.1884808339519	1	2141.333255320846	1408.5864457279984	253	2	M+CH3OH+H
180.20082981538278	1	56.610719627821574	1405.1555084281079	254	2	M+CH3OH+H
180.19803704832776	1	719.7654777725035	1409.4732220858687	255	2	M+CH3OH+H
179.19768082056663	1	584.0406208714558	1407.785703932853	256	2	M+CH3OH+H
179.19463510309404	1	19629.482822626895	1411.6729489732563	258	2	M+CH3OH+H
181.1993022536362	1	26.966934460331416	1410.9050362058645	259	2	M+CH3OH+H
187.1917151507556	1	211815.28153247808	1409.020810437944	260	2	M+ACN+H
189.18616238839797	1	17.452841227686328	1404.6249225507952	262	2	M+ACN+H
188.198132818386	1	514.3092597515872	1405.0635614819917	263	2	M+ACN+H
188.1954208257079	1	19473.99772283662	1409.9811114090003	265	2	M+ACN+H
189.20141226014442	1	51.52776006346589	1409.0057080583404	267	2	M+ACN+H
189.19848199811506	1	888.7458438057605	1409.9170242984571	268	2	M+ACN+H
135.0475851290168	1	184668.7051152679	896.1150204778069	270	3	M+2H
136.04947191866913	1	1790.5692966354682	897.1495285663631	271	3	M+2H
135.5494904301076	1	333.772228506398	898.0558376307093	272	3	M+2H
136.05141183642274	1	38.06469130510464	898.9665215659589	273	3	M+2H
135.54926773332014	1	20438.03629720742	899.4236299574642	274	3	M+2H
135.54593732744362	1	2741.9113636258976	900.7921114169003	275	3	M+2H
136.0478916281242	1	318.51171169121835	897.653132708935	278	3	M+2H
143.56107397975322	1	174874.5819988639	898.5008426306687	280	3	M+H+NH4
144.56320172534586	1	2240.77956811791	900.0721863819018	281	3	M+H+NH4
145.06460319868722	1	247.08294852764791	900.0853186941501	284	3	M+H+NH4
144.05952854079197	1	3270.6380365883606	900.9758672972396	285	3	M+H+NH4
144.5658968353106	1	46.11885600493332	893.9042335111218	286	3	M+H+NH4
144.06238227362942	1	16506.526839954047	900.2621545103078	287	3	M+H+NH4
144.5612455379696	1	352.60581310917144	897.6007590034742	288	3	M+H+NH4
144.06397780481714	1	377.4036127706574	895.4676974928884	289	3	M+H+NH4
155.56107481125738	1	152448.04381317738	901.5595330704	290	3	M+ACN+2H
156.0628303186077	1	340.9999321197828	900.7206718902139	292	3	M+ACN+2H
156.56427542813805	1	1605.261782600379	897.5926755354208	293	3	M+ACN+2H
157.06488713551178	1	231.67193692958708	895.1145881937205	294	3	M+ACN+2H
156.05920857864632	1	3462.465322605041	897.3523626802448	295	3	M+ACN+2H
156.56099755740252	1	391.76857012286797	898.7614930621611	298	3	M+ACN+2H
176.07427083943637	1	153559.8027776798	901.7951554820751	300	3	M+2ACN+2H
177.07657273044484	1	1804.4528848840316	897.1522969453293	301	3	M+2ACN+2H
177.57817854097772	1	269.36008281394123	899.0865701484794	303	3	M+2ACN+2H
177.0777362588678	1	1950.6297627620359	896.0953858866549	304	3	M+2ACN+2H
176.57261719346306	1	3633.6844274923806	895.051464288317	305	3	M+2ACN+2H
176.57581621348737	1	24019.21223210109	898.3061178426624	307	3	M+2ACN+2H
177.07437903438688	1	531.1516857576694	898.2829311574238	308	3	M+2ACN+2H
176.57722755418595	1	373.4226890465667	899.5585922608373	309	3	M+2ACN+2H
271.09270201894816	1	2211.2741688395577	894.4421485025917	311	3	M+H
270.0920871562973	1	396.588774555172	897.104961223368	312	3	M+H
270.08506117612905	1	2490.499440458911	901.995305965944	315	3	M+H
271.0944901651455	1	945.0179210162815	892.8953117871662	316	3	M+H
272.0953270623107	1	219.28195729302902	897.733912374446	317	3	M+H
271.08807668622865	1	268.1993575413714	899.6271137902977	318	3	M+H
270.0944884399921	1	240.82394812010907	901.4696018531429	319	3	M+H
288.1191505044053	1	2057.89621856859	896.6617249552736	321	3	M+NH4
288.1217257018385	1	35.533154065680826	898.2829930502947	323	3	M+NH4
287.11800515378195	1	19633.326125572137	898.9866758400065	324	3	M+NH4
287.11141950769064	1	3288.9093229254922	896.5395705640018	325	3	M+NH4
288.1210108560399	1	885.6686366469698	899.349980111688	326	3	M+NH4
289.12145047643196	1	225.67531224316136	895.2047330337391	327	3	M+NH4
288.11493719175473	1	328.1587572029713	897.0365196256678	328	3	M+NH4
287.1206532176095	1	360.7880703421804	898.1516274598838	329	3	M+NH4
291.0697247411321	1	156245.2725753911	899.4817964749201	330	3	M+Na
293.07454205096434	1	1691.6891796121286	903.6748570614816	331	3	M+Na
293.0777299884295	1	38.934849288341795	897.5340933453292	333	3	M+Na
292.0732691306143	1	17970.16582338592	899.883539068034	334	3	M+Na
292.0669841929635	1	3217.256692724876	897.6871818111825	335	3	M+Na
293.0764449482043	1	966.0641090263533	897.1739873158937	336	3	M+Na
294.0772527562254	1	196.03340421879204	899.5143692213552	337	3	M+Na
293.0702860263829	1	253.63675175789157	897.4604400166911	338	3	M+Na
292.0758531340124	1	259.3002769001003	895.0443330477947	339	3	M+Na
301.114405680757	1	185672.38432731363	895.9381427953044	340	3	M+CH3OH+H
303.1182579259836	1	1829.6408793531687	898.2823990540388	341	3	M+CH3OH+H
302.1179509907888	1	408.1363415714641	901.5199263634382	342	3	M+CH3OH+H
302.1117841108416	1	2774.9991706180326	902.8920376805359	345	3	M+CH3OH+H
303.1206098395871	1	1046.6770135128193	898.5596699522557	346	3	M+CH3OH+H
304.12175239839297	1	242.26426454665696	895.8279254454471	347	3	M+CH3OH+H
302.12069811773176	1	333.53647294587336	900.8845698386157	349	3	M+CH3OH+H
312.11940625297075	1	1702.4192937503012	901.2152136274357	351	3	M+ACN+H
311.11939293081304	1	308.7772212090338	901.1770420431103	352	3	M+ACN+H
313.1246943982721	1	49.34847563074089	895.9047827483455	353	3	M+ACN+H
311.1178737925683	1	25183.468374694796	898.5754705883692	354	3	M+ACN+H
311.11172641883223	1	2839.6333978206085	898.7994773137432	355	3	M+ACN+H
312.12110895376634	1	1480.6971553521137	897.7468324385023	356	3	M+ACN+H
312.1151248210036	1	502.5320530903207	897.4910817093778	358	3	M+ACN+H
311.12110023913226	1	293.44994348457107	897.8216529121855	359	3	M+ACN+H
59.54675348150174	1	79234.61070635986	930.4606305527998	360	4	M+2H
60.04879421213163	1	68.04484551246775	930.5419533191892	362	4	M+2H
60.04521168669379	1	337.23428555289325	934.4723762232161	363	4	M+2H
60.04985306203566	1	146.0264210891343	931.7085296337195	365	4	M+2H
60.04843793430493	1	5259.038748407328	931.5593306801129	366	4	M+2H
60.55020575288047	1	92.45483763283578	934.1423650223102	368	4	M+2H
60.54708378449929	1	21.564433078478633	931.762030177475	369	4	M+2H
69.06227551420464	1	440.85265009806074	925.8272530215422	371	4	M+H+NH4
68.56216427725539	1	72.28805868518654	929.800991768887	372	4	M+H+NH4
68.55865297244358	1	601.4825768591469	930.3614853414745	373	4	M+H+NH4
69.06029366059167	1	34.900691712663935	931.2707639881058	375	4	M+H+NH4
68.5631271551169	1	160.4883647976803	930.9912385400384	376	4	M+H+NH4
69.06351178314935	1	110.33585263108353	930.3522507563283	377	4	M+H+NH4
81.06221327376382	1	354.2486452809089	931.0186562613616	381	4	M+ACN+2H
80.5621230254988	1	71.16973720002983	928.3804979503587	382	4	M+ACN+2H
81.06484257735907	1	11.69431512707226	931.7587639529462	384	4	M+ACN+2H
81.06013967162762	1	59.690601149996894	933.9309013093657	385	4	M+ACN+2H
80.56330370989491	1	183.81998016650152	932.991542484103	386	4	M+ACN+2H
80.56188142297857	1	7236.534149494253	931.0449516443157	388	4	M+ACN+2H
81.56388907443319	1	28.022353282896596	930.70413110012	389	4	M+ACN+2H
100.57335572008891	1	82458.03609875296	931.4059193955766	390	4	M+2ACN+2H
101.57528260563248	1	419.9881782508703	932.2588640776074	391	4	M+2ACN+2H
101.07524825579232	1	61.1378878081426	932.3955834307934	392	4	M+2ACN+2H
101.07197775896054	1	1003.4258561904029	932.8618461118486	393	4	M+2ACN+2H
118.08631628961083	1	97384.04747815199	929.1945553888249	400	4	M+H
120.09061319018447	1	385.2328633141439	932.6149459728744	401	4	M+H
119.08328729730663	1	291.1942643762295	931.7538482616216	403	4	M+H
120.09570447820181	1	6.532710328699366	934.529793158666	404	4	M+H
119.08934858921184	1	5260.643180987628	929.0910379027141	406	4	M+H
121.0938812891201	1	18.324493037867715	929.4353746010631	407	4	M+H
120.08670017674767	1	18.469480198836962	930.9391326117748	409	4	M+H
135.1130636713718	1	94965.68162465654	929.8956523637914	410	4	M+NH4
137.11726154216964	1	408.99304202850266	930.5664072890405	411	4	M+NH4
136.10982383079468	1	809.5357223641474	932.1380156720962	413	4	M+NH4
137.12268547114718	1	8.025140697463094	930.9960821098612	414	4	M+NH4
136.11917451781375	1	174.01138025599647	929.6640175026413	416	4	M+NH4
136.11602637549606	1	3884.441891466908	933.7644241825244	418	4	M+NH4
138.12066740389025	1	19.24669083735748	929.1032004038715	419	4	M+NH4
140.06821299976514	1	99433.42247092005	928.2640796975303	420	4	M+Na
141.07260115048817	1	74.26386880119988	931.4542253369036	422	4	M+Na
141.06521372102466	1	338.40070525186763	930.9550447744573	423	4	M+Na
142.07802887267485	1	7.1960613209687585	931.5331494906039	424	4	M+Na
141.07447228265684	1	113.16095440624757	929.2570041131694	425	4	M+Na
141.07158624147297	1	5722.771747330061	933.0256769233146	426	4	M+Na
143.07589071867295	1	23.89035530429211	932.210645308154	427	4	M+Na
142.07490213971948	1	114.31127767516723	929.5450302354175	428	4	M+Na
142.06847077052757	1	18.26192406071163	931.3683587703367	429	4	M+Na
151.11673622598752	1	111.45988557698146	932.1031355697858	432	4	M+CH3OH+H
152.11276267730122	1	26.95396955183545	932.1278291457439	433	4	M+CH3OH+H
152.12237623647707	1	11.31942907143405	932.8505764669062	435	4	M+CH3OH+H
151.1186959164456	1	151.6104320687452	930.6572832392671	436	4	M+CH3OH+H
152.11899714235696	1	146.63468485377967	932.4430894132418	437	4	M+CH3OH+H
153.12043943334126	1	37.03438248254681	932.7616522934072	439	4	M+CH3OH+H
159.11291468474064	1	101500.5773852485	928.2217310620616	440	4	M+ACN+H
160.11709527590196	1	57.09182541988719	933.0655730192096	442	4	M+ACN+H
160.11014619782415	1	634.6315983756294	931.5411993569627	443	4	M+ACN+H
161.11338800716837	1	49.26961927928393	929.9527774218227	445	4	M+ACN+H
161.1194225067285	1	252.50897135439874	930.9667743628979	447	4	M+ACN+H
162.12038460235163	1	30.304807742706224	929.9873684141335	449	4	M+ACN+H
55.0416242872929	1	40521.50815279335	858.1504481595636	450	5	M+2H
56.03878657462429	1	0.5572588726301956	856.825264676853	452	5	M+2H
55.54475435559379	1	47.06937634638783	856.2238183851014	453	5	M+2H
55.543272180194606	1	2793.456431514067	857.7246655073342	454	5	M+2H
56.0418136390074	1	17.682006149026392	857.5171479959087	455	5	M+2H
56.5435604910041	1	0.5393485839919828	858.6641494722909	458	5	M+2H
63.554929697006045	1	53374.51923949607	856.9501909546138	460	5	M+H+NH4
64.05345749137365	1	474.8254938280574	859.324975326704	461	5	M+H+NH4
64.55199379528004	1	1.4488692820469962	858.3526978825392	462	5	M+H+NH4
65.06002322873466	1	1.1403173914635294	857.5203435622824	464	5	M+H+NH4
64.55520851162973	1	30.416340852409306	859.7508981795511	466	5	M+H+NH4
64.55821414131105	1	71.67717920822993	860.7152134687433	468	5	M+H+NH4
65.05678077071448	1	0.984642536169291	861.6063292373989	469	5	M+H+NH4
76.05338452380015	1	468.0312489917582	858.8442512590836	471	5	M+ACN+2H
76.5518823428039	1	1.2864296931549626	855.6469222112883	472	5	M+ACN+2H
76.05794365419315	1	58.43818420917832	855.3719452796702	473	5	M+ACN+2H
76.55509564045843	1	38.5916128202484	859.1395233522179	476	5	M+ACN+2H
76.55971577232143	1	5.026037249588838	855.9684045406801	477	5	M+ACN+2H
76.55829116079697	1	118.00101827751017	856.6982614267838	478	5	M+ACN+2H
96.56673335103412	1	547.5077639752665	858.9055242449951	481	5	M+2ACN+2H
97.06517884189667	1	3.5045038513531077	857.3715015106242	482	5	M+2ACN+2H
96.57129537037699	1	64.87486983253268	855.7078097078261	483	5	M+2ACN+2H
97.06857289423608	1	58.000959579116206	858.378810033998	486	5	M+2ACN+2H
97.07306329212471	1	7.233857684965667	860.1928428744978	487	5	M+2ACN+2H
97.07164942048776	1	210.87662381264357	858.7439190250924	488	5	M+2ACN+2H
97.56987340002834	1	2.868508719195116	858.8853672814048	489	5	M+2ACN+2H
109.07616789115254	1	48187.28838898473	856.171182523924	490	5	M+H
110.07318393630575	1	376.435235065714	855.7697220972402	491	5	M+H
111.07018016528988	1	0.6209087836919256	857.7560090995258	492	5	M+H
110.08218119327472	1	33.21811093372403	861.3878940221151	493	5	M+H
111.07656375147602	1	21.69629604220941	860.6497607051673	495	5	M+H
111.08575952427312	1	2.3456641292982368	858.7242126256505	496	5	M+H
111.08281440876526	1	71.98859775390186	862.695513048752	497	5	M+H
112.07974486620655	1	0.5386177233546253	855.7955300697813	498	5	M+H
112.08615052431804	1	1.0719482648169483	857.0464777587712	499	5	M+H
126.10247626299626	1	42693.99774317483	859.3638369538107	500	5	M+NH4
127.09948941043938	1	454.86355179316786	857.9837748235101	501	5	M+NH4
128.09668412591975	1	1.955570861217575	858.40537597738	502	5	M+NH4
127.10866464015031	1	58.97246808072199	855.7506627583352	503	5	M+NH4
129.1128684370587	1	1.109434327527182	861.4988138952011	504	5	M+NH4
128.10274376763965	1	32.11646801202196	857.4813025430657	506	5	M+NH4
128.11240101847636	1	4.006954154849863	858.2838409195994	507	5	M+NH4
129.10635404225854	1	0.697815463763637	856.5329801077492	509	5	M+NH4
131.0578225154461	1	40962.52220368965	862.6852587205225	510	5	M+Na
132.05498142161076	1	293.0404711979368	859.3905769361953	511	5	M+Na
133.05196472045913	1	0.6814761489199154	860.0576966194756	512	5	M+Na
132.0642028574379	1	39.23379558099115	857.7866073354695	513	5	M+Na
132.0612115925622	1	2715.4231320322533	862.6508203835764	514	5	M+Na
133.05829776673013	1	20.498589337602656	856.0426826851983	515	5	M+Na
133.0675997485575	1	2.3596838375238827	860.7470954750164	516	5	M+Na
133.06481070914265	1	89.42963063721493	858.0751755572014	517	5	M+Na
134.06781585603625	1	1.1206525207940292	856.0395366469896	519	5	M+Na
141.10239163751643	1	39191.558501317035	858.3223880120781	520	5	M+CH3OH+H
142.1067401298771	1	13.15046266927978	860.8238660479053	522	5	M+CH3OH+H
142.0995235375827	1	280.2865406492352	860.7748145984584	523	5	M+CH3OH+H
143.1120802595907	1	4.2690754099929915	856.7966307443131	524	5	M+CH3OH+H
143.10275701032572	1	20.359558251667345	862.491403903936	525	5	M+CH3OH+H
143.10879291951176	1	108.88409500732632	858.7320579950996	527	5	M+CH3OH+H
142.1056717940194	1	3772.242770376117	861.258662698214	528	5	M+CH3OH+H
144.10999375475126	1	7.133973327671332	854.3894749252847	529	5	M+CH3OH+H
151.09975775554335	1	499.7368998639967	856.0829161431388	531	5	M+ACN+H
152.09628229727184	1	1.693181220670615	857.7048774893441	532	5	M+ACN+H
151.1089415911019	1	57.71752088111401	862.1092434596205	533	5	M+ACN+H
153.11257575695404	1	2.822072072059086	855.756499204829	534	5	M+ACN+H
152.1028347012285	1	52.314599635329714	861.5876483301115	536	5	M+ACN+H
152.11239651291152	1	4.268501487901923	852.2805815166345	537	5	M+ACN+H
152.10972793647048	1	132.94164451421355	858.0378086188008	538	5	M+ACN+H
153.10653923877223	1	1.2889519938199672	857.5798667959676	539	5	M+ACN+H
118.06990697767277	1	2619.494491872617	967.0315513960518	541	6	M+2H
117.57005252576167	1	486.66646746398527	964.6871110814348	542	6	M+2H
118.57270750240244	1	336.7817258559818	964.9930853881941	544	6	M+2H
118.0712840508284	1	5336.972980178267	964.1109554298713	545	6	M+2H
117.57091640163887	1	1248.0036306304726	965.24276277909	546	6	M+2H
118.06817970333292	1	639.8337421059575	969.2712167734969	547	6	M+2H
117.56949726657479	1	73990.74757995192	963.5602898789326	548	6	M+2H
118.5718258594081	1	308.99386281002563	966.6990098717567	549	6	M+2H
126.58321446528247	1	2561.463358408765	962.5531240390136	551	6	M+H+NH4
126.07942505280201	1	7859.125455005883	964.2284930871774	553	6	M+H+NH4
126.58115781825907	1	1033.4116452493731	966.066373043557	555	6	M+H+NH4
126.58449325938555	1	6073.28308933623	962.6988355008845	557	6	M+H+NH4
137.58111077359206	1	561365.3567804418	965.5586519831771	560	6	M+ACN+2H
138.5833495128499	1	1938.5878621308327	967.428831102964	561	6	M+ACN+2H
138.08332049853794	1	459.07668044716337	963.0975214932018	562	6	M+ACN+2H
138.0795145669271	1	7386.680832344171	967.9142769796608	563	6	M+ACN+2H
139.0861875150257	1	396.7431116138305	965.4906233100676	564	6	M+ACN+2H
138.58134381295247	1	985.5215148177465	968.809082522991	565	6	M+ACN+2H
138.08428331600098	1	1624.6204124602116	962.147783386631	566	6	M+ACN+2H
138.58450665258786	1	7563.5065317421395	966.8273441735857	567	6	M+ACN+2H
159.09649433525064	1	2393.604056576353	966.6915342166078	571	6	M+2ACN+2H
158.59657882565114	1	475.62137370918515	963.1756526848357	572	6	M+2ACN+2H
158.5930387281106	1	9048.987769373047	965.525787321325	573	6	M+2ACN+2H
159.0947827770975	1	1562.500814878044	967.1581276935601	574	6	M+2ACN+2H
158.5978225060867	1	1845.8839774209519	965.6009264880071	576	6	M+2ACN+2H
159.09775457275083	1	10020.822866539396	966.5432601145454	577	6	M+2ACN+2H
158.5960593180502	1	110980.58390646477	963.9090056437171	578	6	M+2ACN+2H
159.5981100735314	1	403.55835357377254	963.4997387212203	579	6	M+2ACN+2H
234.13234369507927	1	539.9331836172097	964.7852535812322	582	6	M+H
234.12528974364415	1	5218.499455121546	965.5967843859169	583	6	M+H
236.13848972052762	1	251.35454438686133	962.7202532061842	584	6	M+H
234.13484741318703	1	1318.1986629523842	966.7961110677342	586	6	M+H
235.12885749726334	1	648.013046508452	966.8200529614166	587	6	M+H
234.1316760948916	1	85648.34734914971	963.8714538447564	588	6	M+H
236.1360278238887	1	400.65939824018074	963.5680972931469	589	6	M+H
250.15511636409354	1	616527.621977094	964.4686046755864	590	6	M+NH4
251.15910673928113	1	466.96265740726307	966.1068964812333	592	6	M+NH4
251.1520020063261	1	8834.921232879637	965.3769183326266	593	6	M+NH4
253.1652883237593	1	222.11093730163745	966.5142018218379	594	6	M+NH4
252.15541648525533	1	966.2294784947204	966.3144031065373	595	6	M+NH4
252.1615830970325	1	6773.615260169746	968.7885673337789	597	6	M+NH4
251.15847755499553	1	88328.0805313206	962.5431527614613	598	6	M+NH4
256.1143199036361	1	540.8175932871733	963.0358858897074	602	6	M+Na
256.10798310233343	1	4903.478138310187	964.6599411747202	603	6	M+Na
258.12068703373717	1	249.38868873524626	966.1940581216966	604	6	M+Na
257.11044928068316	1	739.1941283401036	967.442735167178	605	6	M+Na
256.1163815435815	1	1069.160396385983	964.302128497241	606	6	M+Na
265.1545180017953	1	586561.181621844	966.6260642621405	610	6	M+CH3OH+H
267.1588352272957	1	4105.022595282877	965.8107835221413	611	6	M+CH3OH+H
266.15843567788016	1	731.4718097985627	967.8327381389648	612	6	M+CH3OH+H
266.15804433109287	1	107686.99491691317	967.2264963837362	613	6	M+CH3OH+H
267.1616308922806	1	6399.275663237375	967.4071958769757	618	6	M+CH3OH+H
274.154700517522	1	631233.239683351	967.8361143077759	620	6	M+ACN+H
276.15896231311615	1	2813.2009058662047	967.3704682230725	621	6	M+ACN+H
275.1589691473144	1	472.2099429083006	965.5240548775215	622	6	M+ACN+H
276.1552827108474	1	1049.174866111321	967.2292805024761	625	6	M+ACN+H
275.16122578096184	1	1471.0441775970296	964.9584973980678	626	6	M+ACN+H
275.1582919502895	1	94745.37665784426	962.1764672535825	628	6	M+ACN+H
277.1627287609301	1	375.3126199544498	966.9496330155862	629	6	M+ACN+H
95.04328985021814	1	59.35971533733247	1132.7565686805222	631	7	M+2H
94.54309818939385	1	1986.6186375301324	1132.9019658006027	634	7	M+2H
95.54511191790154	1	9.318275004025077	1132.7539933105932	635	7	M+2H
95.04497337755453	1	1.4784850123722895	1129.632106901547	636	7	M+2H
95.04462867722839	1	115.20786925748718	1131.7678144713086	638	7	M+2H
102.55455196698927	1	13903.560660005047	1135.6719891126331	640	7	M+H+NH4
103.55648356469698	1	71.73046598022839	1129.4666452672202	641	7	M+H+NH4
103.05663070378041	1	10.374355447475438	1133.3862674579857	642	7	M+H+NH4
103.05301240654124	1	56.41836492498424	1130.0803077345015	643	7	M+H+NH4
104.05963473524746	1	4.665113628333569	1131.3026457605436	644	7	M+H+NH4
103.0562918916464	1	1831.1527251824257	1128.3065215999868	646	7	M+H+NH4
104.05843689304677	1	7.2013734943012695	1129.871413348995	647	7	M+H+NH4
103.55798802944194	1	112.448813887226	1133.3863187197067	648	7	M+H+NH4
114.55454467475796	1	15478.523209045152	1134.1643801252872	650	7	M+ACN+2H
115.05305960369576	1	53.94097694859495	1131.8363470751738	653	7	M+ACN+2H
116.05966056516952	1	6.224966138411841	1124.951413496033	654	7	M+ACN+2H
115.05760129411487	1	23.663011878057084	1130.158833360283	655	7	M+ACN+2H
116.0584966624465	1	8.355683632066784	1131.603793846491	657	7	M+ACN+2H
115.5578125699253	1	166.551023067016	1130.7437242768883	658	7	M+ACN+2H
135.06788455169797	1	13618.32960803763	1129.6300645246802	660	7	M+2ACN+2H
136.0700168807837	1	66.9226524025659	1124.7945074974093	661	7	M+2ACN+2H
135.57016233845331	1	11.170249875532416	1131.535183594361	662	7	M+2ACN+2H
136.57271959776114	1	10.951895307086128	1130.0950709089825	664	7	M+2ACN+2H
136.07130716687476	1	166.2421478257806	1130.4222348445453	665	7	M+2ACN+2H
135.57083163511078	1	27.775491975644552	1130.3886427124676	666	7	M+2ACN+2H
136.06807054445753	1	16.854694265223998	1128.0512881126397	667	7	M+2ACN+2H
135.5695317243195	1	2582.496926911543	1128.4214923440509	668	7	M+2ACN+2H
136.57158541461206	1	12.772919170989976	1134.9528124230887	669	7	M+2ACN+2H
188.08160733807196	1	19.78318525335268	1133.5012922462467	673	7	M+H
188.07879660780893	1	1984.8360360187116	1130.0729980499293	674	7	M+H
189.083024758959	1	1.4111760947459115	1129.2161727537475	676	7	M+H
189.08485539494765	1	2.4812407875796585	1128.03373842027	677	7	M+H
189.08238019712132	1	125.10537930324864	1133.6288646886535	678	7	M+H
190.0852825389841	1	3.558793767218114	1129.0185360862667	679	7	M+H
204.10200075027728	1	11829.48591918794	1133.8611223406015	680	7	M+NH4
205.1063158453831	1	10.432463404664047	1130.7739368984228	682	7	M+NH4
207.11182058824934	1	3.981020963085376	1127.8162316104576	684	7	M+NH4
207.10961780297725	1	7.676716859638394	1129.6828223856094	687	7	M+NH4
206.10259672638034	1	6.661498011262652	1135.0797979849413	689	7	M+NH4
209.05777172251845	1	15976.01831146666	1127.0863311591936	690	7	M+Na
211.0615070237623	1	66.50239128878714	1132.8609647301055	691	7	M+Na
210.06375316142405	1	16.109279523575665	1126.335489186807	693	7	M+Na
212.06466438227102	1	7.613039692010229	1130.1779714266415	695	7	M+Na
211.06513505503824	1	1.5739623494890975	1130.056511612058	696	7	M+Na
211.06369053583623	1	126.69950833225444	1126.7985871159333	698	7	M+Na
212.06745675751787	1	4.771189943842772	1133.1210273940171	699	7	M+Na
221.10587749599046	1	91.24618329854303	1134.1177279042597	701	7	M+CH3OH+H
220.10562441130594	1	15.98745040456122	1129.5870463037495	702	7	M+CH3OH+H
222.11169129036276	1	5.722882084297911	1132.5714059385912	703	7	M+CH3OH+H
220.1077478185386	1	23.697380557902218	1131.0735589018013	704	7	M+CH3OH+H
220.10462538191945	1	2251.973139799303	1132.1329741140144	705	7	M+CH3OH+H
222.1090601927058	1	12.056365130731402	1130.984374328452	706	7	M+CH3OH+H
221.10918356009577	1	2.4692663110355406	1132.2711092504292	707	7	M+CH3OH+H
221.1108834768016	1	4.091228914294163	1128.855717372602	708	7	M+CH3OH+H
221.10812642316804	1	144.05170555712715	1129.8609653888368	709	7	M+CH3OH+H
230.1064384826804	1	62.0598800406993	1132.8327389333251	711	7	M+ACN+H
229.09895210542376	1	61.14884340977145	1132.7681920625807	713	7	M+ACN+H
231.111915265656	1	6.154163418305788	1133.9262770420028	714	7	M+ACN+H
229.105013144396	1	2367.772713115222	1134.7064228989072	716	7	M+ACN+H
231.10968979032074	1	8.676380520297052	1129.5568449047655	717	7	M+ACN+H
230.1084943175046	1	173.54822537598562	1129.6665203039809	718	7	M+ACN+H
230.10248383263047	1	9.326371831253923	1133.4945312355148	719	7	M+ACN+H
112.5544442833609	1	333.854481596209	611.8269690621767	721	8	M+2H
112.05427502112522	1	65.26879229369928	612.5520654736765	722	8	M+2H
112.55560200271707	1	87.188094134172	615.2873336733733	723	8	M+2H
112.05551415857441	1	52.61960156545011	613.1209453355369	727	8	M+2H
112.55588466463028	1	6.4811993716923215	612.0666380787294	728	8	M+2H
112.0538064994834	1	2543.4247030936685	615.410263225109	729	8	M+2H
120.0656130248247	1	27302.60044957313	613.4398089002232	730	8	M+H+NH4
121.06757487507168	1	347.21945007509714	616.2429209536516	731	8	M+H+NH4
120.56772925523062	1	69.74472975436265	615.217844159802	732	8	M+H+NH4
121.0658759940225	1	22.342062037500703	616.3008329468701	733	8	M+H+NH4
121.56920649949907	1	31.521395214381865	613.9800664764828	734	8	M+H+NH4
120.56395759285346	1	209.98815035249177	614.2273582931097	735	8	M+H+NH4
121.07035042902262	1	5.554640053144749	613.7266292284031	736	8	M+H+NH4
121.06884938402587	1	97.55341107045324	614.5171748265917	738	8	M+H+NH4
120.5688188239274	1	54.086720607532975	612.2308080245449	739	8	M+H+NH4
133.06761776603085	1	332.742356885128	619.5287556888121	741	8	M+ACN+2H
132.5677216113987	1	62.86169827434254	616.4618812173338	742	8	M+ACN+2H
133.06568614189354	1	20.595281609983093	613.7668779520105	743	8	M+ACN+2H
133.56940121739802	1	35.728237208903955	615.7673470837404	744	8	M+ACN+2H
132.5641067645043	1	209.12283220682744	616.8926145552074	745	8	M+ACN+2H
133.07026311073105	1	6.792116043098239	614.1127001518436	746	8	M+ACN+2H
132.56740820840056	1	3230.2502272659117	613.6017756401922	747	8	M+ACN+2H
133.06895318202484	1	129.42159542120888	616.7994351960625	748	8	M+ACN+2H
132.5685247412477	1	63.90158229339672	608.2502888422932	749	8	M+ACN+2H
152.57856254940995	1	30890.047786106268	612.3054751829411	750	8	M+2ACN+2H
153.0808213099685	1	69.03753542884172	613.0733637493178	752	8	M+2ACN+2H
154.08283788351403	1	38.88870643477284	612.8878978344981	754	8	M+2ACN+2H
153.07729822344382	1	348.85714599187503	613.6989469208803	755	8	M+2ACN+2H
153.08043336902458	1	3921.818515792499	610.3283111631096	757	8	M+2ACN+2H
153.58175489207534	1	208.57488211200953	614.3998479872985	758	8	M+2ACN+2H
153.0818877434654	1	65.94306342243135	612.5213309022677	759	8	M+2ACN+2H
222.09739045440634	1	29478.87463446168	611.4578587350857	760	8	M+H
223.1014637908272	1	67.6952156013682	613.4645141110076	762	8	M+H
224.1037568913582	1	102.44594866853312	612.1788730784158	763	8	M+H
224.10486826792672	1	5.0725204667266475	615.3079463879063	764	8	M+H
223.09426531011607	1	129.44183072872846	614.957103593569	765	8	M+H
224.09757386797025	1	8.498563580284928	611.7432681533755	766	8	M+H
223.10341660908495	1	57.0757791754035	612.653774230778	767	8	M+H
225.10476071905734	1	27.61961948791772	616.8675338517082	768	8	M+H
239.1239126935208	1	28269.729390789646	611.7219966139374	770	8	M+NH4
240.1278612175995	1	69.14069363159074	614.3751527626631	772	8	M+NH4
241.12420327532692	1	21.08369472720413	612.9102501299598	773	8	M+NH4
242.13121516637082	1	31.327325603296124	611.8535532367238	774	8	M+NH4
240.12060200235206	1	197.7815393695387	612.1720395784895	775	8	M+NH4
241.13010116210265	1	94.4715319872127	614.9704160444801	776	8	M+NH4
240.1272156027888	1	2693.4029639698847	610.444749411803	777	8	M+NH4
241.13144308173935	1	5.045276470261469	609.9400629579857	778	8	M+NH4
240.13024389846694	1	62.40861487738542	610.3316884840765	779	8	M+NH4
244.07939615482283	1	26190.928565298836	612.3898798172434	780	8	M+Na
246.08380651930366	1	336.408498402418	612.2118815981352	781	8	M+Na
246.0867813339843	1	5.650493771848955	615.5866042475832	784	8	M+Na
246.0794701273511	1	10.805718288794521	614.3476212052378	786	8	M+Na
245.08520312436707	1	53.962831679846666	615.8060295181931	787	8	M+Na
247.0866366894558	1	27.248638751166396	614.2055966310038	788	8	M+Na
254.12308423683467	1	30317.07749198174	611.9090468684684	790	8	M+CH3OH+H
256.1275921223709	1	455.8123847727951	615.0269048059704	791	8	M+CH3OH+H
255.12777804500462	1	79.10950874982119	611.8375411263388	792	8	M+CH3OH+H
256.12991137358046	1	134.84836088205006	614.8549455968847	793	8	M+CH3OH+H
255.11982229127352	1	87.88033011827403	615.1278342672209	795	8	M+CH3OH+H
256.12366623297595	1	9.435647139448252	612.0482368206979	796	8	M+CH3OH+H
255.1298729861197	1	59.78273095693638	615.975824473719	797	8	M+CH3OH+H
265.1281040876949	1	364.63555731130947	611.2076210384179	801	8	M+ACN+H
264.12810299329044	1	61.04786105780529	613.1323747398927	802	8	M+ACN+H
265.12444192341434	1	21.043412895670222	618.1804869919036	803	8	M+ACN+H
266.1315451962675	1	41.035524092794354	611.8191117179434	804	8	M+ACN+H
265.1299517111518	1	132.4451584229151	613.5328075813632	806	8	M+ACN+H
265.13118575654	1	6.508347910353553	612.3437374316395	808	8	M+ACN+H
264.129762358152	1	63.15495332252913	613.5344685709117	809	8	M+ACN+H
77.03406062122772	1	135.58217128104812	478.39087726144453	812	9	M+2H
77.03052980295011	1	6427.2828490745005	479.8657582209186	813	9	M+2H
77.03502244962861	1	251.65767685649365	479.7235658756142	816	9	M+2H
77.53220911294828	1	347.8917417013827	478.3409026555003	817	9	M+2H
77.03366257753113	1	23959.504351541258	478.4217982003126	818	9	M+2H
78.03589216970408	1	42.20238820691782	476.83693144082184	819	9	M+2H
85.04527053012973	1	329439.0762932851	477.67254857178796	820	9	M+H+NH4
86.04740615504208	1	780.2243784055282	482.21864422947357	821	9	M+H+NH4
85.54736586760785	1	130.41159547148717	479.2780584378591	822	9	M+H+NH4
85.54396631332766	1	8826.168866206683	477.52463930048015	823	9	M+H+NH4
86.04854165710734	1	384.92869711651076	478.6185974479944	824	9	M+H+NH4
85.5483318136983	1	369.322427578768	480.4124943909414	826	9	M+H+NH4
85.5470234128143	1	18324.840213117535	476.1322975792992	828	9	M+H+NH4
86.54899224497261	1	38.11265527795666	479.81688119420096	829	9	M+H+NH4
97.54374417770723	1	7681.06751836667	478.9287456560244	833	9	M+ACN+2H
98.04861565431679	1	942.8311861111747	474.3996535819256	834	9	M+ACN+2H
98.0421006425729	1	76.17617754279323	478.48655868722227	835	9	M+ACN+2H
97.54712266902587	1	28147.710626411183	476.9386691825998	838	9	M+ACN+2H
98.5492700501702	1	60.98606641903469	481.93706545394326	839	9	M+ACN+2H
117.55844593466422	1	265702.21700061305	475.28545577045827	840	9	M+2ACN+2H
118.56057661909026	1	751.0062813520659	480.0217672805072	841	9	M+2ACN+2H
118.06070653980322	1	147.3271243139835	480.6247237864136	842	9	M+2ACN+2H
118.56205267498552	1	1268.5472050187486	478.078199538225	844	9	M+2ACN+2H
118.06005972101215	1	38728.02781243063	481.6236620797152	848	9	M+2ACN+2H
119.06239049992168	1	68.6579060648175	478.7474846296789	849	9	M+2ACN+2H
152.05660759414744	1	363969.4581536376	478.43889344913913	850	9	M+H
153.0536711470445	1	6869.437324471765	479.865331260801	853	9	M+H
154.06343157041846	1	490.2578896441446	478.2074899103918	854	9	M+H
154.05092071140166	1	57.51859594173801	478.0096184834158	855	9	M+H
153.06308981966563	1	256.24029311342537	482.80203163204175	856	9	M+H
154.05690254101958	1	360.9023446362752	477.4281195666174	857	9	M+H
153.05997000666608	1	23546.991903696897	475.40972647116115	858	9	M+H
155.0642778248996	1	45.872817004534085	479.4874980659587	859	9	M+H
169.08336046224701	1	392607.4711389068	478.3886853570068	860	9	M+NH4
170.0799505160656	1	9341.02890015051	477.24917323839196	863	9	M+NH4
171.08982240184045	1	425.87139178001127	481.48891483126806	864	9	M+NH4
171.07739497225768	1	78.09396310310564	478.2967129338268	865	9	M+NH4
170.08927981939678	1	344.3438422894226	477.39875634766446	866	9	M+NH4
170.08646221242842	1	18153.057364797183	478.1191310256959	868	9	M+NH4
172.0908581307037	1	35.787964070312576	481.5718925057705	869	9	M+NH4
174.03858136118944	1	372904.50079868257	478.7212444463019	870	9	M+Na
176.042978152803	1	655.2838700089478	478.6294848418026	871	9	M+Na
175.03560462719304	1	6090.559037771578	481.86705254496815	873	9	M+Na
176.04510021848847	1	414.0330282552776	476.21268954504757	874	9	M+Na
176.03250996940196	1	54.34877262851896	476.75511939785224	875	9	M+Na
175.04193744460832	1	20008.128619318635	476.830841597039	877	9	M+Na
176.03898840290123	1	349.12825124979554	478.37566400037457	879	9	M+Na
184.0829587626971	1	388785.6653793116	479.44282466299245	880	9	M+CH3OH+H
186.08706950876345	1	1504.2728962195881	477.51212449417744	881	9	M+CH3OH+H
185.0800257772057	1	5988.211963589123	479.38802243488726	883	9	M+CH3OH+H
186.08972319922862	1	524.2776511309291	477.74887594747054	884	9	M+CH3OH+H
187.0904410316096	1	93.27958328941709	478.729203435611	885	9	M+CH3OH+H
186.07667710352248	1	39.62462710581451	477.1353738486248	886	9	M+CH3OH+H
185.08907587997928	1	451.17509272865277	478.38152787698994	887	9	M+CH3OH+H
186.08322027035106	1	440.5027050321611	478.1133221161943	888	9	M+CH3OH+H
185.0865770536029	1	22038.75428464111	475.7036905571658	889	9	M+CH3OH+H
193.08309393684053	1	288432.7132581133	481.1648103120688	890	9	M+ACN+H
195.0876356215523	1	714.1573113690566	477.62958600668645	891	9	M+ACN+H
194.0876371192898	1	123.11694099145689	481.1019409037749	892	9	M+ACN+H
195.08979477356192	1	899.9611900700468	478.59100127344317	894	9	M+ACN+H
194.08968072605003	1	314.7923883140046	479.5617301742692	896	9	M+ACN+H
194.08683586901216	1	26079.626787067282	479.5431792924125	898	9	M+ACN+H
85.54434769181783	1	162630.9013862314	841.6691795096392	900	10	M+2H
86.54619717407178	1	936.9309923659597	844.846770867344	901	10	M+2H
86.04640152565257	1	257.2466485418232	840.5258513825195	902	10	M+2H
86.54441737064536	1	56.270219349029944	841.818711525853	903	10	M+2H
86.0473651455124	1	233.36774209724132	836.8264876512562	906	10	M+2H
86.045912487724	1	13639.08965953922	842.8374058366117	907	10	M+2H
86.54768455582156	1	569.3758698357819	842.4707925979841	909	10	M+2H
95.05949491705313	1	978.961082534399	842.7219566948363	911	10	M+H+NH4
95.06246422555424	1	34.482293643438815	843.6948252368501	915	10	M+H+NH4
95.05766866201597	1	109.64530556369115	842.6616949228995	916	10	M+H+NH4
94.55923204646409	1	15254.998653643692	840.2508915546304	918	10	M+H+NH4
106.05759829039914	1	163711.59034721745	847.1688032092071	920	10	M+ACN+2H
106.55941673372834	1	217.23713980703283	846.8940196114957	922	10	M+ACN+2H
106.5560920791638	1	984.9195203976535	843.4875214615396	924	10	M+ACN+2H
107.06237178104	1	33.64388632051451	845.7612104091506	925	10	M+ACN+2H
107.0577011034573	1	108.31951877275215	842.5390990132414	926	10	M+ACN+2H
106.56068476336763	1	294.36895540109134	845.3781055311238	927	10	M+ACN+2H
106.5591244100969	1	15526.106370359183	841.3360922919973	928	10	M+ACN+2H
107.06089981084288	1	984.2304289230417	840.6410664356804	929	10	M+ACN+2H
126.57070614024566	1	186615.12997007585	844.1529395102812	930	10	M+2ACN+2H
127.57300119316602	1	987.3451938887127	843.2568829533377	931	10	M+2ACN+2H
127.07274016453911	1	171.29321445135824	840.3193993975648	932	10	M+2ACN+2H
127.0693580454311	1	1504.374587432522	842.7418679651399	934	10	M+2ACN+2H
127.57575317206076	1	51.30925712872809	842.5768788786538	935	10	M+2ACN+2H
127.07388833349441	1	274.1024628013985	845.3862162436398	938	10	M+2ACN+2H
128.07449160196074	1	115.19414556695473	844.08426629478	939	10	M+2ACN+2H
172.08516007105365	1	917.5722628078531	843.2048842879368	941	10	M+H
171.08566216433022	1	151.6861424964919	844.9924853393202	942	10	M+H
172.08177902998537	1	43.81219278963391	844.3255880705083	943	10	M+H
172.09077102690134	1	16.64964431044595	849.7394104184157	945	10	M+H
171.084650294265	1	12641.86472282298	843.1346071600199	947	10	M+H
172.08765541287286	1	452.72326204708816	841.9437658021831	949	10	M+H
187.10768755693303	1	161494.71211935533	844.4181967064811	950	10	M+NH4
188.11189050612506	1	183.43359490854112	844.2682030402883	952	10	M+NH4
189.11729647312228	1	27.760154493452916	842.3161074659738	955	10	M+NH4
189.10845198763803	1	99.47467910137102	842.8356874752765	956	10	M+NH4
189.11433853769526	1	562.8963377020616	840.7697198684555	958	10	M+NH4
188.11075057286152	1	13189.615630996324	841.7580408690055	959	10	M+NH4
194.06714512806323	1	937.6092697773864	840.1728355193172	961	10	M+Na
193.0674403903477	1	190.77003964589844	843.1382320859608	962	10	M+Na
194.06348984845422	1	48.217069452129905	843.6292557523939	963	10	M+Na
193.0602532369055	1	615.4362081291968	838.516706734283	964	10	M+Na
194.07259033508475	1	14.755721005525851	845.8333417119052	965	10	M+Na
193.06955527960577	1	229.64968134678398	844.8443521605247	966	10	M+Na
194.06940303402982	1	516.0731376340073	845.4779782598728	969	10	M+Na
202.1072599311249	1	167994.4455826812	844.2299557542907	970	10	M+CH3OH+H
204.11207007469562	1	1546.7836354175492	842.8883943200514	971	10	M+CH3OH+H
203.11164023494268	1	239.8508961810277	841.8416408842334	972	10	M+CH3OH+H
204.1078063500301	1	56.157608000946055	840.8066584404323	973	10	M+CH3OH+H
204.1170153661676	1	23.284936778977915	843.792219755915	975	10	M+CH3OH+H
204.11403174207925	1	622.9430492140555	844.26875747861	977	10	M+CH3OH+H
203.11080669957138	1	16361.91610593012	843.4834931639945	978	10	M+CH3OH+H
211.10740806992226	1	179293.34150087403	848.4292362633407	980	10	M+ACN+H
213.1117711346222	1	1045.5160575522489	844.4095482939009	981	10	M+ACN+H
212.11252945866528	1	177.07746279043994	842.8061033370808	982	10	M+ACN+H
214.11530755370168	1	99.7940066356535	844.9262975116366	983	10	M+ACN+H
213.11760922416317	1	30.751799795766726	843.4159967158672	985	10	M+ACN+H
213.1085025901736	1	119.3137409284865	845.0476164438834	986	10	M+ACN+H
212.11372484004576	1	265.1362962154481	843.9520093521935	987	10	M+ACN+H
213.11421828439117	1	957.9883086375181	842.6465420749888	988	10	M+ACN+H
212.11142634466796	1	17370.54251795623	845.0607589020358	989	10	M+ACN+H
100.5051560003582	1	7299.720573707123	1328.7958452923895	991	11	M+2H
100.00701070049425	1	35.019909520005605	1326.5698628853681	994	11	M+2H
100.0067382694546	1	2532.3692767622338	1326.287158047431	995	11	M+2H
100.50854268624515	1	50.36682945278756	1329.3628216661286	997	11	M+2H
101.00676579490855	1	452.5818568671884	1324.581284841929	998	11	M+2H
108.018383174364	1	47385.175909287	1327.1000166178735	1000	11	M+H+NH4
109.01845536469526	1	8209.765366248705	1325.8696783610283	1001	11	M+H+NH4
109.02167869679069	1	54.64223005346596	1326.9983169580837	1003	11	M+H+NH4
108.52044778455212	1	35.265600224199154	1326.8578995575986	1004	11	M+H+NH4
108.51683957486036	1	328.77156141700743	1325.5593840486342	1006	11	M+H+NH4
109.51688419337601	1	50.95144816545064	1323.9252952365644	1007	11	M+H+NH4
109.5201447734655	1	430.1072182151981	1324.5955566435894	1008	11	M+H+NH4
108.52147474124136	1	83.08719592397235	1320.0294248940909	1009	11	M+H+NH4
120.01817111867382	1	41248.866662687506	1325.1386940132986	1010	11	M+ACN+2H
121.02040879742147	1	177.46663672791917	1326.8341323037291	1012	11	M+ACN+2H
120.52040931772149	1	35.35095399335337	1324.4917741396546	1014	11	M+ACN+2H
120.52007319954824	1	3412.367846002534	1326.323786219156	1015	11	M+ACN+2H
120.51685215211783	1	325.27287818251045	1327.7466908034417	1016	11	M+ACN+2H
121.51703484847812	1	56.891765936419695	1323.7196565747656	1017	11	M+ACN+2H
121.51994869756832	1	549.8212850227615	1323.973803157678	1018	11	M+ACN+2H
120.52143707082358	1	88.23966389017788	1324.5268800648014	1019	11	M+ACN+2H
140.53140686562296	1	46870.576992531154	1324.6728674065957	1020	11	M+2ACN+2H
141.53405626092032	1	197.026444256192	1330.2644435025088	1022	11	M+2ACN+2H
141.53198526460653	1	42.56109832561984	1326.0575011253866	1023	11	M+2ACN+2H
141.53470396994396	1	169.46953114381716	1320.5074208837968	1024	11	M+2ACN+2H
141.03326645669108	1	4605.09183749107	1324.6058707069947	1025	11	M+2ACN+2H
141.03014836689044	1	397.5235828716037	1323.539962823028	1026	11	M+2ACN+2H
142.03001363528088	1	74.18634524027131	1321.5287117662683	1027	11	M+2ACN+2H
142.0333609421524	1	730.6642882699495	1324.8075291488635	1028	11	M+2ACN+2H
141.0347142534568	1	91.07614347138883	1325.8229996482728	1029	11	M+2ACN+2H
198.00272139616905	1	42660.28325138961	1327.329830108004	1030	11	M+H
200.00311965739135	1	6755.187564598955	1328.5037652126043	1031	11	M+H
200.00688346475107	1	177.88858066889293	1324.9317689721959	1032	11	M+H
202.0069101755774	1	41.84532588326317	1325.3393031308715	1033	11	M+H
200.00912790946612	1	45.65233157187451	1330.7412707745548	1037	11	M+H
201.00606800707982	1	438.30780676357017	1326.7049651718696	1038	11	M+H
199.0091884475553	1	49.678448376757366	1324.8941856892072	1039	11	M+H
217.02950247684583	1	7727.2333622741135	1326.8224623271478	1041	11	M+NH4
217.0360969125298	1	52.18080727667715	1326.8355018536643	1043	11	M+NH4
216.0339714541711	1	35.61895087724176	1327.4903752112227	1044	11	M+NH4
216.03250284802334	1	2422.2084381204177	1326.7023639680788	1045	11	M+NH4
218.02656394762764	1	69.33632539945151	1324.2128592630006	1047	11	M+NH4
216.03578651478432	1	78.14623918280357	1327.4348337784581	1049	11	M+NH4
219.98437849656838	1	40384.549654787545	1327.2753374266404	1050	11	M+Na
221.98937218809735	1	157.97945791890373	1322.7815481705243	1052	11	M+Na
223.98936412379445	1	30.459894783442483	1326.6046455996577	1053	11	M+Na
220.98127402234988	1	152.7361894511981	1326.1412237830564	1056	11	M+Na
221.99135749291005	1	57.59767045168368	1325.340253186068	1057	11	M+Na
230.02886306056644	1	38504.211985932685	1325.1177433804455	1060	11	M+CH3OH+H
232.03304280753622	1	233.30655785556883	1321.9691139241013	1062	11	M+CH3OH+H
231.03209133071067	1	2519.836885109054	1327.2882469692688	1065	11	M+CH3OH+H
231.0259746703567	1	169.84520089946994	1326.8998097253748	1066	11	M+CH3OH+H
231.03515594313205	1	73.78119683314789	1325.025257904824	1069	11	M+CH3OH+H
239.029387793455	1	38459.95258151177	1324.6954561012421	1070	11	M+ACN+H
241.02969605075253	1	7331.331398886624	1323.2221799392498	1071	11	M+ACN+H
241.03330394749827	1	180.8698056860033	1325.1706925115864	1072	11	M+ACN+H
241.03601818150938	1	115.90803975832624	1326.0270391786319	1073	11	M+ACN+H
240.0335205286763	1	35.98698186608614	1321.4033601002116	1074	11	M+ACN+H
240.03243837475455	1	3059.457511716711	1324.591982426615	1075	11	M+ACN+H
240.02627652946182	1	384.4999209732587	1325.8090432481815	1076	11	M+ACN+H
242.03239996653494	1	595.2490074939706	1325.7268554681432	1078	11	M+ACN+H
240.035846410067	1	81.96662847957653	1323.8386858059514	1079	11	M+ACN+H
75.5328129537328	1	195240.20245222573	1190.340172707268	1080	12	M+2H
76.53062534805673	1	9401.280976839065	1188.2922061874135	1081	12	M+2H
76.03237930739851	1	2098.4401218086796	1190.1283437435288	1082	12	M+2H
76.5362481584947	1	273.59575856249603	1191.5690932910072	1083	12	M+2H
76.53494398460997	1	811.0652764484935	1188.7525211904485	1084	12	M+2H
76.03453157214261	1	12027.214556687362	1190.7072123956511	1086	12	M+2H
76.03493819794022	1	175.26995333989942	1189.2671404927978	1087	12	M+2H
76.03583111576967	1	371.1893466217022	1190.4898188778245	1088	12	M+2H
76.0314168941259	1	838.5330781385189	1189.623483613432	1089	12	M+2H
84.0460330167993	1	196404.9937206155	1189.7545436114765	1090	12	M+H+NH4
85.04392063123413	1	9899.46530308179	1186.6459709687656	1091	12	M+H+NH4
85.5456599684893	1	582.7876003597962	1192.3663993795574	1093	12	M+H+NH4
85.0481813648394	1	932.4625502521218	1185.502700403998	1094	12	M+H+NH4
84.54777860609428	1	11749.95020439045	1189.0715892817477	1095	12	M+H+NH4
85.04940431526421	1	305.5037855498102	1185.9513908603265	1096	12	M+H+NH4
84.54815990450878	1	178.31251711044783	1191.6416950523533	1097	12	M+H+NH4
84.54912801735846	1	409.8139212391746	1188.0052678878646	1098	12	M+H+NH4
84.54435273736348	1	1587.395425519778	1188.3359461011617	1099	12	M+H+NH4
97.04402745834398	1	10139.246452990135	1192.614054359982	1101	12	M+ACN+2H
96.5457044432155	1	1848.352544958878	1187.7110746469994	1102	12	M+ACN+2H
97.04834792607757	1	951.8876433378432	1191.2907288488284	1104	12	M+ACN+2H
96.54770268852548	1	15483.702774262487	1192.6268191485685	1105	12	M+ACN+2H
97.04951097213586	1	592.3082811226958	1193.6009306932083	1106	12	M+ACN+2H
96.54818088762651	1	162.5073054537244	1191.2234325002407	1107	12	M+ACN+2H
96.54924585299347	1	370.33477851874954	1192.8140936617372	1108	12	M+ACN+2H
96.54445913118731	1	1532.094298322493	1192.9534281702813	1109	12	M+ACN+2H
116.55927810912715	1	208850.64765461846	1191.0800717268557	1110	12	M+2ACN+2H
117.0592354757959	1	1565.3462326984632	1193.1264145251657	1112	12	M+2ACN+2H
118.05890953612278	1	960.71385505383	1191.4058754711687	1113	12	M+2ACN+2H
117.56132775435704	1	910.3221253541741	1186.3171648231767	1114	12	M+2ACN+2H
117.0611481842575	1	21568.938622736754	1191.2196243715875	1115	12	M+2ACN+2H
117.56253729378619	1	991.4730154774358	1192.5933002056418	1116	12	M+2ACN+2H
117.55955006844628	1	215.16565278687483	1189.5210880816517	1117	12	M+2ACN+2H
117.06257231199628	1	432.47444796925345	1189.8948632595923	1118	12	M+2ACN+2H
150.05826837087488	1	250652.85635767106	1192.76133264916	1120	12	M+H
152.06493082068127	1	264.24856173957915	1190.3799997651308	1123	12	M+H
152.06262493033464	1	964.0270612027178	1190.4218818653464	1124	12	M+H
151.06193665927984	1	13427.835340706084	1189.0503892936406	1126	12	M+H
151.06270576565655	1	203.4082969433125	1189.1672105323432	1127	12	M+H
151.05530539601097	1	773.0965077016671	1190.2681656009145	1129	12	M+H
167.08492018004546	1	243615.44599926856	1191.9779218161893	1130	12	M+NH4
169.08091629689721	1	9429.27333683802	1191.57974634959	1131	12	M+NH4
168.08428030481292	1	2195.231088612056	1188.7172137585253	1132	12	M+NH4
170.08399499837464	1	685.5067028651794	1190.6915971574904	1133	12	M+NH4
169.08902228360958	1	1026.3064752782504	1190.999385353685	1134	12	M+NH4
169.0917045094305	1	259.4720693604932	1192.6623471724508	1136	12	M+NH4
168.08909717010965	1	171.69525304618926	1190.0697199737954	1137	12	M+NH4
168.09111835486468	1	412.68985971609817	1191.4599841201966	1138	12	M+NH4
168.0819112696451	1	1434.6842517233051	1191.3449460460165	1139	12	M+NH4
174.0359921246829	1	9478.54783252026	1190.9092492449643	1141	12	M+Na
173.03983240345897	1	1529.3904295936957	1190.8799033889973	1142	12	M+Na
174.04700332383888	1	261.9416114414806	1192.8603951985688	1143	12	M+Na
174.0442655318618	1	834.558945611162	1187.3195118097465	1144	12	M+Na
175.03947697970884	1	685.3619939432494	1189.777776645505	1145	12	M+Na
173.0435884518104	1	10819.053416496507	1191.5878191747706	1146	12	M+Na
173.04452609789237	1	191.93451415977117	1188.9610577024846	1147	12	M+Na
173.03731197509347	1	707.8545955258779	1191.2982931243073	1149	12	M+Na
182.0846617245468	1	198272.1645933444	1191.6305616323127	1150	12	M+CH3OH+H
184.08027839592552	1	9781.591344741008	1185.8120884878751	1151	12	M+CH3OH+H
183.0840848735696	1	1771.110353666854	1189.496714563398	1152	12	M+CH3OH+H
184.08862091954921	1	1449.7573728100178	1190.0360746054043	1154	12	M+CH3OH+H
184.09143765473053	1	409.2414927529855	1188.52182062624	1155	12	M+CH3OH+H
183.08824177200478	1	16348.898053802419	1188.726049177546	1156	12	M+CH3OH+H
183.090740881391	1	343.45131442860884	1189.47267971578	1158	12	M+CH3OH+H
183.08160484131736	1	917.9882842114687	1189.2956903345923	1159	12	M+CH3OH+H
191.0852270257153	1	223698.17904354903	1191.4181208869484	1160	12	M+ACN+H
192.08424899843533	1	1461.6076161218296	1189.926851765797	1162	12	M+ACN+H
193.08935808531524	1	978.9255161113088	1188.5541862509392	1164	12	M+ACN+H
192.08850485133237	1	19915.014834020443	1189.9466540236278	1165	12	M+ACN+H
193.09169102989227	1	545.580144557788	1187.8305527135049	1166	12	M+ACN+H
192.0822863059026	1	1410.335691415786	1191.47463491209	1169	12	M+ACN+H
103.05231418136671	1	49778.40023309815	960.9699968407778	1170	13	M+2H
104.05434000114528	1	235.7805761574849	958.8100777024217	1171	13	M+2H
103.55435335412012	1	42.609457227263064	957.446298513432	1172	13	M+2H
103.55065575908137	1	397.93941307141324	955.9029307549218	1173	13	M+2H
104.05232058040023	1	45.68382727489721	958.7452297920428	1175	13	M+2H
103.55526659219665	1	70.30082008156151	956.6691724044379	1176	13	M+2H
104.05549606531775	1	281.3257426597302	959.3566663475376	1177	13	M+2H
104.55600700738286	1	24.025523524676434	959.0933972039574	1179	13	M+2H
111.5654789246609	1	55945.87941555094	961.454831083899	1180	13	M+H+NH4
112.067658802447	1	39.848692764696764	958.3510898291155	1182	13	M+H+NH4
112.5703762845123	1	10.391751637597652	956.9229181475934	1184	13	M+H+NH4
112.56560490266102	1	58.59615641767828	958.0810304031502	1185	13	M+H+NH4
112.06711476548473	1	6233.910639219489	956.7284974533957	1188	13	M+H+NH4
113.06953783496887	1	23.21272546497988	960.1262536510238	1189	13	M+H+NH4
123.56547685193385	1	46426.75433492177	958.1601907230086	1190	13	M+ACN+2H
124.56758036038933	1	185.27993596326777	961.2068698258762	1191	13	M+ACN+2H
124.0673261053732	1	42.712431353270986	958.1297379677158	1192	13	M+ACN+2H
124.06398399727789	1	478.32994731894166	958.5836960199695	1193	13	M+ACN+2H
125.07021595985445	1	13.99474463540445	957.6385340691253	1194	13	M+ACN+2H
124.56565700172308	1	64.54935157399257	956.3711698416038	1195	13	M+ACN+2H
124.06871786135669	1	85.91451264319919	957.973355334058	1196	13	M+ACN+2H
124.06714374772075	1	6026.859639872914	958.0113942295341	1198	13	M+ACN+2H
145.08094571654792	1	194.9364059148613	955.9196325568685	1201	13	M+2ACN+2H
144.5809665612156	1	36.02883787492746	956.1298407120365	1202	13	M+2ACN+2H
144.57735473984852	1	734.5281238780838	959.6263760417313	1203	13	M+2ACN+2H
144.58177389173332	1	102.50485928731243	957.4028690763242	1206	13	M+2ACN+2H
145.08220544428622	1	544.4492564545143	957.1872842269559	1207	13	M+2ACN+2H
145.58271765014078	1	34.115357844004215	958.7477459451849	1209	13	M+2ACN+2H
205.09722152258553	1	47370.906020895934	957.1405977689805	1210	13	M+H
206.09402704737258	1	414.4198969376457	961.6911369140093	1213	13	M+H
207.0974945014827	1	42.09649339272123	958.7535119243314	1215	13	M+H
206.10354298947473	1	78.1960594849403	960.3233928779603	1216	13	M+H
206.100841087432	1	6635.349712080414	959.9619791841252	1217	13	M+H
208.10466196358735	1	20.051373449533255	957.3830660096964	1218	13	M+H
222.12376165599332	1	53739.762381937006	955.6790500298514	1220	13	M+NH4
224.12804112748526	1	183.85530655606655	957.2148275908604	1221	13	M+NH4
223.12788376433858	1	41.77811396678915	959.8782934823854	1222	13	M+NH4
224.13344039749288	1	11.425816403434105	960.4187873365003	1224	13	M+NH4
224.1243464945966	1	54.45074510430765	964.4946066523589	1225	13	M+NH4
224.12987891241198	1	334.9775262613609	957.9058645019178	1227	13	M+NH4
225.13129285214185	1	21.684526378583083	958.2919931028625	1229	13	M+NH4
229.08265262948586	1	222.13149045502144	957.8998541105911	1231	13	M+Na
228.08340021024011	1	36.042822310816426	957.1085385862427	1232	13	M+Na
230.08917178363845	1	10.093214107908485	958.9741562366412	1234	13	M+Na
229.0800086907924	1	43.22942818114195	960.7471180641985	1235	13	M+Na
228.0848203518651	1	56.615119420957825	956.2633512132909	1236	13	M+Na
228.0827431109655	1	6594.031410413643	958.517364879545	1237	13	M+Na
230.0867211973134	1	26.582020944174634	960.2884702115877	1238	13	M+Na
229.0857628229892	1	278.9772806012762	960.4029253817368	1239	13	M+Na
237.1234431249043	1	47422.11898307222	959.0127624915322	1240	13	M+CH3OH+H
239.12750161832773	1	306.0869743993649	961.6549869700281	1241	13	M+CH3OH+H
240.13063297638263	1	34.04782758871777	960.0743297712985	1243	13	M+CH3OH+H
238.12951950740808	1	86.72546753944832	954.9834307699355	1247	13	M+CH3OH+H
239.12400147476833	1	48.503889134804005	956.2622935548809	1249	13	M+CH3OH+H
248.12738979644996	1	215.03722524937166	959.2333651195463	1251	13	M+ACN+H
247.12786295066095	1	34.20485554718854	957.5667405542744	1252	13	M+ACN+H
249.1338481673374	1	17.112271937926167	957.1151092557693	1254	13	M+ACN+H
248.12454159698723	1	78.81432955544962	957.5552016099718	1255	13	M+ACN+H
247.1298688033119	1	87.42800615209235	958.2884001784786	1256	13	M+ACN+H
248.1306675413021	1	431.40626926765015	956.6667757537498	1257	13	M+ACN+H
76.53892483107333	1	372782.7935110237	1045.961842613965	1260	14	M+2H
77.54109251799129	1	1549.6569728215288	1047.2262366222706	1261	14	M+2H
77.04098737753023	1	318.1859321751056	1048.293553442629	1262	14	M+2H
77.03762183746454	1	1445.671021788962	1044.601122401942	1263	14	M+2H
77.54389375079835	1	38.30894521187016	1046.96490093705	1264	14	M+2H
78.04268033707639	1	151.2458105828804	1047.8777864719907	1267	14	M+2H
77.54220602091164	1	1156.4261030547975	1045.8252869367352	1268	14	M+2H
77.53920831109438	1	138.27286270784836	1047.7219499781986	1269	14	M+2H
85.05214379754182	1	366587.4893755496	1044.6274354815628	1270	14	M+H+NH4
86.05452431583998	1	1382.5228922374902	1048.939392317758	1271	14	M+H+NH4
85.55427566306682	1	241.2848576989205	1044.4139990113654	1272	14	M+H+NH4
85.55073373234522	1	2509.025912856492	1046.5448646489886	1273	14	M+H+NH4
86.05248284547135	1	275.2275518445418	1046.9020511278602	1275	14	M+H+NH4
85.55532682321528	1	725.8273339928433	1048.8553380920077	1276	14	M+H+NH4
86.55588971005463	1	135.07405827313454	1050.1077132275786	1279	14	M+H+NH4
97.05229145050923	1	389885.2484021667	1045.646525077096	1280	14	M+ACN+2H
98.05436244403424	1	1565.8513206392718	1044.9666393951118	1281	14	M+ACN+2H
97.5543550994979	1	302.5397592698159	1050.1571563198975	1282	14	M+ACN+2H
98.05713580318923	1	71.74951395334325	1050.2984867429227	1284	14	M+ACN+2H
98.05260215421902	1	317.508233179071	1048.1864414741353	1285	14	M+ACN+2H
97.55539426011951	1	574.9280806007432	1046.421825794413	1286	14	M+ACN+2H
98.05559358347625	1	2314.862088744171	1046.7082858283259	1287	14	M+ACN+2H
97.5538668865108	1	43992.182823322204	1045.2099756732512	1288	14	M+ACN+2H
98.55603444722875	1	132.00540097513723	1049.481464366496	1289	14	M+ACN+2H
117.56569784250004	1	392825.4894156231	1046.1669507004017	1290	14	M+2ACN+2H
118.56759615239348	1	1283.9066496021744	1045.318308399046	1291	14	M+2ACN+2H
119.07040707318765	1	114.18059061833392	1047.2065449717288	1294	14	M+2ACN+2H
118.56568469295792	1	576.0332028647837	1046.241797219966	1295	14	M+2ACN+2H
118.56882620623401	1	2514.411013419985	1044.528960727945	1297	14	M+2ACN+2H
119.06929287272986	1	209.11825867392122	1046.9155318304518	1299	14	M+2ACN+2H
152.07044200557988	1	417259.5561883647	1047.2135391412523	1300	14	M+H
154.07495496115774	1	1472.0201931496852	1048.2743342118522	1301	14	M+H
153.07493996599052	1	299.0914679531846	1046.3259102697918	1302	14	M+H
153.0675286714918	1	1691.0812148133973	1046.2573665629577	1303	14	M+H
154.08035078188632	1	40.7163161670314	1050.5249774986364	1304	14	M+H
153.0739382670799	1	37518.3642859552	1046.5799639236352	1306	14	M+H
155.07811545165782	1	152.3180634382285	1045.4085148022896	1307	14	M+H
154.07696602704846	1	1198.12073612041	1046.5013874613805	1308	14	M+H
169.09737582190155	1	382972.42550352955	1045.9156477057961	1310	14	M+NH4
170.10117554118415	1	356.5129428612981	1046.5476965503633	1312	14	M+NH4
170.09415548142604	1	2820.66323381622	1050.117673572366	1313	14	M+NH4
171.10665604265031	1	42.0075690884744	1048.8110899874107	1314	14	M+NH4
171.09748513503456	1	240.01439854549005	1046.7574375913466	1315	14	M+NH4
170.103334143696	1	714.1007123593841	1043.9913835929617	1316	14	M+NH4
170.10067947255243	1	36057.29070007688	1044.6913403508172	1317	14	M+NH4
172.10470204792642	1	150.87403612425803	1043.8628747803136	1318	14	M+NH4
171.10397990296548	1	1232.9369286345177	1045.7763223580591	1319	14	M+NH4
174.05263416533558	1	363422.6477386177	1046.6186623965186	1320	14	M+Na
176.05689064609498	1	1409.8214730139603	1045.84642331367	1321	14	M+Na
175.05659674148717	1	313.4834572108873	1048.2536094146906	1322	14	M+Na
176.06223022685873	1	33.56754269225121	1046.0713660743854	1324	14	M+Na
175.05898216816115	1	412.4689211648219	1044.7837225967478	1325	14	M+Na
175.05588526636046	1	29625.73876870811	1047.0500162612236	1326	14	M+Na
177.06041283482168	1	117.21858701261662	1043.1944039206708	1327	14	M+Na
176.0589304199507	1	1316.7419340402457	1050.1096969553496	1328	14	M+Na
184.09692184046455	1	378092.57243223087	1046.5028346928818	1330	14	M+CH3OH+H
186.10138103535263	1	2808.275127530065	1046.1179367531267	1331	14	M+CH3OH+H
185.10116170928646	1	583.4043250133589	1044.0327750409795	1332	14	M+CH3OH+H
186.0969546463167	1	153.83374076464966	1045.389420407058	1333	14	M+CH3OH+H
185.09382972398183	1	1516.0678467825985	1044.5501581573906	1334	14	M+CH3OH+H
186.10598691325256	1	52.97644784555091	1050.6173180946992	1335	14	M+CH3OH+H
185.10322701268814	1	563.0928525745838	1047.1420794292549	1336	14	M+CH3OH+H
185.10044504399664	1	38025.15464775093	1047.9700049839637	1337	14	M+CH3OH+H
187.10458685724353	1	192.36285782773453	1047.3890378054218	1338	14	M+CH3OH+H
193.0972215001857	1	348692.85996902356	1044.383910448521	1340	14	M+ACN+H
195.10129982920208	1	1795.6500511497113	1049.0683382741538	1341	14	M+ACN+H
194.10143413069912	1	276.9958079616437	1046.2036031589234	1342	14	M+ACN+H
194.09406067388673	1	2638.578398929118	1049.7567193092104	1343	14	M+ACN+H
195.09766656010055	1	270.55587610972924	1043.5003046066806	1345	14	M+ACN+H
194.1031965532149	1	685.872475362947	1045.7490014050989	1346	14	M+ACN+H
194.10031485522268	1	34847.35467453842	1046.3185024096474	1347	14	M+ACN+H
196.1050851565492	1	149.22733688939684	1046.7271519778767	1348	14	M+ACN+H
83.54686071744537	1	184970.83779702045	1425.1109822274018	1350	15	M+2H
84.5489123417463	1	660.8254966888173	1427.5099076339022	1351	15	M+2H
84.0488509060664	1	119.64552056324689	1426.0631997119704	1352	15	M+2H
84.04514951026113	1	556.9080632191882	1424.872119479107	1353	15	M+2H
84.55158982799217	1	23.46000733229842	1422.428448287272	1354	15	M+2H
84.04998752177751	1	252.44187820022466	1422.0673070489593	1355	15	M+2H
84.04842143084242	1	13433.040809902603	1425.7184578565773	1356	15	M+2H
85.05051794141303	1	63.4828735795204	1428.3792395429823	1357	15	M+2H
84.5469813835723	1	60.1893867953276	1426.2100156452682	1359	15	M+2H
92.55858042323132	1	1206.362367739047	1426.0103943195948	1363	15	M+H+NH4
92.56154786166988	1	19888.21075527498	1425.5877693103657	1368	15	M+H+NH4
93.56388974966065	1	68.20538207916259	1424.1780727274038	1369	15	M+H+NH4
104.06009565558617	1	154194.80565975743	1426.1650394316953	1370	15	M+ACN+2H
105.06206594021631	1	625.4283719859778	1430.0780741028805	1371	15	M+ACN+2H
104.562138562163	1	123.83040449102434	1425.5496031992138	1372	15	M+ACN+2H
104.55861620620087	1	1352.838098019924	1427.5155071347879	1373	15	M+ACN+2H
105.06496576890721	1	36.84505815071592	1425.2816180439427	1374	15	M+ACN+2H
104.56308948170381	1	304.94326819515766	1426.2985114346384	1376	15	M+ACN+2H
105.06330835697685	1	1014.3327901920176	1428.2181360886884	1377	15	M+ACN+2H
104.56180279453238	1	19954.659073482046	1427.59352995511	1378	15	M+ACN+2H
105.56386197562948	1	84.56670393642739	1426.7420151280328	1379	15	M+ACN+2H
124.57294258616805	1	155504.24645209935	1424.4686746256418	1380	15	M+2ACN+2H
125.57535224731761	1	633.7163835069983	1424.791463703351	1381	15	M+2ACN+2H
125.07535681529552	1	139.14297873424852	1425.9848875844345	1382	15	M+2ACN+2H
125.07163296555167	1	1403.9597694525553	1424.2446833187505	1383	15	M+2ACN+2H
126.07856450040067	1	57.717704955966525	1425.3125123220952	1384	15	M+2ACN+2H
125.57353054230549	1	174.94292012110537	1423.7093524489183	1385	15	M+2ACN+2H
125.07638980353947	1	340.8207250921178	1422.473969762314	1386	15	M+2ACN+2H
125.07495398055511	1	23089.66527325478	1425.371454469483	1388	15	M+2ACN+2H
126.07707996521434	1	95.68718667114867	1423.5134363957693	1389	15	M+2ACN+2H
166.0861240079635	1	159685.1846437809	1426.2381283173443	1390	15	M+H
168.09038152315722	1	610.6515101378839	1426.7258944214045	1391	15	M+H
167.09083627386985	1	127.20797733543392	1426.093097657756	1392	15	M+H
167.0831953621506	1	552.0332401458188	1425.3346173252094	1393	15	M+H
168.0959623932457	1	25.436780188342752	1426.0864975291147	1394	15	M+H
167.0922705724461	1	240.16044589642445	1425.4972093450606	1395	15	M+H
167.08986309240947	1	12967.626009181939	1424.0860099065676	1396	15	M+H
169.09391369802503	1	71.69831018963825	1426.6308866026018	1397	15	M+H
168.09320934562484	1	681.6661533905016	1426.9633389016274	1398	15	M+H
168.08673237715243	1	53.3004150579004	1430.6611203577356	1399	15	M+H
183.11298997076744	1	172931.86410682613	1427.7351175254373	1400	15	M+NH4
184.11726819166478	1	123.88361876323009	1424.5440453199071	1402	15	M+NH4
184.10972529501367	1	1427.862223320462	1428.3408297481976	1403	15	M+NH4
185.1224802875059	1	26.82979079102435	1424.1690689866912	1404	15	M+NH4
184.11636589193964	1	17031.816877579175	1428.3499765443653	1408	15	M+NH4
186.12054761154153	1	64.22143910202783	1429.7740506595273	1409	15	M+NH4
188.06811868776023	1	156289.30676984228	1427.1349101410249	1410	15	M+Na
190.07802311321578	1	19.78754894672597	1423.125077810447	1414	15	M+Na
189.0715255207907	1	14617.461312297848	1423.693422530943	1416	15	M+Na
191.07569575246308	1	57.82951453784482	1426.0774987296859	1417	15	M+Na
190.07519425370762	1	656.3200396863963	1425.7976327879253	1418	15	M+Na
190.0685519615	1	60.491748683777764	1423.2833913548102	1419	15	M+Na
200.11664859030253	1	955.3364795996241	1427.2545790087438	1421	15	M+CH3OH+H
199.10977160756218	1	739.014036851592	1423.1523851883708	1424	15	M+CH3OH+H
200.12204816002696	1	31.15903499180095	1422.0480464616392	1425	15	M+CH3OH+H
199.1190236433394	1	275.644766218897	1423.0470847509273	1426	15	M+CH3OH+H
200.11926170777386	1	936.7511858030462	1427.6478393113337	1427	15	M+CH3OH+H
199.11571849868542	1	14316.598724042646	1428.1116688031727	1428	15	M+CH3OH+H
201.12028852333125	1	103.99104889677173	1423.4077415440943	1429	15	M+CH3OH+H
207.11282944000357	1	154095.98757406024	1424.7146219106685	1430	15	M+ACN+H
209.11692397441274	1	597.9710922683225	1424.3562398457236	1431	15	M+ACN+H
208.11689513595235	1	113.4841979576587	1426.5274273296059	1432	15	M+ACN+H
210.12308432497696	1	29.473288062102757	1425.0065644533204	1434	15	M+ACN+H
208.11606584956385	1	17308.397604018763	1427.5449515316652	1438	15	M+ACN+H
210.1204312325241	1	76.40220461181697	1423.323354015927	1439	15	M+ACN+H
67.55674920560324	1	908.5616627100391	911.914826868195	1441	16	M+2H
67.55943253751853	1	25.754627751933786	908.3075352681503	1444	16	M+2H
67.05778865960511	1	369.0994850239857	907.594440525203	1445	16	M+2H
67.05624986609881	1	12653.78943679301	907.1430086815662	1446	16	M+2H
68.05842581813195	1	53.759322332379895	908.9830492997232	1447	16	M+2H
67.5547112897156	1	51.92926050336396	908.904686832694	1449	16	M+2H
75.06787724743788	1	240388.48672897404	905.0863984418032	1450	16	M+H+NH4
76.07009568719518	1	958.3146646677204	905.4325892700064	1451	16	M+H+NH4
75.57000012419364	1	155.02029179306135	905.9255327369358	1452	16	M+H+NH4
75.56644020757017	1	1462.5541093972854	905.0574533120504	1453	16	M+H+NH4
76.07266721666238	1	26.98780883041542	908.7782268380282	1454	16	M+H+NH4
76.07124341361059	1	340.21365168507026	909.488483922489	1455	16	M+H+NH4
75.57106071239231	1	401.36648981741513	906.3171485235337	1456	16	M+H+NH4
76.57161578739017	1	57.2140151391547	906.3504823768457	1459	16	M+H+NH4
87.06776619810664	1	216468.84378640197	906.3958919943148	1460	16	M+ACN+2H
88.06996947766557	1	679.4756338888014	903.4543686362698	1461	16	M+ACN+2H
87.56995973887048	1	129.0253434808086	908.9709024084754	1462	16	M+ACN+2H
87.56637024049664	1	1450.8444108304518	902.5637825884587	1463	16	M+ACN+2H
88.07263875665997	1	35.993631254067786	908.1733775776322	1464	16	M+ACN+2H
88.07135261191648	1	649.6591993621956	904.3832372839944	1465	16	M+ACN+2H
87.57100813214642	1	444.6961149372002	910.2931790611709	1466	16	M+ACN+2H
88.06820439097669	1	135.39854014800034	908.1420839952558	1467	16	M+ACN+2H
87.5696096840438	1	17561.43375869244	906.4224152265888	1468	16	M+ACN+2H
107.58123839217188	1	203950.64935494875	905.9029867634868	1470	16	M+2ACN+2H
108.08332817559354	1	144.65365710315137	905.9784920239948	1472	16	M+2ACN+2H
108.07950542573894	1	2292.9716948838613	908.7178095340802	1473	16	M+2ACN+2H
108.08423918785304	1	415.16764408245587	909.2613112015665	1476	16	M+2ACN+2H
108.58458914724852	1	857.0709565941642	908.9849761463439	1477	16	M+2ACN+2H
108.08276915532244	1	20817.08213685585	907.8594377157241	1478	16	M+2ACN+2H
132.10185787636277	1	209843.26213952052	907.8206622251779	1480	16	M+H
133.09876303887205	1	747.0567099866232	908.1614440685087	1483	16	M+H
134.11143733058515	1	21.977818714423314	906.7389650046082	1484	16	M+H
133.1083006712993	1	304.09099305109703	906.8578881177083	1485	16	M+H
135.10957463067197	1	52.423330145377726	907.8184659537637	1487	16	M+H
149.12837322560583	1	191750.06602795067	908.2325951925859	1490	16	M+NH4
150.13266564727869	1	166.41468567361946	910.9533762003911	1492	16	M+NH4
150.12550061476384	1	1527.104429894897	904.6848519511628	1493	16	M+NH4
151.1379182319794	1	24.085688892477876	906.6337883326358	1494	16	M+NH4
151.13523886012726	1	367.18283870497896	907.286112264827	1495	16	M+NH4
150.13170636041932	1	11756.523048853875	907.9141396430779	1498	16	M+NH4
152.13642209133278	1	47.71951574163881	907.8155603126058	1499	16	M+NH4
154.08358076782926	1	196079.50382527246	908.3747260202463	1500	16	M+Na
156.0883978986896	1	816.0846955104678	904.4094610035089	1501	16	M+Na
155.08808758665265	1	127.83076644810603	909.638165385191	1502	16	M+Na
156.0935710782615	1	19.87523066832844	906.5164353464797	1504	16	M+Na
157.09142054105436	1	58.65820270372964	907.7690989050693	1507	16	M+Na
166.13233951875782	1	1252.09206421697	905.6409608821871	1511	16	M+CH3OH+H
165.1322872715116	1	223.55014654263806	908.2233555567677	1512	16	M+CH3OH+H
166.1347018421877	1	471.3873658133718	909.4520246841071	1513	16	M+CH3OH+H
165.12501863673086	1	742.413101781858	907.1000472749614	1514	16	M+CH3OH+H
166.1378748891707	1	35.390312329014016	905.5892065693026	1515	16	M+CH3OH+H
165.13445317131277	1	439.5840911675981	908.1269875036788	1516	16	M+CH3OH+H
165.13134655635696	1	15430.73528942214	909.0664070591854	1518	16	M+CH3OH+H
167.13554851137772	1	111.03012177543633	907.9260135558452	1519	16	M+CH3OH+H
173.12827331156228	1	196177.5212343915	910.7279765298217	1520	16	M+ACN+H
174.13268090482433	1	147.91914791830024	906.2898409588573	1522	16	M+ACN+H
174.13438673488517	1	406.93472070642673	904.8316954330721	1526	16	M+ACN+H
175.12913347854618	1	116.51142861153546	907.1559411504481	1527	16	M+ACN+H
176.1362564256734	1	68.65174196785675	905.3598809120263	1529	16	M+ACN+H
189.07615459497998	1	234627.01247724364	998.1365415287853	1530	17	M+2H
190.07882748002365	1	2706.5511241831796	1000.0209389293921	1531	17	M+2H
189.5788194452837	1	507.86534233551737	999.0069564301346	1532	17	M+2H
190.58058547379824	1	470.82383410005656	996.0783279514391	1534	17	M+2H
190.58109348433646	1	201.89340489000304	999.2831163398132	1536	17	M+2H
189.5796464862774	1	482.81799495789005	996.4454516824177	1539	17	M+2H
197.58945096884884	1	225704.64701552145	993.9519354482863	1540	17	M+H+NH4
198.59166547876922	1	2729.3411347391116	996.0927544004696	1541	17	M+H+NH4
198.09165080961702	1	523.5097185426367	997.9432240609034	1542	17	M+H+NH4
198.5931076159269	1	3320.0260515558066	996.4787812991758	1543	17	M+H+NH4
199.093594891311	1	524.4131882111516	996.5908414045431	1544	17	M+H+NH4
198.08844958813992	1	3816.369729429817	996.3462158226591	1545	17	M+H+NH4
199.09478060474842	1	184.9447931448816	993.6487131187315	1546	17	M+H+NH4
198.0916694207074	1	40586.715673733306	998.3055170272931	1547	17	M+H+NH4
198.0929752305173	1	619.3914012879362	998.0137181643727	1549	17	M+H+NH4
209.58958814218136	1	255307.00773060744	1000.7418817726211	1550	17	M+ACN+2H
210.5921024821741	1	3009.6777714441987	997.4899836551585	1551	17	M+ACN+2H
210.09183300265062	1	501.2464971153425	996.7838492747451	1552	17	M+ACN+2H
211.0935751980441	1	545.7469977465641	997.7847667202703	1554	17	M+ACN+2H
210.08809753150402	1	4306.029119387194	996.176982291548	1555	17	M+ACN+2H
211.09459222945355	1	250.9967636319824	997.5740936013384	1556	17	M+ACN+2H
210.09123481476252	1	49827.51405755172	996.7298920535818	1557	17	M+ACN+2H
210.58991584820382	1	815.6960811777581	997.1103794471927	1558	17	M+ACN+2H
210.09277779760566	1	555.8592284513396	997.9961408077653	1559	17	M+ACN+2H
230.10290845770143	1	173458.76544481935	998.294035424254	1560	17	M+2ACN+2H
231.10550751720655	1	2348.4245636329633	1000.093612775113	1561	17	M+2ACN+2H
230.60526188648058	1	480.7844773074149	996.9449152580585	1562	17	M+2ACN+2H
231.60684400814495	1	572.1448050506783	996.1951663917415	1563	17	M+2ACN+2H
231.10686791263333	1	5632.914047623034	997.7918558974262	1564	17	M+2ACN+2H
230.6013774409094	1	4031.242620386145	998.1753001050816	1565	17	M+2ACN+2H
230.6050747269494	1	45290.24216607859	996.9538653846794	1567	17	M+2ACN+2H
231.10298271668242	1	1102.7128946239286	998.862686553274	1568	17	M+2ACN+2H
230.60626229919666	1	716.2165514543738	998.1747752503254	1569	17	M+2ACN+2H
377.14556430370794	1	256196.08861033025	998.6725479342166	1570	17	M+H
378.1428334613178	1	3152.649076896236	997.6882849862028	1575	17	M+H
378.14895805188155	1	39891.226298986054	999.172421995209	1577	17	M+H
379.14639749255775	1	481.4814308546636	998.7512984520879	1578	17	M+H
394.17177597894096	1	231288.62113382109	997.3763550510258	1580	17	M+NH4
396.1762870985661	1	2626.6770718646753	1000.1336758739676	1581	17	M+NH4
395.1761929876475	1	510.212493613867	998.6720657420248	1582	17	M+NH4
396.17884356324765	1	3167.183433436235	997.8797310393797	1583	17	M+NH4
397.17975559634726	1	563.9546022335741	999.8543336571346	1584	17	M+NH4
395.1690190652942	1	3707.804254457362	996.6672025112633	1585	17	M+NH4
395.1745600859528	1	38178.3570837438	999.1415732751276	1587	17	M+NH4
396.1724653688033	1	806.3166429920104	996.3721409322344	1588	17	M+NH4
395.1786935031802	1	693.6298139543104	996.9075091110965	1589	17	M+NH4
399.12736547313995	1	255952.29631869742	996.2719103528029	1590	17	M+Na
401.1318669845966	1	2907.8576562497183	998.6058381045611	1591	17	M+Na
402.13522765728845	1	554.7395271669444	997.7446905912554	1594	17	M+Na
402.13691391198626	1	180.09203989984695	998.1918044172626	1596	17	M+Na
401.1273633241176	1	636.277994912362	999.9440223803763	1598	17	M+Na
400.1339059704814	1	610.3007706048539	996.3103966438663	1599	17	M+Na
411.176453394344	1	3235.650202374668	998.9275433565645	1601	17	M+CH3OH+H
410.17586197288244	1	579.5790724493012	996.4864817785403	1602	17	M+CH3OH+H
411.17250582330314	1	599.5270619243216	1002.149113645446	1603	17	M+CH3OH+H
410.17518604711574	1	35801.828269640966	993.2097257202853	1604	17	M+CH3OH+H
410.1691789750247	1	2875.133989380664	1000.9694142660153	1605	17	M+CH3OH+H
412.1813681448167	1	191.15585568965693	998.3345241020735	1606	17	M+CH3OH+H
411.17881998500286	1	3718.9867254371907	998.7444186291311	1608	17	M+CH3OH+H
410.17863981748377	1	691.4692942716598	998.8449179379094	1609	17	M+CH3OH+H
418.1723289166121	1	188623.64068386922	993.8369261317513	1610	17	M+ACN+H
420.17589077723716	1	2549.617834608164	998.994194036502	1611	17	M+ACN+H
419.17585444012957	1	394.0305254838855	997.533348611605	1612	17	M+ACN+H
420.17857963172065	1	3842.086686485936	1003.2243108646715	1613	17	M+ACN+H
421.17959534863826	1	559.0846744437407	995.8990103290096	1614	17	M+ACN+H
419.1757955767908	1	48344.63061514297	997.7573849765388	1617	17	M+ACN+H
420.172471317372	1	933.9349483425674	997.6952105806773	1618	17	M+ACN+H
62.52320112831707	1	140562.990951401	1232.3038436401216	1620	18	M+2H
63.525363995564845	1	620.1467588784213	1234.0267980741323	1621	18	M+2H
63.025479764415	1	110.75663731728011	1234.6908204521349	1622	18	M+2H
63.021791330737784	1	460.1174201506721	1231.5944290079642	1623	18	M+2H
64.02722395740327	1	36.540412341000696	1228.6251099455917	1627	18	M+2H
63.52345428339903	1	31.39654363583297	1233.88965019831	1629	18	M+2H
71.03647367279717	1	167896.22950418704	1229.5004310984202	1630	18	M+H+NH4
72.03874219226968	1	588.7568687683508	1234.433515187006	1631	18	M+H+NH4
71.53865515904828	1	121.26895541490738	1231.3976752893368	1632	18	M+H+NH4
72.03688768884396	1	72.23451665654915	1231.3369305876115	1635	18	M+H+NH4
71.53840126563212	1	8329.314102098724	1229.8858654368933	1637	18	M+H+NH4
72.54048036889543	1	39.15521117909996	1234.2746004664295	1638	18	M+H+NH4
72.03990186869666	1	241.08420149146644	1231.3163455854567	1639	18	M+H+NH4
84.03856043290968	1	601.6279845664775	1231.7170740106478	1641	18	M+ACN+2H
83.5386649501255	1	98.91690755713125	1232.2961953734305	1642	18	M+ACN+2H
83.53508633759026	1	1045.1813077679794	1231.468673449339	1643	18	M+ACN+2H
84.04157693564007	1	17.286867925340033	1232.4730725879247	1644	18	M+ACN+2H
84.54031497440883	1	46.29369467612738	1230.3089458936051	1648	18	M+ACN+2H
104.55189474512105	1	459.326827162339	1235.5366111761473	1651	18	M+2ACN+2H
104.05189710888645	1	90.09349078849216	1233.508075214267	1652	18	M+2ACN+2H
104.04828339128883	1	1539.9273009072956	1233.854883251551	1653	18	M+2ACN+2H
104.55469545796375	1	21.568853348952434	1231.0162280136383	1654	18	M+2ACN+2H
104.5531573508368	1	737.5233832161157	1232.4750015297411	1657	18	M+2ACN+2H
104.05177851000273	1	15664.194513474447	1232.2358960865147	1658	18	M+2ACN+2H
105.0536521765775	1	58.21227058275675	1228.278361290111	1659	18	M+2ACN+2H
124.03935880915422	1	134744.89504872455	1228.4393002187978	1660	18	M+H
126.0436340378768	1	571.1872344300488	1238.2065882838656	1661	18	M+H
125.04352234465333	1	129.8262542329528	1228.5600653582214	1662	18	M+H
125.03658794021312	1	489.24936461258767	1234.5326446736829	1663	18	M+H
126.04595337896937	1	241.56218499067592	1229.7047955504174	1664	18	M+H
125.04265679136576	1	8925.644715921051	1235.5451403961722	1666	18	M+H
126.04694168862362	1	7.31510438363106	1235.2692608688208	1668	18	M+H
141.0658267484273	1	155572.36716438053	1231.5208652811762	1670	18	M+NH4
142.07005512841368	1	115.35705168577321	1234.0671951386084	1672	18	M+NH4
143.07553100721307	1	10.272703352391593	1230.7313138377938	1674	18	M+NH4
143.0663125626347	1	77.19387700768651	1233.9697621364974	1675	18	M+NH4
142.071831262605	1	143.20728446103456	1234.5820492613154	1676	18	M+NH4
142.06934981666996	1	10462.881879524823	1229.2480068876466	1677	18	M+NH4
144.07334688303948	1	40.239194075166374	1233.2582204080327	1678	18	M+NH4
143.07242368295258	1	256.73486943944516	1230.500099479756	1679	18	M+NH4
146.02144538316554	1	132136.4474855573	1229.8081193697608	1680	18	M+Na
147.0258306013805	1	112.44145421439411	1233.1392712469278	1682	18	M+Na
147.01824273383411	1	534.0882533102542	1232.9167036668198	1683	18	M+Na
148.02777563777133	1	277.23009220194484	1229.2261420561454	1684	18	M+Na
147.02466832446464	1	12251.315610485066	1232.3910517255122	1686	18	M+Na
149.02874675641036	1	42.09379149501413	1232.9853718450518	1687	18	M+Na
148.02168356014892	1	34.250899644383566	1231.5713243838045	1689	18	M+Na
156.06558055784305	1	137262.47312415834	1234.7736801060212	1690	18	M+CH3OH+H
157.0700787012899	1	185.9718625382291	1229.2684602181505	1692	18	M+CH3OH+H
157.0624834496217	1	555.5119356542417	1230.378162621712	1694	18	M+CH3OH+H
158.07522769736042	1	13.257976548278426	1232.2401591912396	1695	18	M+CH3OH+H
157.07206624580303	1	155.59187437584194	1231.469433341958	1696	18	M+CH3OH+H
158.07233912816238	1	332.54092983986817	1230.0876848855546	1699	18	M+CH3OH+H
165.06576051624828	1	175436.04586255102	1234.8730691661233	1700	18	M+ACN+H
166.06987732187667	1	89.81351792275996	1232.2309658074075	1702	18	M+ACN+H
167.07531181471677	1	13.526528731254785	1230.5864721944124	1704	18	M+ACN+H
167.06644869314752	1	91.63087823206007	1231.9593656846207	1705	18	M+ACN+H
166.0721771346429	1	144.04199609031167	1232.5046991767374	1706	18	M+ACN+H
166.0692365044609	1	14442.888448441168	1233.0911230587992	1707	18	M+ACN+H
168.073330782662	1	50.62513015463906	1229.482206898307	1708	18	M+ACN+H
167.07235172542434	1	477.34700060274724	1230.1498040543033	1709	18	M+ACN+H
69.53116543515159	1	207053.4429365273	847.6369223058581	1710	19	M+2H
70.53326322908818	1	946.1052277670681	850.5181185491874	1711	19	M+2H
70.03318338097922	1	157.40654709729293	845.2200144688796	1712	19	M+2H
70.02961318254823	1	888.7974579381784	850.3344637088938	1713	19	M+2H
70.53594679752378	1	15.158315737561855	853.7723248841189	1714	19	M+2H
70.03289707164275	1	16925.661526431908	847.6454628301897	1716	19	M+2H
71.03490831885433	1	73.83633210826778	849.064382247199	1717	19	M+2H
70.5344963528981	1	520.7542558779421	850.6866313937692	1718	19	M+2H
78.04426147175904	1	164194.20392224443	849.2350270346687	1720	19	M+H+NH4
78.54288315753027	1	1431.0026698065144	847.124686316781	1723	19	M+H+NH4
79.04921727306362	1	19.92108770954292	847.6531855476019	1724	19	M+H+NH4
79.04458145777716	1	112.24848435335475	848.7386826428975	1725	19	M+H+NH4
78.54747571901217	1	267.13596072743223	849.520229126543	1726	19	M+H+NH4
78.54593185994901	1	16329.711430501704	848.7222229769268	1727	19	M+H+NH4
79.04768959673869	1	483.49191678164243	849.6696262072579	1729	19	M+H+NH4
90.04433413745413	1	232656.1139967744	848.9970060193659	1730	19	M+ACN+2H
91.04653635415268	1	933.639113138784	845.866220617866	1731	19	M+ACN+2H
90.5463601587118	1	156.89979135534685	847.4339164578166	1732	19	M+ACN+2H
90.54304329903131	1	1212.7010671717053	850.5452425958825	1733	19	M+ACN+2H
91.04927280073862	1	21.372951070644966	847.3318032037448	1734	19	M+ACN+2H
91.04448084771626	1	125.47321864676299	846.6133716262459	1735	19	M+ACN+2H
90.54612632799083	1	17932.621064838866	849.6019492081653	1737	19	M+ACN+2H
91.54813835090465	1	70.54310238112447	847.4644043386551	1738	19	M+ACN+2H
91.04783327344593	1	979.6389472551713	848.5446619079536	1739	19	M+ACN+2H
110.5572897897324	1	208673.97664081544	849.5313538754937	1740	19	M+2ACN+2H
111.05975253518837	1	163.04341666713458	849.7321595265809	1742	19	M+2ACN+2H
112.06277569146233	1	46.54976303073435	847.6398447378274	1744	19	M+2ACN+2H
111.06079501175302	1	296.84965315791766	846.4910403051731	1746	19	M+2ACN+2H
111.05929256366416	1	20621.36761674461	847.2820588902852	1748	19	M+2ACN+2H
112.06144196735754	1	94.90397930246692	853.9621250744298	1749	19	M+2ACN+2H
138.05491365854047	1	200446.40139010927	851.5684169464098	1750	19	M+H
139.05931596283222	1	177.37379762002152	846.4803319970548	1752	19	M+H
139.05212833691974	1	801.8410893739184	850.0748248577039	1753	19	M+H
139.06137288353978	1	185.96334985003517	847.3920861776115	1755	19	M+H
140.0552777990717	1	62.1361534990358	847.0821327037413	1759	19	M+H
155.08164880307842	1	225511.7641567036	849.7688611231252	1760	19	M+NH4
157.08550129994762	1	810.388784383835	849.634665863011	1761	19	M+NH4
156.08568739915123	1	170.24336143565648	850.5681371304604	1762	19	M+NH4
156.07863991084704	1	1349.2764884704973	849.6057218664733	1763	19	M+NH4
157.09128906498225	1	18.720525208853722	849.7242103394482	1764	19	M+NH4
157.08211710195965	1	135.73491034375834	847.725416116919	1765	19	M+NH4
156.08781696663505	1	242.28215014483635	850.0379248700146	1766	19	M+NH4
156.0848311604509	1	12929.100325094956	847.2839784437472	1767	19	M+NH4
158.08897238527942	1	59.09406376648249	847.9261926041846	1768	19	M+NH4
157.08808969794995	1	458.8509560294668	849.8626531860191	1769	19	M+NH4
160.0369347454035	1	194417.04921802558	847.9999774285199	1770	19	M+Na
162.0410136547957	1	780.6570271882991	848.9328351632424	1771	19	M+Na
161.04076422290717	1	134.13281048355478	849.625379713874	1772	19	M+Na
162.04691306438647	1	12.946312927173498	844.5505630846814	1774	19	M+Na
161.04311934150508	1	182.17177050821746	848.0423755893672	1775	19	M+Na
162.04364036500706	1	492.67495302510304	847.4019181445993	1778	19	M+Na
162.03776157029176	1	55.873557947388385	850.2223169017348	1779	19	M+Na
170.0808703076079	1	245529.24949977512	848.5904242835187	1780	19	M+CH3OH+H
172.08554919295693	1	1321.7680485980127	848.7651521711298	1781	19	M+CH3OH+H
171.07796100287806	1	669.4624897911725	847.8886473350434	1784	19	M+CH3OH+H
172.09095764319682	1	21.5827492013698	849.3090838038673	1785	19	M+CH3OH+H
171.0848087877324	1	17795.428867281036	848.0070726136541	1787	19	M+CH3OH+H
179.08170736867982	1	184931.70768902413	844.0935067642253	1790	19	M+ACN+H
181.08586225918074	1	616.4609676272705	851.9798217515837	1791	19	M+ACN+H
180.0857271667505	1	149.33115204728654	849.3068260812893	1792	19	M+ACN+H
181.0910388729849	1	26.83989817994706	847.9921762128797	1794	19	M+ACN+H
181.08202342267023	1	129.44961817161118	846.4690819729716	1795	19	M+ACN+H
180.08785606294234	1	237.33690560685693	849.1896013266651	1796	19	M+ACN+H
180.08487240907505	1	17314.03508081583	849.2336273690678	1797	19	M+ACN+H
182.08936593086537	1	82.6898568636439	847.9258685337091	1798	19	M+ACN+H
