64.0286813059049	1	133029.32054535503	830.7244870701959	0	0	M+2H
65.03079999646859	1	577.2110985045964	830.6582063593338	1	0	M+2H
64.53085596604747	1	149.54170013490076	832.8734299791033	2	0	M+2H
64.5271487877059	1	1082.1261624161284	831.2375740928685	3	0	M+2H
65.03355255950869	1	9.257281486836586	828.3076420536883	4	0	M+2H
64.53190872084859	1	150.31907655892806	833.4796365665783	6	0	M+2H
64.53032442004185	1	10489.351392011857	838.4097306814521	7	0	M+2H
65.0321177591083	1	170.9547403677258	830.7971160959451	9	0	M+2H
72.54212380347732	1	180748.8272118517	831.4875998816946	10	0	M+H+NH4
73.54407970999958	1	547.0295562297271	830.2854106280025	11	0	M+H+NH4
73.04051544960026	1	1756.2013763734028	832.8676181754943	13	0	M+H+NH4
73.54543067114709	1	173.63561336761396	832.577350830521	14	0	M+H+NH4
73.04517199314185	1	223.55672530846394	830.1621012224961	16	0	M+H+NH4
73.54677181191225	1	12.057445008321585	830.6999102831317	17	0	M+H+NH4
73.04370288598481	1	8518.183309427957	829.0777555079759	18	0	M+H+NH4
74.04583078631205	1	34.85604811257871	832.64256977267	19	0	M+H+NH4
84.54197419242523	1	167173.38891848974	832.4466265438402	20	0	M+ACN+2H
85.5441370969291	1	555.7603147877909	830.9786182878813	21	0	M+ACN+2H
85.04051797252602	1	1561.5546815050195	829.8490090035154	23	0	M+ACN+2H
85.54687951525466	1	11.072353827388048	831.1311017116432	24	0	M+ACN+2H
85.54218153651658	1	133.7025131952093	833.3058785635337	25	0	M+ACN+2H
85.04514725961596	1	180.58807993852201	829.7589351069341	26	0	M+ACN+2H
85.54525113894566	1	317.78030898903455	829.7067919285134	27	0	M+ACN+2H
85.04373412344549	1	11039.100596540384	832.1879670171638	28	0	M+ACN+2H
86.04586620151773	1	40.44859607831254	828.322732205516	29	0	M+ACN+2H
106.05743541032214	1	628.1984130913565	829.6906330636405	31	0	M+2ACN+2H
105.55736924862667	1	100.15884439924719	829.6639495334537	32	0	M+2ACN+2H
105.55380829965092	1	2389.459898393001	834.0229946384717	33	0	M+2ACN+2H
106.05566127405403	1	204.99956477817392	834.1014088436565	34	0	M+2ACN+2H
106.55926330472104	1	55.17306221562588	831.9535225482002	35	0	M+2ACN+2H
106.05854810436236	1	664.7552393127864	831.027437044748	36	0	M+2ACN+2H
127.05029431681089	1	166625.45678802597	828.6800416925302	40	0	M+H
129.05457673000706	1	619.9692839665195	829.9326624245165	41	0	M+H
128.05430507719785	1	115.47206845606073	832.127575660573	42	0	M+H
128.04748470427185	1	1140.3544520093308	829.3402774793996	43	0	M+H
129.05990315547223	1	6.1561679723495155	830.1058978780414	44	0	M+H
129.05069316620802	1	55.056585973361365	832.1322497431556	45	0	M+H
128.05646281079026	1	131.45878645477316	831.2369970073926	46	0	M+H
130.0577371005985	1	36.2722361535689	831.6038033000374	48	0	M+H
129.05696075858677	1	188.59112970390194	832.7933490026045	49	0	M+H
144.0767245928736	1	154240.340691372	830.7085177448532	50	0	M+NH4
145.08061975829656	1	100.25488183065612	829.3230367526219	52	0	M+NH4
145.07392061634414	1	1969.97073506299	832.5545847087519	53	0	M+NH4
146.08330699996824	1	202.12600398166174	831.7751436593765	54	0	M+NH4
145.0797138851552	1	8017.887442079941	833.3943013464994	58	0	M+NH4
147.08434675423587	1	31.87960578463919	830.6017971537474	59	0	M+NH4
149.03188328750159	1	147602.11731876258	833.3818869505527	60	0	M+Na
151.03630880292067	1	698.1452350391178	830.815730678746	61	0	M+Na
150.0292478636185	1	969.6125512347081	830.1126283874103	63	0	M+Na
151.0388944764353	1	179.4354383524089	833.2069262174936	64	0	M+Na
150.03529320662594	1	8259.696514186338	829.5398270745327	67	0	M+Na
159.07640942435765	1	144369.77018284888	830.861338661165	70	0	M+CH3OH+H
161.08041645270188	1	861.3613571310196	830.4082289219679	71	0	M+CH3OH+H
160.08037253934975	1	188.71737640815806	831.8639844612359	72	0	M+CH3OH+H
160.0734123241497	1	1106.9841846205447	828.5418459512211	74	0	M+CH3OH+H
161.08620051839787	1	12.86310239306974	831.5853398176158	75	0	M+CH3OH+H
160.0829737861302	1	167.08580333381585	827.2317168447568	77	0	M+CH3OH+H
160.07980138018263	1	8961.60038587896	829.1013370682953	78	0	M+CH3OH+H
168.07686493326045	1	145747.96320286964	833.1762151067077	80	0	M+ACN+H
169.07414650993118	1	1674.166026119022	831.2642565151978	83	0	M+ACN+H
170.08644419519237	1	13.416021014064048	830.3565299563246	84	0	M+ACN+H
170.07723576012916	1	127.34219772143605	831.7200976449191	85	0	M+ACN+H
169.08298962840152	1	153.09675782959923	834.7516735583931	86	0	M+ACN+H
169.0800398744558	1	11598.804059213371	829.4569417596633	88	0	M+ACN+H
47.53304335214201	1	78.02349412137879	969.0077875399401	92	1	M+2H
47.534034580431886	1	65.34730919704963	967.0160932819059	94	1	M+2H
47.532573202304846	1	2329.6490727972905	969.4254379313008	95	1	M+2H
48.53479827415279	1	14.829619130375878	969.7850425298943	96	1	M+2H
48.034720475672344	1	2.455429309653503	964.2863606853847	97	1	M+2H
48.03577643015645	1	2.5880983093331653	971.2103555149213	98	1	M+2H
55.54423159268123	1	71679.27012845768	965.7196417151858	100	1	M+H+NH4
56.04634801290434	1	84.34807105467209	967.9875338184378	102	1	M+H+NH4
56.04271906050581	1	249.6784017821468	970.6075706499756	104	1	M+H+NH4
56.04744658343566	1	98.23689896753774	970.5391086552153	106	1	M+H+NH4
56.04585752421069	1	2228.2684982601054	973.0279828697935	107	1	M+H+NH4
57.04803732594383	1	12.676519816410886	968.1417950984352	108	1	M+H+NH4
56.547588499505395	1	26.251421216853846	972.5729445308426	109	1	M+H+NH4
67.54424662804199	1	61021.537859881886	967.6796603324667	110	1	M+ACN+2H
68.54646621773621	1	501.1756343350997	969.4544395110353	111	1	M+ACN+2H
68.04642319282833	1	98.96994751021053	967.7400183462154	112	1	M+ACN+2H
68.54443703924362	1	15.10085366047071	967.2236564043093	113	1	M+ACN+2H
68.04266859775275	1	258.096903559563	967.7972363763059	114	1	M+ACN+2H
68.54897751894039	1	5.7306330816589215	970.3851221665669	115	1	M+ACN+2H
68.04739919067755	1	114.65897867443023	966.5615293699699	116	1	M+ACN+2H
69.04804498742882	1	24.43959283730933	967.5261116583935	118	1	M+ACN+2H
68.54756230173795	1	65.23988039569677	962.8553559274475	119	1	M+ACN+2H
88.05748285540537	1	72598.71071578054	967.255737367552	120	1	M+2ACN+2H
89.05956698639221	1	382.01612012544473	967.7689497814032	121	1	M+2ACN+2H
88.55601815524435	1	489.4671812296298	965.0249919649011	124	1	M+2ACN+2H
89.06227703384177	1	9.32170102778605	966.773777106587	125	1	M+2ACN+2H
89.05758860726402	1	36.33318562939525	969.8333588641322	126	1	M+2ACN+2H
88.56057097165615	1	134.54243183455827	966.8321661780863	127	1	M+2ACN+2H
88.5590791577936	1	5363.604239261222	968.3108006339784	128	1	M+2ACN+2H
89.06086678511446	1	160.9205376666113	968.145820734741	129	1	M+2ACN+2H
93.0546274637023	1	76287.83406891394	967.5348783531397	130	1	M+H
95.058991769477	1	427.12673426941257	969.1965547183418	131	1	M+H
94.05885207417502	1	82.3480861365263	968.6692525502971	132	1	M+H
97.06312800660376	1	0.7771322239736408	966.6106887204097	133	1	M+H
94.06076298774036	1	64.36279386010261	969.4121654426923	134	1	M+H
94.05808228884368	1	2223.5971350112513	962.209894919451	135	1	M+H
96.0622362531847	1	15.449802218516083	970.7235449329268	136	1	M+H
95.06221278783269	1	2.7130073504212113	972.8524990698842	137	1	M+H
95.06154898050957	1	23.23659318615271	965.0536753204235	139	1	M+H
110.08102723956624	1	76455.08359730965	966.0458507794733	140	1	M+NH4
112.08538428550065	1	415.4342777653591	970.5285558851234	141	1	M+NH4
111.08530666222846	1	71.94771198785645	968.6917224776732	142	1	M+NH4
111.0781909168911	1	278.5738522831048	968.1220104504438	144	1	M+NH4
112.09091060026232	1	3.499373518216141	964.883337320557	145	1	M+NH4
113.08873845200316	1	17.075356287554847	965.9968854150961	148	1	M+NH4
112.08781487743664	1	23.74427715023451	969.5821216557108	149	1	M+NH4
115.03665256828458	1	73014.38290754017	967.1114082621838	150	1	M+Na
117.04081460181905	1	479.03112393192396	970.5676417577372	151	1	M+Na
116.04061734810298	1	93.74404672692995	967.2270842540825	152	1	M+Na
116.0426775829414	1	48.384168458622426	971.844684561383	154	1	M+Na
118.04409243535903	1	16.42610258298876	967.175212621583	156	1	M+Na
117.044082467603	1	2.787995716248607	970.9964990753325	157	1	M+Na
117.04629001113543	1	2.432797314081916	971.5538352675541	158	1	M+Na
117.04322455547198	1	23.3917977492244	969.5239663409097	159	1	M+Na
125.08097146621566	1	64179.271758172355	965.3543844327605	160	1	M+CH3OH+H
127.08506684767369	1	512.188079377972	967.213299474307	161	1	M+CH3OH+H
126.08510332767682	1	107.81111580271906	970.1833393538819	162	1	M+CH3OH+H
129.0893919820784	1	1.8435737778984511	968.8379958069532	163	1	M+CH3OH+H
127.08755261207499	1	47.123466684878714	967.616370504702	165	1	M+CH3OH+H
126.08405222082216	1	3210.664651446127	970.1263250601729	166	1	M+CH3OH+H
128.0884958367553	1	25.310605519574228	969.4222826733829	167	1	M+CH3OH+H
127.0881968327161	1	4.810888750044396	970.2462646935451	168	1	M+CH3OH+H
127.09031775494596	1	4.952303977611711	966.6941728174169	169	1	M+CH3OH+H
136.08552364157183	1	375.1982783138449	970.7980614314831	171	1	M+ACN+H
135.08539182165558	1	79.60369797201521	968.3792283750315	172	1	M+ACN+H
136.0814362366085	1	14.507318309625658	964.6222139002507	173	1	M+ACN+H
136.090753889828	1	5.637164705416553	963.3643977121468	175	1	M+ACN+H
135.08432949498103	1	3686.851658559425	966.82389455368	177	1	M+ACN+H
137.0886742057395	1	25.95706867595321	967.0149950339155	178	1	M+ACN+H
73.5861383917005	1	113226.5783511473	1370.9805140701249	180	2	M+2H
74.08479610091234	1	1062.8748465193391	1370.2711345552848	181	2	M+2H
74.08916850754312	1	226.15631203636855	1369.6892329751356	183	2	M+2H
75.09137637434183	1	4.215690722270254	1371.3378586032097	184	2	M+2H
74.08784519719093	1	8556.839167469725	1368.2566928064712	185	2	M+2H
74.5911651888714	1	21.827808030243126	1373.3311825664553	187	2	M+2H
75.08809357274309	1	2.5654068255338744	1370.8091535781666	189	2	M+2H
82.59793846926284	1	1329.9867998204563	1370.890246225072	191	2	M+H+NH4
82.60265438647457	1	241.38759687443175	1368.2990386704996	193	2	M+H+NH4
83.09966095786223	1	117.77836433596063	1369.3217764268377	196	2	M+H+NH4
83.10436095550914	1	21.549329014787126	1369.9553977819446	197	2	M+H+NH4
83.60446721643528	1	4.607132939591953	1368.518554169599	199	2	M+H+NH4
94.09942208434073	1	90694.34415566931	1367.4496171911157	200	2	M+ACN+2H
94.60240333509833	1	292.62533912183824	1368.9030337707882	203	2	M+ACN+2H
95.60458409346573	1	11.60169715748459	1367.6650200679908	204	2	M+ACN+2H
94.60123540911418	1	9573.556292448719	1371.943963694199	205	2	M+ACN+2H
95.09970316045634	1	137.9892906929073	1369.9195973909914	206	2	M+ACN+2H
95.10439380642215	1	24.22129619414307	1370.506271761199	207	2	M+ACN+2H
95.60120439748077	1	6.949878370111817	1368.0035256557446	209	2	M+ACN+2H
115.1112734208536	1	1626.2403175357406	1370.6676881795163	211	2	M+2ACN+2H
115.60966576428457	1	13.625779525783006	1370.4184898445462	212	2	M+2ACN+2H
115.11585091280273	1	357.38706929796064	1373.37153683099	213	2	M+2ACN+2H
116.11800743164449	1	19.661147702147222	1372.9175917680304	214	2	M+2ACN+2H
115.114463870524	1	11065.577634659867	1370.4096330100108	215	2	M+2ACN+2H
115.61299632257453	1	244.3135485243777	1368.7891850095043	216	2	M+2ACN+2H
115.61768294803572	1	36.36004157545832	1370.0729594630366	218	2	M+2ACN+2H
147.16205770388524	1	1211.7233075817844	1368.0831441041753	221	2	M+H
148.159500162439	1	4.019981205116996	1371.1822664143667	222	2	M+H
147.17146260532363	1	224.5349631554342	1365.7806866807068	223	2	M+H
149.17518669626176	1	4.41504999155024	1371.0428061467144	224	2	M+H
147.16852478786797	1	7393.241105476522	1368.5323772572688	225	2	M+H
148.1654809379451	1	67.97580498632269	1369.8324872190256	226	2	M+H
148.17467325684316	1	19.053929081108233	1367.4842808230358	227	2	M+H
148.1719158596109	1	244.1888621228301	1370.672323307912	228	2	M+H
149.16883069224403	1	2.7207027190188637	1368.8627587874719	229	2	M+H
163.19188134884232	1	110410.23898061011	1367.6178978380533	230	2	M+NH4
164.18880956366908	1	1542.921354677281	1368.4009006015235	231	2	M+NH4
164.19782916426504	1	235.5426152846629	1369.7294547873182	233	2	M+NH4
165.19504902070364	1	4.164325840246146	1367.4742728186684	234	2	M+NH4
165.19196904826046	1	80.14268852343326	1370.9135944680695	236	2	M+NH4
165.20126312667628	1	18.919739939662882	1369.4254906566812	237	2	M+NH4
165.19857358659314	1	232.66412645198193	1371.7222092069642	238	2	M+NH4
166.20185632866645	1	4.405635895175281	1371.1195499395437	239	2	M+NH4
168.1472834270035	1	101364.19331322474	1372.6058632634843	240	2	M+Na
170.14122312818301	1	3.698826505760677	1369.9947600484852	242	2	M+Na
169.15354697483278	1	212.58293990763386	1369.3412242182985	243	2	M+Na
170.14760154137414	1	81.0168198617247	1367.9733990992393	246	2	M+Na
170.1566141790203	1	14.992587314707826	1370.9436955727185	247	2	M+Na
171.15080023728646	1	2.4673428854263295	1367.4403941356777	249	2	M+Na
178.19172779674486	1	100654.93620561787	1374.311736642082	250	2	M+CH3OH+H
180.19550335896426	1	221.5433381927653	1370.376092346818	251	2	M+CH3OH+H
179.195797560586	1	33.88101135539707	1371.880465853269	252	2	M+CH3OH+H
180.2010858521513	1	26.226266300067206	1370.7392321898992	254	2	M+CH3OH+H
180.19794793727743	1	321.74099861226733	1371.7770814796825	255	2	M+CH3OH+H
180.19205642884177	1	102.63857788578005	1371.0006097100988	257	2	M+CH3OH+H
179.19480043441206	1	8418.235082655008	1367.4782326662205	258	2	M+CH3OH+H
181.19937728941863	1	16.933597421154314	1369.7317705161386	259	2	M+CH3OH+H
187.1918166648904	1	76349.23759674073	1368.5268681823677	260	2	M+ACN+H
188.19833569897085	1	260.8037582922065	1370.332860869433	263	2	M+ACN+H
190.20203813746852	1	11.931275640782319	1370.4871768020232	264	2	M+ACN+H
189.19222357125983	1	141.44285302599988	1369.6593120344044	266	2	M+ACN+H
189.2013494307024	1	28.76388951924385	1367.9576143076451	267	2	M+ACN+H
189.198365662282	1	365.0833765107173	1369.8654691007507	268	2	M+ACN+H
135.5498273926367	1	211.92870859302485	918.0032320162213	272	3	M+2H
135.5492834488794	1	10990.88236673734	918.2644011437314	274	3	M+2H
135.54635876837284	1	1505.5019899940366	919.4026787385569	275	3	M+2H
136.55130723561888	1	119.531043685758	921.7656793540867	277	3	M+2H
136.0476622576488	1	170.55372803091956	918.1286126812826	278	3	M+2H
135.55089116925163	1	169.25607390977376	917.7594020397618	279	3	M+2H
143.5610476529516	1	107547.66595803996	921.9154429996406	280	3	M+H+NH4
144.06300002389145	1	208.2104409485341	920.2315361367918	282	3	M+H+NH4
144.56429437427903	1	549.0339919429555	918.5055645441444	283	3	M+H+NH4
145.06472617722346	1	118.29584678304745	922.713764709946	284	3	M+H+NH4
144.0592477058607	1	1606.582177200158	917.4413902691203	285	3	M+H+NH4
144.56560701138756	1	16.789267778910766	920.6461444741907	286	3	M+H+NH4
144.06254016630342	1	11143.120159598724	922.2724271209884	287	3	M+H+NH4
144.56087883745136	1	182.9096915546111	917.5980960934756	288	3	M+H+NH4
144.06409418838558	1	227.41689032907883	917.6595963855618	289	3	M+H+NH4
155.560817740469	1	96258.19241333484	919.5056881767599	290	3	M+ACN+2H
156.5631058791059	1	1097.1903742874804	919.9647529150936	291	3	M+ACN+2H
156.06293835775105	1	195.81248142281527	920.117779725708	292	3	M+ACN+2H
157.06453626870626	1	122.81401623869785	920.1899839174173	294	3	M+ACN+2H
156.05925940665762	1	1635.0803162816537	925.6659306890145	295	3	M+ACN+2H
157.0661189617943	1	27.352032124858038	922.9887050362454	296	3	M+ACN+2H
156.0624185011427	1	12915.044021573498	919.4320845832752	297	3	M+ACN+2H
156.5611199778824	1	241.59474960399157	918.8925928511209	298	3	M+ACN+2H
156.06378346434923	1	218.32810294642033	919.8373671318675	299	3	M+ACN+2H
177.07624362309357	1	1034.8600037396463	918.2857024982151	301	3	M+2ACN+2H
177.57816342043165	1	161.2573330892375	922.157900155385	303	3	M+2ACN+2H
176.57582593414318	1	15771.13072456161	919.543371241839	307	3	M+2ACN+2H
177.07449088129903	1	321.98784999179463	919.7680992627864	308	3	M+2ACN+2H
176.57710003423256	1	208.86207297881555	920.8666310185322	309	3	M+2ACN+2H
269.088379467052	1	101140.28076596107	918.6897082921552	310	3	M+H
270.0922160155412	1	183.09896235860649	919.4613069085221	312	3	M+H
271.0955738064812	1	20.534034110099032	923.1661493323559	313	3	M+H
270.08500012541805	1	1464.8585169434543	922.8797381960776	315	3	M+H
271.0883996197379	1	171.1812846249778	920.9661920661853	318	3	M+H
270.0940922972537	1	168.72212967137662	923.0984510561261	319	3	M+H
288.1179889973966	1	1090.6438162629668	922.01350734007	321	3	M+NH4
288.1227367877959	1	18.449911264768808	922.7811578978648	323	3	M+NH4
287.1116206860466	1	1774.3357281403876	920.4199066346533	325	3	M+NH4
288.1209282534321	1	608.8138135592235	918.8075988708237	326	3	M+NH4
288.1149899038671	1	174.1714534679539	919.5711056124416	328	3	M+NH4
291.0697977298597	1	84618.43836834772	919.6029438143669	330	3	M+Na
292.07417809280565	1	215.26784712927403	918.3612300130577	332	3	M+Na
293.07704574036353	1	21.432360997251735	921.0064270878544	333	3	M+Na
292.073072111869	1	11809.721768413148	919.2000546703953	334	3	M+Na
292.0667409903458	1	1645.4606051862056	918.8035508956411	335	3	M+Na
294.07752827530504	1	137.08146374524944	921.1513604343336	337	3	M+Na
293.07045434321765	1	167.3308935066769	920.3030582328583	338	3	M+Na
292.0758613836091	1	160.91027028540756	922.8837198155369	339	3	M+Na
303.1185880337305	1	1204.3153202376031	920.4677647262838	341	3	M+CH3OH+H
302.11857414678684	1	255.12854514660688	917.9879723650045	342	3	M+CH3OH+H
303.1219572231713	1	30.002756955200216	921.7403368509412	343	3	M+CH3OH+H
302.11754810772925	1	13033.609863534006	916.0880215728681	344	3	M+CH3OH+H
302.11122279009095	1	1484.9853745890896	922.1506146788993	345	3	M+CH3OH+H
303.1206239776626	1	642.2024131645386	919.3985965990115	346	3	M+CH3OH+H
304.12107218433255	1	143.62672691272113	918.0702372039942	347	3	M+CH3OH+H
303.1147680129794	1	194.4351821708756	922.4193393211875	348	3	M+CH3OH+H
302.12056621245364	1	193.8464196281734	919.6876009274923	349	3	M+CH3OH+H
312.1187313464663	1	1146.3724675259728	917.58102557376	351	3	M+ACN+H
313.1247141035078	1	28.66594175288844	922.0742209434359	353	3	M+ACN+H
311.1181013994743	1	13858.212787956967	920.7742426850473	354	3	M+ACN+H
313.1224190411254	1	132.9983716321469	920.9798900033684	357	3	M+ACN+H
312.11484287835754	1	219.26022002294047	922.9603768182982	358	3	M+ACN+H
311.1203956669911	1	188.5824231118036	924.410350113717	359	3	M+ACN+H
59.546750722202646	1	295653.0960693765	933.403166581818	360	4	M+2H
60.54892780124524	1	1029.0067483139226	931.068605963916	361	4	M+2H
60.04897466054459	1	235.99192528593576	928.1886595022992	362	4	M+2H
60.55162026825673	1	23.459879348055985	930.8070342825413	364	4	M+2H
60.050012663209024	1	436.41794887455006	932.4659708762375	365	4	M+2H
60.04845701030503	1	18677.395300228276	930.1962732462911	366	4	M+2H
60.550176660693445	1	293.4880567617076	933.8866535498987	368	4	M+2H
60.54695477717243	1	56.80400236343823	928.1948564323617	369	4	M+2H
69.06207351906086	1	1128.3323390166104	928.1697536935334	371	4	M+H+NH4
68.5622270233921	1	217.62441158587896	927.4638174074693	372	4	M+H+NH4
68.55860106352291	1	2021.3341362729589	930.405162332593	373	4	M+H+NH4
69.06488532962571	1	27.093305684862997	931.3799488540918	374	4	M+H+NH4
68.56323121667643	1	453.43972776620114	930.8773579247045	376	4	M+H+NH4
68.5616576098907	1	15128.919019914942	932.3697987003093	378	4	M+H+NH4
69.56384400176123	1	74.17441397770138	928.8890273960063	379	4	M+H+NH4
80.05997820533433	1	277894.8512944531	926.5879986193829	380	4	M+ACN+2H
81.06230843596663	1	976.7399462499852	929.4889620478739	381	4	M+ACN+2H
81.064883150793	1	36.33217384309281	935.2775939870544	384	4	M+ACN+2H
81.06018951276751	1	193.2071576999734	922.8746463648251	385	4	M+ACN+2H
81.06327141976548	1	712.2691215266765	933.0581994980987	387	4	M+ACN+2H
81.56380441641569	1	86.16312127667317	931.2760106650671	389	4	M+ACN+2H
100.57327920019684	1	262081.84155961886	931.6333921547828	390	4	M+2ACN+2H
101.5756047261666	1	1029.0289800003725	928.362586989774	391	4	M+2ACN+2H
101.07535413070214	1	177.0732115335015	931.5999196128711	392	4	M+2ACN+2H
101.07190789063291	1	3059.3639684058617	928.6524414380548	393	4	M+2ACN+2H
101.57826785519096	1	51.47671117796253	929.2188075989066	394	4	M+2ACN+2H
101.57345110022617	1	274.14076581714886	930.8750364763114	395	4	M+2ACN+2H
101.07635463216575	1	503.9022859261218	929.3031061700844	396	4	M+2ACN+2H
101.07513188339765	1	26825.457197122465	935.3970013344051	398	4	M+2ACN+2H
102.07706014626618	1	116.49982971893607	931.594603447754	399	4	M+2ACN+2H
118.0862189476596	1	246507.33232051707	929.9670394315048	400	4	M+H
119.09069392703904	1	212.83331737174274	929.4311465053794	402	4	M+H
119.08344240089507	1	1124.2220524591967	930.3613011880446	403	4	M+H
120.09561533315461	1	20.762442026811094	930.9280062579755	404	4	M+H
119.08959769038456	1	14088.202397871362	930.845773225956	406	4	M+H
121.09384394094727	1	61.41809414243108	932.3793821285327	407	4	M+H
120.09302640369407	1	329.4899529645811	929.4894368678215	408	4	M+H
120.0867191658214	1	55.30417022434115	927.5219072757227	409	4	M+H
135.1127171412278	1	245928.28761680255	932.7768873545808	410	4	M+NH4
137.11702552505514	1	1144.8722404665243	929.5555125562832	411	4	M+NH4
136.11707195963908	1	221.8910948572405	927.3640447518878	412	4	M+NH4
137.12237052625272	1	26.974483288969	930.5173352080178	414	4	M+NH4
136.1192182308329	1	473.55939580644593	929.4933956850211	416	4	M+NH4
137.11935278208205	1	263.00433614108925	931.6302562095971	417	4	M+NH4
136.11631122430617	1	14250.376888638786	931.9610300180582	418	4	M+NH4
138.12034737180593	1	73.57451031029815	930.7884941333597	419	4	M+NH4
140.06810843397182	1	301712.51846749824	930.7625075430024	420	4	M+Na
142.07246847367367	1	1064.3695991911566	927.0819569491283	421	4	M+Na
141.0724487489059	1	228.09939700875879	933.8388412231968	422	4	M+Na
141.06528154263174	1	1079.5060481333244	925.4406293326373	423	4	M+Na
141.07457401934803	1	387.24333710634846	929.0699200613427	425	4	M+Na
141.07162526429832	1	12044.722323037251	929.7926227559749	426	4	M+Na
142.07523726824658	1	338.2852588699132	930.8947965584166	428	4	M+Na
142.0684203304959	1	43.245353544927276	928.5885675936969	429	4	M+Na
150.11263385757954	1	244577.46375907635	931.0668710573586	430	4	M+CH3OH+H
151.11663705801166	1	355.239703170635	930.272548428571	432	4	M+CH3OH+H
152.11307138669426	1	67.2155093189126	928.9787801137562	433	4	M+CH3OH+H
152.12215230762894	1	29.657818356404754	931.4781407047145	435	4	M+CH3OH+H
151.11897991881355	1	576.2373094511586	929.0729114401715	436	4	M+CH3OH+H
152.11932025042688	1	488.9361488287617	928.7584010569777	437	4	M+CH3OH+H
159.1128150942533	1	325996.69162967656	926.5656354833349	440	4	M+ACN+H
161.11730269668976	1	1113.380377769202	929.6540776456513	441	4	M+ACN+H
160.11710902240927	1	203.52777387994067	932.5756461214779	442	4	M+ACN+H
161.11304655997458	1	157.615803293993	928.6179723240933	445	4	M+ACN+H
160.11905475687502	1	402.317601887892	928.8774320731417	446	4	M+ACN+H
161.11931625389317	1	722.0489963862342	931.8900229609087	447	4	M+ACN+H
55.54013607066977	1	624.9992996372813	888.3121753185493	451	5	M+2H
56.038676640733755	1	1.144198143552349	885.0215796966552	452	5	M+2H
55.544802616574515	1	104.09390139085815	887.37545748853	453	5	M+2H
55.54334761692383	1	6042.610655639731	888.913714027419	454	5	M+2H
56.041760871997035	1	51.41081734792255	885.5718520270935	455	5	M+2H
56.54360167774761	1	1.181960113963422	887.3788041359578	458	5	M+2H
63.55494699543485	1	83190.9234202793	888.4537029407905	460	5	M+H+NH4
64.05793660086897	1	144.57319278656328	886.1006752898886	463	5	M+H+NH4
65.05986708376436	1	2.781162350041656	886.6558016011157	464	5	M+H+NH4
64.05660009730218	1	5323.568567367166	887.9354394034054	465	5	M+H+NH4
64.55963637277553	1	9.816736064802301	888.9088828066763	467	5	M+H+NH4
75.55498071990226	1	82691.2654524991	886.3194260875825	470	5	M+ACN+2H
76.55203496689775	1	3.579034814189775	889.6608791153003	472	5	M+ACN+2H
76.05809309348909	1	140.6594539261328	884.9018709393092	473	5	M+ACN+2H
76.0566317560474	1	7993.379052168646	884.9820883237563	475	5	M+ACN+2H
76.55979988568224	1	12.608106230901251	886.8839697419385	477	5	M+ACN+2H
76.55840325106153	1	251.33941731968812	884.8869825048832	478	5	M+ACN+2H
77.05677091254566	1	3.2583049648264404	889.4154448575872	479	5	M+ACN+2H
96.06840100147637	1	99462.66207107836	888.7342942468562	480	5	M+2ACN+2H
96.56678320497205	1	1392.0266194801536	888.5304785309315	481	5	M+2ACN+2H
97.06526813683958	1	8.202878034479468	885.9515769672984	482	5	M+2ACN+2H
96.56995653812946	1	9976.024305818131	888.3414583631912	485	5	M+2ACN+2H
97.07291512047897	1	18.99367969071528	887.3324676260712	487	5	M+2ACN+2H
97.07142927836637	1	357.6670778137454	882.5161228113411	488	5	M+2ACN+2H
97.57009170164712	1	7.24486852352179	890.5447810102297	489	5	M+2ACN+2H
109.07605455750145	1	89257.63794518822	886.4133788980486	490	5	M+H
110.07323188869353	1	725.2076100219767	887.8039015696227	491	5	M+H
110.08235564225987	1	106.6336297407636	882.6424855476209	493	5	M+H
110.07922430137145	1	6727.576719898165	885.8688592613854	494	5	M+H
111.07638872720625	1	45.88513634411531	885.0101466986507	495	5	M+H
111.08564309016828	1	6.458380167013925	883.7624494709974	496	5	M+H
111.0828769570927	1	176.34284868750416	885.8230829992546	497	5	M+H
112.07983428441398	1	1.3914974341790394	886.9235671443024	498	5	M+H
112.08594702640795	1	2.4163831217755063	884.3426834665333	499	5	M+H
126.1026248673166	1	98752.98121713157	888.8110161497514	500	5	M+NH4
127.09975466443113	1	1011.5219700379154	888.1973995872255	501	5	M+NH4
128.09679878701328	1	3.4525701228852483	888.9924835193386	502	5	M+NH4
127.10880406949231	1	106.41632709264036	888.5027054591599	503	5	M+NH4
129.11249837427164	1	2.3899757382826516	885.5838417460336	504	5	M+NH4
128.10269174156565	1	65.749575259887	888.4686485678856	506	5	M+NH4
128.1093149438975	1	147.85143031408296	889.1746493395223	508	5	M+NH4
129.1065306510962	1	1.7712803332530638	889.0083090806083	509	5	M+NH4
131.05789386865123	1	88601.12264289922	884.2631666621404	510	5	M+Na
133.05196925744082	1	1.3243364577712162	888.3526344211457	512	5	M+Na
132.06421073986357	1	82.18259916482752	883.6322219427294	513	5	M+Na
132.06118480220786	1	5853.016549072117	888.634387696594	514	5	M+Na
133.0585406959798	1	34.41507453193728	887.2336982595539	515	5	M+Na
133.0677048338015	1	6.0661247422851	886.6599934790137	516	5	M+Na
133.0646530685548	1	165.4876966210714	887.3009775837022	517	5	M+Na
134.06805324962997	1	2.9655001413008164	888.4707213039007	519	5	M+Na
141.10218720769038	1	90515.80655922095	887.5742163630623	520	5	M+CH3OH+H
143.10626790646316	1	185.5167992657171	887.2193817381152	521	5	M+CH3OH+H
142.10658388054406	1	33.13590591559609	883.9039360929669	522	5	M+CH3OH+H
142.09926125298836	1	710.8667132202285	892.3021891017704	523	5	M+CH3OH+H
143.1026531064104	1	58.147679710648404	889.1983841942767	525	5	M+CH3OH+H
142.10853778741384	1	148.33772965390386	887.1729155108912	526	5	M+CH3OH+H
143.10886661074014	1	213.96820195194448	886.2994467941276	527	5	M+CH3OH+H
142.10558843399414	1	6930.591047543641	891.1650955523843	528	5	M+CH3OH+H
150.10278654019154	1	82053.84804982711	883.059600293057	530	5	M+ACN+H
151.09959658088388	1	887.9796443753596	886.334175048548	531	5	M+ACN+H
152.09664000527172	1	3.6985623339379603	887.5105351475894	532	5	M+ACN+H
153.1124024934523	1	5.51475946904743	885.6872421140097	534	5	M+ACN+H
151.1059552138963	1	7871.537616099961	888.9023849193862	535	5	M+ACN+H
152.10263105705152	1	86.0406886938249	886.5112121887352	536	5	M+ACN+H
152.10934680277634	1	301.37573401631937	884.4842788311643	538	5	M+ACN+H
153.1064081801388	1	3.6263944450368744	885.9768463075671	539	5	M+ACN+H
118.0699827042459	1	439.2088581375583	990.0205948689365	541	6	M+2H
117.569929615197	1	68.54251388513043	994.6610038705768	542	6	M+2H
118.57291938381047	1	46.43306434278067	990.4703465378211	544	6	M+2H
118.07139149608867	1	823.3985879336848	989.5329246862088	545	6	M+2H
117.57106560383784	1	219.16513384714884	992.08506105173	546	6	M+2H
118.06797002617537	1	90.83978832131592	993.3173629375481	547	6	M+2H
117.56959780505287	1	12767.259600262374	994.3965538847025	548	6	M+2H
125.58104820610232	1	102397.63967283549	994.1994356529872	550	6	M+H+NH4
126.58343600453891	1	433.8434406984868	988.705933885253	551	6	M+H+NH4
126.0830382493047	1	70.36912205052555	990.2551544520927	552	6	M+H+NH4
126.07985678999266	1	1080.5307677064254	989.5868383261188	553	6	M+H+NH4
127.08618458053834	1	42.34166768939252	992.2399021374803	554	6	M+H+NH4
126.58455064169753	1	1028.6236809923855	991.1462909125161	557	6	M+H+NH4
126.08288379405488	1	12909.018332650097	987.6595002340564	558	6	M+H+NH4
127.08486721538281	1	57.36112737279508	992.557592692473	559	6	M+H+NH4
137.58112729921254	1	102717.92154991184	991.3411505339291	560	6	M+ACN+2H
138.0832727586316	1	99.13945243886236	993.9780483356092	562	6	M+ACN+2H
138.07970942476436	1	1204.7275484755926	988.833267575556	563	6	M+ACN+2H
138.5843924684488	1	1117.7033729869006	994.2143577339746	567	6	M+ACN+2H
138.08280617504172	1	14156.41408884216	990.65558974779	568	6	M+ACN+2H
139.08502329661127	1	74.91166185829101	994.4886908518562	569	6	M+ACN+2H
159.09659130632588	1	460.60467532620146	995.112934268744	571	6	M+2ACN+2H
158.59646172212194	1	71.91808453602205	991.6068180492312	572	6	M+2ACN+2H
158.59313243545873	1	1407.250227076312	987.8720020712581	573	6	M+2ACN+2H
159.09494000957713	1	260.12528150363113	993.232936475425	574	6	M+2ACN+2H
159.59935524480062	1	83.57903517235941	989.6963240191311	575	6	M+2ACN+2H
158.59752021479713	1	237.8948715776006	991.2599183228451	576	6	M+2ACN+2H
158.59619130124472	1	18085.369590635408	993.9936988922028	578	6	M+2ACN+2H
159.59814961804824	1	75.36521612282758	992.6316378934998	579	6	M+2ACN+2H
235.13222485611215	1	433.5837586762509	992.4737136717911	581	6	M+H
234.13278199662273	1	83.6135490822631	992.9032838848785	582	6	M+H
236.13891841995448	1	39.35897462934626	993.5900489717859	584	6	M+H
235.13543286039874	1	1002.6706239459247	991.946628694631	585	6	M+H
234.13477647819315	1	193.1716565284357	988.4550046936853	586	6	M+H
236.1359820667244	1	64.09164102773961	992.7935727143058	589	6	M+H
250.15463424054292	1	125036.40712828345	991.1886717330246	590	6	M+NH4
252.15950012406205	1	464.5114225212404	992.700233709448	591	6	M+NH4
251.15892269326372	1	89.51583353301037	992.3140233187335	592	6	M+NH4
253.1649844424557	1	31.22337679837855	994.0173367069683	594	6	M+NH4
252.15569789082198	1	170.39191189909724	993.0032721200384	595	6	M+NH4
251.16191465211514	1	220.89278387986556	993.9182539588023	596	6	M+NH4
252.1619204706269	1	971.1030995762371	989.9132198418408	597	6	M+NH4
251.15875295916192	1	12764.164769971167	992.2971965440861	598	6	M+NH4
253.1625108011586	1	54.67732270954254	990.8408369979131	599	6	M+NH4
257.114719405324	1	387.15906044210504	990.3073246880327	601	6	M+Na
256.11440475250475	1	85.55680509459694	991.3914937096584	602	6	M+Na
256.1073659559111	1	960.1584126879524	992.2156796772688	603	6	M+Na
257.1110602157235	1	105.83232471652444	991.0254813058225	605	6	M+Na
256.1164575932702	1	181.28061480469785	992.7059178756186	606	6	M+Na
257.1170443596982	1	973.9398022492409	991.6930236867536	607	6	M+Na
256.113809038022	1	16699.34533645616	992.908400326446	608	6	M+Na
265.1548906818193	1	108569.54648738324	991.3300495528581	610	6	M+CH3OH+H
267.15890861466147	1	594.305013137758	991.646228383183	611	6	M+CH3OH+H
266.1581912921638	1	132.46451362643504	991.2531676685281	612	6	M+CH3OH+H
266.15750389610463	1	15192.308245079308	992.1814160415398	613	6	M+CH3OH+H
266.152074087018	1	728.3466819490302	988.7545343202065	614	6	M+CH3OH+H
268.16505636686327	1	48.48851780822421	993.987429129258	615	6	M+CH3OH+H
268.1626846726289	1	99.58368666347015	993.0207583632083	616	6	M+CH3OH+H
267.1615786552343	1	1105.2606282385077	993.2142122582221	618	6	M+CH3OH+H
274.1548913005787	1	116154.84541021303	992.8242224891183	620	6	M+ACN+H
276.1590610677922	1	389.382642105433	991.8714297494088	621	6	M+ACN+H
275.15911058135225	1	88.15211535162906	993.8693516570969	622	6	M+ACN+H
275.1518032456727	1	1071.10770843955	992.0705632877318	623	6	M+ACN+H
277.1659333617009	1	55.32037745218211	991.967430806216	624	6	M+ACN+H
275.16120855728525	1	254.21266928363383	994.9900924613574	626	6	M+ACN+H
276.16158728445765	1	1319.032668849122	991.3145848713154	627	6	M+ACN+H
275.1583067613188	1	15503.56362628095	992.6993740736043	628	6	M+ACN+H
95.04330436555787	1	154.76919720086727	1106.5224669988077	631	7	M+2H
94.54346982778401	1	26.23172313304166	1105.9280330035213	632	7	M+2H
95.54505422340407	1	20.990021014088065	1108.2776601709886	635	7	M+2H
95.04499928778256	1	3.533493636580839	1110.3803126654532	636	7	M+2H
95.04613497035149	1	5.125642015757689	1108.0117133517451	637	7	M+2H
95.04447558187964	1	282.79608309540134	1105.1193585045748	638	7	M+2H
103.55670726044463	1	153.30541440399318	1107.145768871335	641	7	M+H+NH4
104.05828292201728	1	20.70505231668224	1105.3938545973976	647	7	M+H+NH4
103.55472151928456	1	19.144655727377263	1107.113820929232	649	7	M+H+NH4
114.55461300227921	1	38438.88725156809	1109.3361446003	650	7	M+ACN+2H
115.0567214981823	1	33.16199684852197	1104.5453191446347	652	7	M+ACN+2H
115.05301049594001	1	142.30639025418094	1108.630173013884	653	7	M+ACN+2H
116.05960978880177	1	16.953648785641732	1106.3114500553204	654	7	M+ACN+2H
115.05763798124723	1	60.66940391137564	1105.2965959598882	655	7	M+ACN+2H
115.05645120239672	1	5471.294271297352	1107.3510191185396	656	7	M+ACN+2H
115.55781264141709	1	340.4741739302418	1108.5408987420535	658	7	M+ACN+2H
135.0679444028243	1	41029.17664346954	1105.2034203747223	660	7	M+2ACN+2H
135.56641013549566	1	251.64634029120015	1104.1876068999804	663	7	M+2ACN+2H
135.57109977734044	1	78.6718860084805	1105.1312467702894	666	7	M+2ACN+2H
136.06772395774786	1	54.59622338113168	1106.194281852487	667	7	M+2ACN+2H
135.5696159312148	1	6427.653318291777	1103.2781025198378	668	7	M+2ACN+2H
187.07539675381588	1	38230.274916603135	1107.3457218116057	670	7	M+H
189.07980830811388	1	145.22151778023786	1106.4270673916603	671	7	M+H
188.07960504667926	1	25.317967041219465	1108.89602908906	672	7	M+H
188.08148581497892	1	42.3805282473126	1108.1535622033614	673	7	M+H
190.08294938165008	1	18.970488837294305	1107.3832999573317	675	7	M+H
189.0822750306932	1	355.7413695745627	1104.683003120341	678	7	M+H
190.08537317698494	1	9.408658780653079	1105.4113807110657	679	7	M+H
206.10627205902603	1	169.67042140585434	1105.0510005642109	681	7	M+NH4
205.10620700384828	1	29.841593142930154	1105.6044693561444	682	7	M+NH4
207.11214250691532	1	10.718028689420244	1104.0885576815842	684	7	M+NH4
205.10791941808827	1	48.4589390355714	1103.89080918147	685	7	M+NH4
205.10555722324025	1	4651.361306511845	1105.7887741325733	686	7	M+NH4
206.1085926092987	1	265.523307252874	1107.7544466730076	688	7	M+NH4
209.05736557610538	1	41100.436571822145	1103.9915835476586	690	7	M+Na
210.061497148822	1	29.138223867027506	1105.3598947615021	692	7	M+Na
210.06324485631427	1	32.82589102531023	1105.1060346648499	693	7	M+Na
212.0648883527876	1	19.712235205724376	1109.9963678167253	695	7	M+Na
211.06434912752707	1	305.7102271948414	1104.863686479138	698	7	M+Na
219.1015948202147	1	38560.980292486434	1108.9489988746197	700	7	M+CH3OH+H
220.1059738739782	1	45.634340132566116	1106.4677372837366	702	7	M+CH3OH+H
222.11164143268223	1	15.13165778198382	1103.9676084597124	703	7	M+CH3OH+H
220.10779864976317	1	61.50162016869791	1107.030556166196	704	7	M+CH3OH+H
220.10482811687532	1	4729.1868237560875	1107.6002943029657	705	7	M+CH3OH+H
221.10891653038578	1	5.6490170135659055	1109.8803412164777	707	7	M+CH3OH+H
228.10193060721693	1	44529.782678392156	1105.1554174111614	710	7	M+ACN+H
230.10624027825585	1	139.62489795894282	1105.4244844351867	711	7	M+ACN+H
229.10624957054813	1	27.554987561331004	1106.2917502813184	712	7	M+ACN+H
229.09888339712123	1	112.2568538802549	1105.3660110981689	713	7	M+ACN+H
231.11183733525445	1	15.163165431338925	1103.9289193430982	714	7	M+ACN+H
229.10863838063307	1	54.88219870626897	1107.2646649058518	715	7	M+ACN+H
229.10541063787554	1	5396.082428222145	1106.9656947328288	716	7	M+ACN+H
231.1096544661649	1	22.980050187481528	1104.3207127431326	717	7	M+ACN+H
230.1085487957392	1	412.66330360097834	1106.3785538291675	718	7	M+ACN+H
230.10194566489724	1	18.787840078547855	1107.1532636037862	719	7	M+ACN+H
112.05439495315771	1	80.9419078737761	605.5452759843316	722	8	M+2H
113.05608221963011	1	43.90405260899172	602.6864174484705	724	8	M+2H
112.05081708550637	1	132.91414284943417	605.0390561952514	725	8	M+2H
112.0553928860695	1	88.6488030210765	604.2931680757539	727	8	M+2H
112.55598496940974	1	8.439805603436357	607.5819105931763	728	8	M+2H
112.0539587954831	1	3990.8232364426017	604.7456777142446	729	8	M+2H
120.06551397978598	1	45929.65401973833	607.7250728511008	730	8	M+H+NH4
120.56754913975612	1	95.62378171213355	608.9665258354868	732	8	M+H+NH4
121.56925849720164	1	37.28702219709864	605.6750674114609	734	8	M+H+NH4
120.56410240308237	1	287.7976175574117	603.9531800627793	735	8	M+H+NH4
121.07032309805423	1	8.80672053304105	603.4316331805076	736	8	M+H+NH4
120.56732173879789	1	4029.6834208631526	606.1321398392199	737	8	M+H+NH4
121.06899212682566	1	151.79465410496866	606.6865243356837	738	8	M+H+NH4
133.06763166473618	1	462.0259391130263	607.8990011550246	741	8	M+ACN+2H
132.5675467017478	1	90.39534096128614	607.8690603149719	742	8	M+ACN+2H
132.56388154389265	1	268.71194493733395	606.8579864464131	745	8	M+ACN+2H
133.07028063391542	1	10.868448191437949	607.7015580440345	746	8	M+ACN+2H
132.5669589123406	1	4628.934853733208	608.4103385288603	747	8	M+ACN+2H
133.06894996737535	1	205.5560968543622	604.3076114732684	748	8	M+ACN+2H
132.56886737165445	1	93.99354106731118	606.549877424678	749	8	M+ACN+2H
152.5789188047679	1	38010.54099338545	608.044365344717	750	8	M+2ACN+2H
153.08067005713704	1	86.37745059993495	603.9474209610364	752	8	M+2ACN+2H
153.57881704813298	1	61.37580498559456	605.8728346577159	753	8	M+2ACN+2H
154.08278108375595	1	64.67409218632402	605.8597664662902	754	8	M+2ACN+2H
153.08057636322303	1	4935.228377725456	609.5745771181188	757	8	M+2ACN+2H
153.5821004724658	1	259.08240540351153	607.1802121161181	758	8	M+2ACN+2H
153.08187821823614	1	116.74364460602341	608.2666984023068	759	8	M+2ACN+2H
224.10119477792355	1	585.9436516404654	602.7714913768668	761	8	M+H
223.10152419400362	1	99.78936713963809	610.0920083093143	762	8	M+H
224.10373381124097	1	128.43327377543125	607.9748262481895	763	8	M+H
224.10509337799311	1	7.8201614451935315	606.6385021405255	764	8	M+H
224.09769103972062	1	12.125616975450427	607.166494428689	766	8	M+H
223.10317046213333	1	91.67906263119191	609.9328567694776	767	8	M+H
225.1049783120346	1	37.38266632388556	606.9956006591159	768	8	M+H
223.1007920420416	1	3394.4726545165713	609.5869633723604	769	8	M+H
239.12410230789305	1	42583.13027348491	606.1567849565691	770	8	M+NH4
241.12768174203543	1	529.5840379426729	605.721058816081	771	8	M+NH4
240.12780389273468	1	89.34017068102058	607.6344530407922	772	8	M+NH4
242.1316687923788	1	49.26216452566514	607.7020604772763	774	8	M+NH4
240.12102423158146	1	292.4170842988097	607.7561826440544	775	8	M+NH4
241.1304675563237	1	148.96400347145902	606.6548534093018	776	8	M+NH4
240.1297436785746	1	97.00754371210934	604.1678368133319	779	8	M+NH4
244.07898445689335	1	42963.798724231114	605.3430384901494	780	8	M+Na
246.08300199932637	1	633.71168668517	601.7561581383558	781	8	M+Na
246.0860280575057	1	129.44365443309144	610.6990869725729	783	8	M+Na
246.07954319469792	1	15.552302909429129	608.0987807186438	786	8	M+Na
247.08629556094255	1	46.647871493003436	606.5292399212275	788	8	M+Na
245.08298406492165	1	3309.7255563155945	603.0307832785743	789	8	M+Na
255.12715534610422	1	90.59277572973305	604.2746609139338	792	8	M+CH3OH+H
256.1300995667491	1	170.28138544798503	605.2573678953122	793	8	M+CH3OH+H
257.13076115870433	1	72.96488121462245	606.9308526601448	794	8	M+CH3OH+H
255.12042518160115	1	149.79037643123573	608.2764869791082	795	8	M+CH3OH+H
256.12348446464574	1	14.781265402812478	606.600457008309	796	8	M+CH3OH+H
255.12964603383986	1	83.00940611837865	603.9081220866531	797	8	M+CH3OH+H
263.12433252937586	1	38769.55278562191	607.8805332835844	800	8	M+ACN+H
265.1240753950307	1	33.71633283974602	607.673667603245	803	8	M+ACN+H
266.1314718471671	1	55.19406777073806	608.855318598516	804	8	M+ACN+H
264.1213662672584	1	330.15635509802064	607.6460794585922	805	8	M+ACN+H
264.13010627968754	1	79.36860574912158	606.0695497277935	809	8	M+ACN+H
76.53204367286985	1	264924.1741669189	484.1039506476041	810	9	M+2H
77.53418854684138	1	480.4033210325291	488.49999731550065	811	9	M+2H
77.52905756717149	1	28.430540243457116	488.016047995515	815	9	M+2H
77.03520995937023	1	164.58259342017809	485.54606610842006	816	9	M+2H
77.53199764603946	1	218.27586299593003	487.2843125337333	817	9	M+2H
77.03368325695017	1	9738.945675705834	488.48112315653816	818	9	M+2H
78.03591982410298	1	19.529824382226504	487.30277816637073	819	9	M+2H
85.0452876030117	1	200397.09180600938	484.95893793440405	820	9	M+H+NH4
86.04749764231103	1	397.54604821238337	487.2267097651986	821	9	M+H+NH4
85.54381197087378	1	4346.520651045261	482.0663355484937	823	9	M+H+NH4
86.04227856356272	1	48.31266650978958	489.5034983609857	825	9	M+H+NH4
85.5484394338889	1	220.78593978436797	487.32741768465957	826	9	M+H+NH4
86.04546525677125	1	203.12252929850115	486.59844781063464	827	9	M+H+NH4
86.54899795791029	1	20.407104598936517	486.2045525331308	829	9	M+H+NH4
97.04528960757862	1	185676.9185676279	486.09477956907415	830	9	M+ACN+2H
98.04739842210012	1	369.12478235909276	484.4916683006109	831	9	M+ACN+2H
97.5439214625939	1	3035.3339124997715	486.91960255862233	833	9	M+ACN+2H
98.0485683735316	1	418.96911590048296	482.0817562663959	834	9	M+ACN+2H
98.0422030655888	1	36.69185360157443	482.8165239183619	835	9	M+ACN+2H
98.0453602909401	1	358.59235418306827	488.66450260590034	837	9	M+ACN+2H
97.5468793012254	1	14022.039703031201	484.8730896855482	838	9	M+ACN+2H
98.54910650544221	1	30.695107848216598	483.81672020355404	839	9	M+ACN+2H
117.55874969623575	1	188581.11280817693	484.2450115930156	840	9	M+2ACN+2H
118.56065086587208	1	426.9702203274069	485.4070235180828	841	9	M+2ACN+2H
118.06073338500025	1	76.41862367104953	489.7234111675437	842	9	M+2ACN+2H
118.05698090265807	1	5402.168875499854	484.9823638321508	843	9	M+2ACN+2H
118.06010253045926	1	18517.66731925662	488.43240270054395	848	9	M+2ACN+2H
119.06233262564373	1	35.01091016511873	484.58991148740057	849	9	M+2ACN+2H
152.05659936498046	1	209320.42123719258	482.8096751311464	850	9	M+H
154.0609761400176	1	382.76195369388034	487.3869234708412	851	9	M+H
153.06101053763243	1	64.70527856491034	485.403185379632	852	9	M+H
153.05377937729645	1	3767.226220122168	486.0227180353564	853	9	M+H
154.05054439779525	1	25.389376941165544	488.4777699620797	855	9	M+H
154.05707707066844	1	217.38093774444368	484.2255098720574	857	9	M+H
169.08328282533034	1	169200.6419477775	485.74126061736536	860	9	M+NH4
171.09011397574005	1	232.25096103889433	484.10745661264224	864	9	M+NH4
171.07722908430713	1	38.657545693158006	487.8923695590251	865	9	M+NH4
170.08640193810004	1	10687.975450384167	482.3490760337468	868	9	M+NH4
172.09056422619565	1	20.819231833701018	488.1119582081142	869	9	M+NH4
174.03878577014058	1	216767.78168943853	484.4944313736331	870	9	M+Na
176.04276051386196	1	403.024318271086	484.22536147507583	871	9	M+Na
175.04280590958203	1	77.03844951090119	485.72637623284805	872	9	M+Na
175.03569314443544	1	3166.0406209834814	483.0566146292314	873	9	M+Na
176.04539109030884	1	247.5419281547398	485.44003652669164	874	9	M+Na
175.04497697421445	1	104.88807581604726	486.32541753346777	876	9	M+Na
177.0461513580923	1	26.012520704596625	487.4052842233468	878	9	M+Na
176.03920463033558	1	222.11200326100877	487.23264302777017	879	9	M+Na
184.08291369745342	1	191691.55377512076	484.2775798234163	880	9	M+CH3OH+H
185.0800128737283	1	3558.472043227303	490.3201481178947	883	9	M+CH3OH+H
187.0907892969458	1	47.776743133027104	485.60471321543247	885	9	M+CH3OH+H
186.07692107381203	1	28.379239263257833	485.9642309640184	886	9	M+CH3OH+H
185.0861382757556	1	11815.02887416705	485.72013410867964	889	9	M+CH3OH+H
193.08336129800767	1	211203.09034936182	486.9102786956352	890	9	M+ACN+H
194.08771343005512	1	84.4103198509052	484.1889679262407	892	9	M+ACN+H
195.08990184835608	1	473.3693102479339	482.76749510426316	894	9	M+ACN+H
195.07711345516603	1	40.09215233872773	487.3244245940027	895	9	M+ACN+H
195.0833748725487	1	310.47607191533496	482.9799948652078	897	9	M+ACN+H
194.0863608592355	1	14005.75208276017	486.4282707377977	898	9	M+ACN+H
196.09081925223964	1	30.36092620221429	482.4656327696641	899	9	M+ACN+H
85.54421292529142	1	308004.7172798902	820.4313944750737	900	10	M+2H
86.54636802387357	1	1825.9490272871565	820.7967421168447	901	10	M+2H
86.04631530499603	1	362.7894661744745	821.0022611659671	902	10	M+2H
86.5443763163387	1	99.64598708965323	825.6650167089939	903	10	M+2H
86.04286494878613	1	1395.5059581619962	821.4631121061306	904	10	M+2H
86.54911261680218	1	44.06739501061696	819.1865113856358	905	10	M+2H
86.04744714933564	1	459.3203371800624	819.343085197692	906	10	M+2H
86.04598346673582	1	25871.72595951914	818.2662345459223	907	10	M+2H
87.04812391182882	1	167.24552710672808	822.3687024983121	908	10	M+2H
86.5477591174349	1	1016.6084398514074	822.4992839762709	909	10	M+2H
94.05744715518209	1	332075.2927591321	822.1090366669164	910	10	M+H+NH4
95.56128635195279	1	171.10190902219964	818.4659452568144	913	10	M+H+NH4
94.55601289689382	1	2558.422450037057	819.8145243423559	914	10	M+H+NH4
95.0623386424285	1	52.63361648560943	820.0886397615549	915	10	M+H+NH4
95.05757521997252	1	222.73065348947816	823.0453315127901	916	10	M+H+NH4
94.56076576489328	1	476.1491082586592	822.2177016234876	917	10	M+H+NH4
94.5591671775419	1	26558.84666152902	821.1344093619907	918	10	M+H+NH4
95.0609071642215	1	1021.4860830599972	820.4243120966293	919	10	M+H+NH4
106.057654729771	1	332439.3525532532	822.3284782672291	920	10	M+ACN+2H
106.55975087732837	1	378.6209140035811	817.6252521012493	922	10	M+ACN+2H
106.55605084840342	1	2208.77123351323	817.6316952474904	924	10	M+ACN+2H
107.05757416958164	1	231.89947930310362	822.7821920590799	926	10	M+ACN+2H
106.56069670686566	1	611.2185507372978	815.5240718075524	927	10	M+ACN+2H
106.55904034386324	1	36157.14985980653	821.8874214345252	928	10	M+ACN+2H
107.06080575946345	1	1566.1980372294845	820.3682295820686	929	10	M+ACN+2H
126.57079565608304	1	276291.32969862304	823.8338744625365	930	10	M+2ACN+2H
127.07280087907024	1	314.0035013615383	820.6280209823773	932	10	M+2ACN+2H
127.0725052593325	1	42457.28297920425	820.3574940107994	933	10	M+2ACN+2H
127.06941543692591	1	3379.1822222054893	817.9673621681657	934	10	M+2ACN+2H
127.57549886153066	1	92.20703032992922	821.369334334653	935	10	M+2ACN+2H
127.5742670950719	1	2302.693414263566	822.7345793784839	936	10	M+2ACN+2H
127.57086586525409	1	367.04967867403616	821.8696222963383	937	10	M+2ACN+2H
128.07456498373546	1	287.0831142407443	822.2556402306102	939	10	M+2ACN+2H
170.08121960057647	1	350385.64311185497	822.6282417911493	940	10	M+H
171.08526027661227	1	362.87757922182135	820.4993596846293	942	10	M+H
172.0815352573776	1	105.81958982991597	819.8964777779261	943	10	M+H
171.07839659582774	1	1076.3419519222673	823.2170680548242	944	10	M+H
172.09086998730422	1	38.88164662914861	818.4025044951034	945	10	M+H
171.08737115548288	1	441.3437241527942	819.7671870162715	946	10	M+H
171.08450470018784	1	25730.242830507388	825.8255119855518	947	10	M+H
173.08860647337065	1	164.99951185542866	818.374498012914	948	10	M+H
187.107503607907	1	306901.90252348833	822.046357514247	950	10	M+NH4
188.11186955770702	1	359.2590085904199	819.7648180168912	952	10	M+NH4
188.10493930718468	1	2076.1190715459074	822.2235761214843	954	10	M+NH4
189.11736675867425	1	50.02233683822334	820.8293638063591	955	10	M+NH4
188.1139054236987	1	468.3281634470908	821.3112291997726	957	10	M+NH4
189.1145364657918	1	1266.578425593884	820.1585771773539	958	10	M+NH4
192.0629570869425	1	291808.16790235514	818.946003926755	960	10	M+Na
193.06724148747344	1	325.14823897698267	819.1431315221231	962	10	M+Na
193.0602977856242	1	1146.6166795010922	821.114343084328	964	10	M+Na
193.06955449437336	1	364.01883824263507	822.6135047190633	966	10	M+Na
193.0665503523747	1	27738.192142136115	820.2768306908938	967	10	M+Na
202.10739493934778	1	295988.6861489064	821.8363960316626	970	10	M+CH3OH+H
204.11159493838431	1	2299.479494910331	816.6020964486481	971	10	M+CH3OH+H
203.11177955119763	1	537.4707359262316	820.8806478548923	972	10	M+CH3OH+H
204.10788236761678	1	129.93612267189906	818.4927505082137	973	10	M+CH3OH+H
203.1042473857365	1	1256.6543518589228	821.3923393351565	974	10	M+CH3OH+H
203.11388106527198	1	541.5140370100511	823.347098921642	976	10	M+CH3OH+H
204.1141572629527	1	1244.6142157327617	821.0705448514803	977	10	M+CH3OH+H
203.11138809928204	1	32416.75147325462	821.409275855527	978	10	M+CH3OH+H
212.11176516490306	1	366.6474791250466	823.4717030148935	982	10	M+ACN+H
214.11526199981094	1	177.8709182469257	817.1075397023599	983	10	M+ACN+H
212.10434899619642	1	2515.805097815193	821.0200288825787	984	10	M+ACN+H
213.10846698145923	1	206.7495774625435	817.0511632972587	986	10	M+ACN+H
212.11088662920594	1	39991.393692365215	822.112948480249	989	10	M+ACN+H
100.50499938025288	1	37319.47939426665	1298.1677165807498	991	11	M+2H
100.5072048372197	1	876.603682990149	1302.0189145466786	992	11	M+2H
101.50728406814362	1	156.6813954440111	1299.895419500934	993	11	M+2H
100.00726772037818	1	159.8749576626623	1296.124432862059	994	11	M+2H
100.50841492257985	1	196.83199093493056	1299.0293204475959	997	11	M+2H
100.00813886437706	1	328.86251601658824	1294.0476138962238	999	11	M+2H
108.0183150354185	1	209225.8170395814	1299.8386536556607	1000	11	M+H+NH4
109.01841581116233	1	33718.72727251725	1298.0811351071115	1001	11	M+H+NH4
109.02153383097863	1	235.84010529266737	1294.919650529731	1003	11	M+H+NH4
108.51980668274167	1	8105.524299018469	1300.17719006853	1005	11	M+H+NH4
109.51683473659119	1	230.8650276399877	1299.2239934427676	1007	11	M+H+NH4
109.52020807974108	1	1700.9989225276138	1296.8446001401521	1008	11	M+H+NH4
121.01822175325132	1	35307.24701105337	1301.397100275165	1011	11	M+ACN+2H
121.02048393623278	1	1043.897049820949	1298.5615688489345	1012	11	M+ACN+2H
121.02185946013437	1	568.3828296283746	1296.4452427008462	1013	11	M+ACN+2H
120.52042886776536	1	133.23844527525017	1297.034846106462	1014	11	M+ACN+2H
120.52002432092209	1	13241.678098308905	1297.4822406430533	1015	11	M+ACN+2H
121.51688407459551	1	217.45787019013275	1299.2396013652265	1017	11	M+ACN+2H
121.51995249852133	1	2029.6679616678787	1295.7473072741284	1018	11	M+ACN+2H
120.52155054977366	1	396.49659211525454	1296.4735960700843	1019	11	M+ACN+2H
140.5313192446581	1	170851.7122193763	1300.251767925644	1020	11	M+2ACN+2H
141.53170524694616	1	199.98679577587066	1298.0715455505738	1023	11	M+2ACN+2H
141.53503132617624	1	643.0399848731864	1297.2096420384585	1024	11	M+2ACN+2H
141.0302074465887	1	1965.6452732767227	1298.8067351405462	1026	11	M+2ACN+2H
142.03037181760862	1	337.71597355336695	1293.8312613031483	1027	11	M+2ACN+2H
142.03341538676867	1	3042.4176279862713	1297.5913837810915	1028	11	M+2ACN+2H
141.0347959961579	1	426.67556444733657	1300.0917150843825	1029	11	M+2ACN+2H
198.00275551389308	1	194441.0531472749	1302.0988386290574	1030	11	M+H
200.00275485325776	1	30696.070330144452	1294.9554231335094	1031	11	M+H
200.0070719396625	1	801.6545958498474	1299.5902649159066	1032	11	M+H
202.00735394348396	1	153.26044799005325	1296.7806062042046	1033	11	M+H
199.0065700286503	1	157.78230300915715	1297.8445086286233	1034	11	M+H
198.99962557923914	1	845.0887123690867	1298.9595684139463	1036	11	M+H
201.00626920934616	1	2059.735292436601	1300.1752856756393	1038	11	M+H
199.00920527395078	1	270.05503745096166	1298.353867513905	1039	11	M+H
215.02905204803793	1	233306.73427161164	1297.3810158770693	1040	11	M+NH4
217.0334841910702	1	874.0841689127775	1296.4480617780687	1042	11	M+NH4
217.03622131310988	1	228.86523782170522	1298.1616331728471	1043	11	M+NH4
216.0262686732894	1	1412.7049495948831	1300.4096775015528	1046	11	M+NH4
218.02652370196145	1	279.37566721715336	1295.592654065282	1047	11	M+NH4
218.03283690036946	1	1920.5185354197201	1298.639359955691	1048	11	M+NH4
216.03562774571856	1	324.5410637504264	1300.8171331958697	1049	11	M+NH4
219.98473285583103	1	206414.8971013361	1302.0564307625923	1050	11	M+Na
221.98507414141878	1	34039.961304576296	1298.743137855631	1051	11	M+Na
220.98867107128675	1	184.53370023509504	1298.9951318037884	1054	11	M+Na
220.98773672080466	1	12576.502576805204	1296.4874253265689	1055	11	M+Na
220.98213068196858	1	711.6534523235581	1298.4896949844078	1056	11	M+Na
222.9885867383395	1	1880.005100517599	1297.229406611336	1058	11	M+Na
220.99094334008382	1	273.3044700411401	1295.5445887499368	1059	11	M+Na
232.02926755571644	1	34113.27580393557	1295.9578606629145	1061	11	M+CH3OH+H
232.0332830945974	1	1448.9979737977435	1300.469991091117	1062	11	M+CH3OH+H
234.03342591342434	1	207.61539347986186	1300.4168229403447	1063	11	M+CH3OH+H
231.03294322767354	1	189.36022379639405	1300.1078203238887	1064	11	M+CH3OH+H
231.02576324404447	1	854.3037238246551	1298.5419583337386	1066	11	M+CH3OH+H
239.02930242610933	1	165363.90116703976	1298.2173553480566	1070	11	M+ACN+H
241.02935499577072	1	41122.72790664388	1300.4219264310552	1071	11	M+ACN+H
241.0361145909928	1	539.1122288444341	1298.9802994766596	1073	11	M+ACN+H
240.02627268848576	1	1556.4361611953518	1297.4846076902593	1076	11	M+ACN+H
242.02608321969313	1	231.91891219179024	1297.0509017060008	1077	11	M+ACN+H
242.03233163617728	1	2464.6715736468554	1297.734412759195	1078	11	M+ACN+H
240.03591422773604	1	291.39895545429107	1301.2197427563024	1079	11	M+ACN+H
76.53078503595604	1	3179.131289268812	1167.6132044232274	1081	12	M+2H
76.03253178493034	1	611.3194059839419	1167.29286410844	1082	12	M+2H
76.53613633635256	1	72.72217304194801	1170.454646624949	1083	12	M+2H
76.53499615494772	1	252.6381229669785	1170.514930222983	1084	12	M+2H
77.03226469204276	1	129.0923714198133	1168.139326339716	1085	12	M+2H
76.03445526391054	1	3847.8145739428846	1169.796944273375	1086	12	M+2H
76.03482774789289	1	46.707102120564365	1166.7127332365437	1087	12	M+2H
76.03577784592933	1	116.52084362337195	1170.4305653519984	1088	12	M+2H
85.04389172307256	1	2762.5248305849245	1167.432978303936	1091	12	M+H+NH4
84.54574719245515	1	596.5920026243999	1168.4532963013294	1092	12	M+H+NH4
85.54556938999349	1	148.4559115710876	1170.2319574988112	1093	12	M+H+NH4
85.04813069507489	1	187.98278505572702	1169.179985396084	1094	12	M+H+NH4
84.5444579002147	1	538.5180208967085	1170.333532195931	1099	12	M+H+NH4
96.0459485809472	1	65100.2998082507	1170.2868554912593	1100	12	M+ACN+2H
97.04394713117978	1	2537.567531853113	1170.7338840315126	1101	12	M+ACN+2H
96.54791148162829	1	4210.761985010394	1168.731989214322	1105	12	M+ACN+2H
97.04946217703905	1	173.61390621337245	1168.4511381035759	1106	12	M+ACN+2H
96.54821649617602	1	56.784055317189804	1171.9161958522307	1107	12	M+ACN+2H
116.55926994356442	1	57752.38512149841	1172.0897024637452	1110	12	M+2ACN+2H
117.05937755810226	1	553.4154586257317	1172.195799122916	1112	12	M+2ACN+2H
118.05885943493286	1	283.15474587691665	1171.1980676503379	1113	12	M+2ACN+2H
117.56148100430363	1	197.08614241251982	1170.665058438526	1114	12	M+2ACN+2H
117.56287620559391	1	235.19061047087087	1169.7011959234555	1116	12	M+2ACN+2H
117.5594333530278	1	62.32100684220398	1169.8570622102666	1117	12	M+2ACN+2H
117.06230416875648	1	114.7738602115702	1168.1972299039805	1118	12	M+2ACN+2H
117.05787576134435	1	635.5235421496803	1163.8919640039444	1119	12	M+2ACN+2H
152.05407867378827	1	3199.54174122579	1167.736210980547	1121	12	M+H
151.0577376378785	1	480.99235853598566	1167.8807754982176	1122	12	M+H
152.06517693795354	1	78.77060202428325	1170.6751519912818	1123	12	M+H
152.0625283257891	1	320.3040076788604	1169.140399088492	1124	12	M+H
153.0575095633926	1	172.2010265249176	1167.6026357959458	1125	12	M+H
167.08461803350195	1	68142.42975587327	1167.086415711277	1130	12	M+NH4
169.08050117315307	1	2826.108638781921	1169.1907701440155	1131	12	M+NH4
168.08443784927084	1	508.09636314998664	1169.672025188718	1132	12	M+NH4
170.08414358872406	1	182.4172634033524	1171.7202336838018	1133	12	M+NH4
168.08820218045435	1	3300.7681062406386	1169.8301450863655	1135	12	M+NH4
169.09183633515542	1	68.79996864103859	1170.3814382565254	1136	12	M+NH4
168.08910677969155	1	51.66811485622539	1169.4689371554568	1137	12	M+NH4
174.0364558407668	1	2823.650848181671	1170.5243661713166	1141	12	M+Na
174.0468589164969	1	73.70645168323166	1169.5009963947525	1143	12	M+Na
174.04452693111094	1	240.92428950819303	1169.7757348643518	1144	12	M+Na
175.0394537802627	1	166.92140260480255	1167.187562415698	1145	12	M+Na
173.04391433646757	1	3230.9298415479034	1171.6161960808506	1146	12	M+Na
173.03727211625426	1	256.3200328514823	1171.4084549230247	1149	12	M+Na
182.0845809102888	1	68596.5552774696	1170.7655875191201	1150	12	M+CH3OH+H
183.08389855780916	1	597.5930796577613	1169.0356171812668	1152	12	M+CH3OH+H
184.09101251384232	1	136.83710650435094	1171.6062011132135	1155	12	M+CH3OH+H
183.0880089199462	1	4726.050288572058	1171.2705478724272	1156	12	M+CH3OH+H
183.0886706823194	1	69.39001862768032	1169.9761966006774	1157	12	M+CH3OH+H
183.0814356873399	1	246.34472166465193	1171.9031908951893	1159	12	M+CH3OH+H
191.08467908826944	1	59913.49648396306	1168.3991291923157	1160	12	M+ACN+H
194.08415408720128	1	186.54225309892482	1172.2058175882864	1163	12	M+ACN+H
193.0891735403273	1	259.5102521581127	1168.1069457805322	1164	12	M+ACN+H
192.08815334566705	1	4245.144278774649	1169.039804616485	1165	12	M+ACN+H
193.09149306813404	1	130.32813299686248	1169.5980745584122	1166	12	M+ACN+H
192.08933315181102	1	42.07480094248233	1167.967109241455	1167	12	M+ACN+H
192.09112929022587	1	97.02552938598504	1167.28587468291	1168	12	M+ACN+H
192.08189972652497	1	469.3536953965139	1172.0851905511238	1169	12	M+ACN+H
103.05222992981231	1	12536.544392789352	946.2364023139397	1170	13	M+2H
103.55429092275233	1	9.77328414680564	943.3559883654425	1172	13	M+2H
103.55081373334707	1	91.28850608744051	942.1173136676834	1173	13	M+2H
104.5572177796434	1	2.255248766230256	944.8516723615572	1174	13	M+2H
104.05256289490774	1	9.153527550598005	943.0358661313952	1175	13	M+2H
104.05559313644311	1	79.08385186721925	944.6458998468995	1177	13	M+2H
103.55377844857404	1	1330.7688061091528	942.5513331020021	1178	13	M+2H
104.5560595192834	1	6.3903382738367975	943.3425826709364	1179	13	M+2H
111.56562112005237	1	11077.439486652042	945.6884900267955	1180	13	M+H+NH4
112.06767052026369	1	9.908825638263297	944.7777060263181	1182	13	M+H+NH4
112.06393248852875	1	146.3061920807687	945.1136207940835	1183	13	M+H+NH4
112.56569104470782	1	18.613678940338577	943.2466404859133	1185	13	M+H+NH4
112.06850844539335	1	21.352330626836327	947.730334768918	1186	13	M+H+NH4
112.56884126217287	1	74.70475589899354	944.7885988572284	1187	13	M+H+NH4
112.06712552527468	1	1200.4304329571644	944.7758744115011	1188	13	M+H+NH4
123.56538237886618	1	8975.53389057106	943.8274051502514	1190	13	M+ACN+2H
124.06789252473158	1	9.790651203652823	941.4723469469067	1192	13	M+ACN+2H
124.06391905692226	1	131.5738610676557	945.5656369645139	1193	13	M+ACN+2H
125.07041136995709	1	4.549004724983083	945.9700047678505	1194	13	M+ACN+2H
124.06874583499459	1	22.315146776354467	942.8012068862379	1196	13	M+ACN+2H
124.06713539562281	1	1563.410864425824	948.4219869155303	1198	13	M+ACN+2H
125.06951287126257	1	6.104060197879852	946.6797845896344	1199	13	M+ACN+2H
144.07906722543626	1	11719.711899943844	941.6718368833364	1200	13	M+2ACN+2H
145.08130073532416	1	41.53066483880257	944.3200155710439	1201	13	M+2ACN+2H
144.58081194789278	1	8.727299495445532	947.9428003346057	1202	13	M+2ACN+2H
144.57721822375237	1	151.83105234486052	944.7848010476189	1203	13	M+2ACN+2H
144.58231722529922	1	25.603863530616053	946.1421356432254	1206	13	M+2ACN+2H
145.08225722343826	1	146.4177728291895	947.0154155659203	1207	13	M+2ACN+2H
144.5803334261379	1	1777.4766990544706	943.7484942997314	1208	13	M+2ACN+2H
207.1015806873551	1	44.34809942934544	945.4819272652436	1211	13	M+H
206.10159204707523	1	7.68293045678923	945.3707568433782	1212	13	M+H
206.09432633598237	1	78.83350608198761	944.410852029578	1213	13	M+H
208.10727657425187	1	2.2052368962282074	945.7337878386495	1214	13	M+H
206.1035045200052	1	15.407532270774457	946.1193383519376	1216	13	M+H
206.10041249618786	1	1244.397305679445	943.3178037968066	1217	13	M+H
208.10498013401954	1	6.6681016651186305	945.2014255984823	1218	13	M+H
222.1234709439487	1	12763.119864567241	945.7222090434627	1220	13	M+NH4
224.1275197941431	1	42.29876561638966	947.1598125157466	1221	13	M+NH4
223.12823989092104	1	7.424138011076433	944.3074718089108	1222	13	M+NH4
224.12428789122	1	16.143672748485276	947.1989436898169	1225	13	M+NH4
224.1305758001703	1	80.85847482861124	943.434374367698	1227	13	M+NH4
223.12722054736366	1	1262.0470585953885	945.395832999636	1228	13	M+NH4
225.1312104649388	1	6.351799457012868	947.741608521429	1229	13	M+NH4
227.07898043578555	1	12159.156982763132	942.7546477073648	1230	13	M+Na
229.0832895153415	1	46.88635016102191	947.407787773793	1231	13	M+Na
228.0832751481348	1	8.302256682596775	944.1510396977911	1232	13	M+Na
228.07641602772455	1	81.64909745433782	944.276285113423	1233	13	M+Na
230.0890295049847	1	2.643243563164652	944.4665054308853	1234	13	M+Na
229.07957837718223	1	7.9053410911426445	943.6013928607672	1235	13	M+Na
228.08275368929273	1	1313.3356271707728	946.4783107852867	1237	13	M+Na
230.08662380839667	1	6.034047379876139	946.4084352718489	1238	13	M+Na
229.08614182304512	1	79.01152868456965	945.9064639865286	1239	13	M+Na
237.12332818742956	1	11961.272993895906	942.2813716981524	1240	13	M+CH3OH+H
239.1278345098442	1	67.34685637025325	945.0678781401233	1241	13	M+CH3OH+H
240.13082380035024	1	10.374004231839928	946.0408353433312	1243	13	M+CH3OH+H
238.12058409452771	1	91.00375099546811	944.1586329452855	1244	13	M+CH3OH+H
240.13345779017675	1	2.740925631433448	942.1178724926109	1245	13	M+CH3OH+H
239.13030529501947	1	74.87131111086194	950.2109689962634	1246	13	M+CH3OH+H
239.12370879415477	1	13.3846319098081	946.4110197314319	1249	13	M+CH3OH+H
246.12391381579826	1	11588.723290332087	944.1050074670721	1250	13	M+ACN+H
248.1282204102706	1	43.94553826934494	947.2391692449155	1251	13	M+ACN+H
247.12801078428197	1	7.778523173642341	944.6605107535203	1252	13	M+ACN+H
247.12058417273153	1	119.23895091271628	944.4573624799546	1253	13	M+ACN+H
249.1337745909747	1	4.683668312447041	942.9729513069494	1254	13	M+ACN+H
248.12442340524115	1	21.411792344182548	945.2817879511435	1255	13	M+ACN+H
248.13012150390853	1	115.4835748424477	943.6196048013566	1257	13	M+ACN+H
247.12697799773983	1	1427.2068164217255	945.0069919535666	1258	13	M+ACN+H
249.13145041165208	1	6.321094868615592	945.280451320286	1259	13	M+ACN+H
76.53889598020949	1	42084.017108151595	1071.3440632466786	1260	14	M+2H
77.54103773936721	1	175.9865190379719	1079.0451598695713	1261	14	M+2H
77.04101328537058	1	30.24633612340113	1072.613342858493	1262	14	M+2H
77.54355355510486	1	4.98352330472122	1074.9539020380778	1264	14	M+2H
77.0420909224956	1	40.54451744813905	1075.0150968574487	1265	14	M+2H
77.04068411806479	1	3239.4743805384533	1072.7564104948094	1266	14	M+2H
78.0427652284586	1	16.432943575880923	1073.7073057901025	1267	14	M+2H
77.54244090478893	1	117.56920127360132	1074.0493976473786	1268	14	M+2H
85.05243549706873	1	36141.51740629131	1074.5627937678523	1270	14	M+H+NH4
85.55435886081823	1	33.85062238154995	1074.6141143674008	1272	14	M+H+NH4
86.05690403394888	1	4.986138277534691	1073.3951447602903	1274	14	M+H+NH4
85.55536913195228	1	75.70697762703652	1070.5099746083488	1276	14	M+H+NH4
86.05553834837247	1	133.56595416751946	1072.0836368574808	1277	14	M+H+NH4
85.5537557000934	1	3337.5518596238153	1072.1645157371686	1278	14	M+H+NH4
86.55619217498567	1	15.203214227202036	1073.2416125340387	1279	14	M+H+NH4
97.052228095035	1	39051.37450031052	1071.379878440317	1280	14	M+ACN+2H
98.05704622451405	1	6.258948297687365	1069.0734724234014	1284	14	M+ACN+2H
98.05218821336307	1	34.01187504806718	1074.1471952438708	1285	14	M+ACN+2H
97.55528390464772	1	67.71758439660891	1074.7008883745439	1286	14	M+ACN+2H
98.55602052975316	1	17.232959473137512	1073.2060211229061	1289	14	M+ACN+2H
118.56749427878404	1	179.21408048806208	1076.5479585848339	1291	14	M+2ACN+2H
118.06380096619407	1	390.0005568585757	1073.6845604178443	1293	14	M+2ACN+2H
118.56552050098468	1	53.270717685387886	1071.5762284586442	1295	14	M+2ACN+2H
118.06873835958363	1	78.56682355701872	1074.7816624541972	1296	14	M+2ACN+2H
118.56902847865665	1	327.4570508260721	1067.7615695657103	1297	14	M+2ACN+2H
118.06715749802288	1	5207.962729306817	1072.8810606667066	1298	14	M+2ACN+2H
152.0706191394438	1	45371.76714861842	1072.338572892051	1300	14	M+H
153.0749698033564	1	28.966819301018184	1075.87892645028	1302	14	M+H
153.07696579024508	1	47.169344761832214	1075.8733918097514	1305	14	M+H
153.07369706865074	1	3246.7625664111215	1072.830696242922	1306	14	M+H
155.0782246733931	1	14.977705095425158	1074.9509041653637	1307	14	M+H
154.07743520041686	1	130.76100051332614	1074.0240625615816	1308	14	M+H
171.10122505639796	1	173.32094265337355	1075.5738368713664	1311	14	M+NH4
170.0941361951827	1	281.96175101512273	1073.4958611243405	1313	14	M+NH4
171.10643290214938	1	4.9614775936965945	1071.589117727009	1314	14	M+NH4
171.09749907274912	1	23.525158140788648	1072.865536672274	1315	14	M+NH4
170.10354195477353	1	56.29771862726768	1074.763857345868	1316	14	M+NH4
170.10045907394527	1	3354.4867215871923	1076.2190785414778	1317	14	M+NH4
175.04964207257248	1	134.7445468226778	1072.107389826555	1323	14	M+Na
176.0625522843529	1	3.2219412541857078	1074.2066257645633	1324	14	M+Na
175.05902920207646	1	48.41141138987761	1074.4975142270453	1325	14	M+Na
175.05600254609206	1	3744.1824097209324	1073.2333009112801	1326	14	M+Na
177.06044580501168	1	15.403862422411812	1072.8531432609977	1327	14	M+Na
176.0591548512872	1	199.40535879866354	1073.629278280106	1328	14	M+Na
176.05298630131787	1	11.668157977325054	1074.8068014754626	1329	14	M+Na
186.10107397586572	1	266.70091225070826	1073.2849845689793	1331	14	M+CH3OH+H
185.09387463809182	1	127.89905427999577	1075.9999522291407	1334	14	M+CH3OH+H
186.10668643266627	1	6.23177969662352	1074.6970506440678	1335	14	M+CH3OH+H
185.10312058920164	1	74.15568076264725	1070.397032252921	1336	14	M+CH3OH+H
187.10447480010424	1	22.393721319277024	1074.7896164429126	1338	14	M+CH3OH+H
186.1032299316866	1	132.36963538583666	1075.4296226436786	1339	14	M+CH3OH+H
193.09741648773314	1	36351.95876929383	1072.7507764757747	1340	14	M+ACN+H
195.10138095191223	1	155.12389367576236	1080.7153751480757	1341	14	M+ACN+H
194.09428551072844	1	297.61853897775654	1075.2135652955394	1343	14	M+ACN+H
195.1067619894817	1	6.438296477846619	1074.2996384887692	1344	14	M+ACN+H
83.5466964067377	1	288268.1934769524	1416.1649925540119	1350	15	M+2H
84.04897714566833	1	239.16720436322734	1412.8363372300578	1352	15	M+2H
84.04987148332769	1	478.7137180186714	1414.1124274799479	1355	15	M+2H
85.05049935831046	1	120.84848481548659	1409.1316356966624	1357	15	M+2H
84.55005341742635	1	1382.9178880571462	1409.7656765589327	1358	15	M+2H
93.0621178020062	1	1170.4372469764487	1415.9621170405896	1361	15	M+H+NH4
92.56203388007667	1	209.9232820344373	1411.488033477525	1362	15	M+H+NH4
92.55841042688934	1	2228.1573779528644	1414.8306100473128	1363	15	M+H+NH4
93.06484884932208	1	57.340998901234876	1416.165011769054	1364	15	M+H+NH4
93.06022944658503	1	245.93173547233988	1413.4886074289484	1365	15	M+H+NH4
92.5630037728212	1	615.3867645582554	1410.0780437208566	1366	15	M+H+NH4
93.06332517480786	1	1318.8834485925727	1414.2000788366465	1367	15	M+H+NH4
93.56391989791538	1	134.0532737284101	1413.543277850328	1369	15	M+H+NH4
104.06000189286621	1	374604.677343415	1410.838268775089	1370	15	M+ACN+2H
105.06221729518396	1	1427.4861674365347	1412.1998359936713	1371	15	M+ACN+2H
104.56216953929194	1	216.3137566626468	1409.6595477336064	1372	15	M+ACN+2H
105.06482379848946	1	73.9337320076503	1415.7662046654123	1374	15	M+ACN+2H
105.0602861810514	1	264.3403766196408	1411.4326939272628	1375	15	M+ACN+2H
105.06329401272598	1	2179.392875764448	1412.147436189147	1377	15	M+ACN+2H
104.5616951189184	1	31683.51782223727	1414.6480680581276	1378	15	M+ACN+2H
124.57336049795344	1	306181.47036843025	1412.7740652863308	1380	15	M+2ACN+2H
125.07541119776316	1	245.26362195889095	1413.2253408444424	1382	15	M+2ACN+2H
125.0717163657779	1	3201.209129238054	1412.1117803467193	1383	15	M+2ACN+2H
126.07856274116314	1	112.78363061400033	1413.528034867438	1384	15	M+2ACN+2H
125.57372118271023	1	478.99301240349456	1408.9745991159264	1385	15	M+2ACN+2H
125.5765644365392	1	2735.632866186233	1413.0260826045283	1387	15	M+2ACN+2H
125.0749357604047	1	46823.22317975303	1414.0174367704824	1388	15	M+2ACN+2H
166.0863683087583	1	325684.162644875	1411.782514485503	1390	15	M+H
168.09049448397678	1	1353.213041140754	1415.394631785128	1391	15	M+H
167.09037069929525	1	226.69726274987522	1413.7815415310552	1392	15	M+H
168.09575520531052	1	37.51663469448495	1414.8339836190362	1394	15	M+H
167.08977156077998	1	27448.06601909753	1416.3649979742233	1396	15	M+H
168.09299815902793	1	1254.0456423104565	1411.364707570435	1398	15	M+H
183.1129808202174	1	299014.8841208594	1415.1631797962652	1400	15	M+NH4
185.11709823094748	1	1315.1700881369811	1413.8631375989262	1401	15	M+NH4
184.11713300101675	1	275.2084596021304	1412.57906961683	1402	15	M+NH4
184.10994939911478	1	2443.699228970325	1415.4152138473266	1403	15	M+NH4
185.12193841510822	1	47.155540471841164	1414.7623872598567	1404	15	M+NH4
185.11301944288599	1	207.15922611997826	1414.5572399614139	1405	15	M+NH4
184.11903925306183	1	583.2369705068583	1408.9452017638375	1406	15	M+NH4
185.1195785842285	1	1238.5815349035834	1412.5790423324856	1407	15	M+NH4
186.12052231456846	1	107.77426581174241	1412.4797229555277	1409	15	M+NH4
188.0680133790084	1	302632.5908262966	1413.6776692503458	1410	15	M+Na
189.06527183227726	1	1196.3346484693263	1413.9084860771202	1413	15	M+Na
190.07747940348258	1	37.14225374111267	1415.3412338947985	1414	15	M+Na
189.07443705497968	1	427.3769074276336	1415.3160224826547	1415	15	M+Na
189.07148946649525	1	33731.852146355806	1415.9170906343445	1416	15	M+Na
191.07572643431666	1	130.6070202730649	1412.8006298229482	1417	15	M+Na
190.07473416335313	1	1519.918196427362	1413.6185715293825	1418	15	M+Na
190.06857744967013	1	130.29614711305643	1414.9699694312037	1419	15	M+Na
198.11214607182382	1	316012.34145525255	1414.7467900611628	1420	15	M+CH3OH+H
199.1166240054864	1	341.3124404135091	1413.921658733109	1422	15	M+CH3OH+H
200.1131816760004	1	140.87581653499248	1412.254979591135	1423	15	M+CH3OH+H
200.12194025820244	1	57.981672878237774	1416.7588374870631	1425	15	M+CH3OH+H
199.11557170108642	1	39399.84686543662	1409.8607373382265	1428	15	M+CH3OH+H
209.11679767308797	1	1297.3724441883564	1418.1487437223016	1431	15	M+ACN+H
208.11707675518815	1	239.62592780266473	1413.4990785072619	1432	15	M+ACN+H
210.12263769084862	1	68.38577974936403	1412.1358826756866	1434	15	M+ACN+H
209.11351292546485	1	290.4180353776559	1414.5647897683489	1435	15	M+ACN+H
208.1161296735761	1	28891.172466395423	1413.9207345869993	1438	15	M+ACN+H
66.55457505555492	1	358720.8012801479	889.5590299729458	1440	16	M+2H
67.556775102003	1	1704.8058210905647	886.6315093479657	1441	16	M+2H
67.05669642886055	1	303.7142409805245	887.156426253504	1442	16	M+2H
67.05303376130452	1	1577.505680348147	886.2742381583824	1443	16	M+2H
68.05835076010304	1	89.71474304768039	888.4568610992152	1447	16	M+2H
67.55808300697672	1	661.1953964116641	889.618657867108	1448	16	M+2H
67.5548111121521	1	79.16628506245065	889.0719560998377	1449	16	M+2H
75.06803986241232	1	449148.9189825699	884.9086081792868	1450	16	M+H+NH4
76.06996712365641	1	1537.7783407056268	887.646617097756	1451	16	M+H+NH4
75.56991294849043	1	289.3197093755836	885.1792857979586	1452	16	M+H+NH4
75.56638998757813	1	2905.8583301694994	886.8146008134713	1453	16	M+H+NH4
76.07290832330767	1	63.205427671194435	884.6830296915113	1454	16	M+H+NH4
76.07111642500261	1	731.5835907363074	889.9764574860731	1455	16	M+H+NH4
75.57084783481216	1	741.3058461329149	889.1609709359033	1456	16	M+H+NH4
75.5696219904675	1	24702.953425504482	888.498468155869	1458	16	M+H+NH4
76.57180414587987	1	92.64769176911138	887.1988571046106	1459	16	M+H+NH4
87.06798474879677	1	456011.3980367377	886.6331557709818	1460	16	M+ACN+2H
88.07004135579595	1	2062.518739014499	889.686748002045	1461	16	M+ACN+2H
87.56989072497831	1	300.7360463762277	884.3109481737242	1462	16	M+ACN+2H
87.56653344547068	1	2649.5559545137335	887.8458575854054	1463	16	M+ACN+2H
88.07278566003677	1	74.83875218504667	890.2585981892016	1464	16	M+ACN+2H
87.57103262716815	1	712.5744269653875	889.0490010587293	1466	16	M+ACN+2H
107.58133263169931	1	348511.4037704868	887.1277502124905	1470	16	M+2ACN+2H
108.58326791419738	1	1434.9344954118337	883.0275841784628	1471	16	M+2ACN+2H
108.08339297290725	1	306.82929688722584	890.8388905741336	1472	16	M+2ACN+2H
108.07965050473659	1	4272.241341520936	887.4594279487021	1473	16	M+2ACN+2H
108.58151299265165	1	512.9843090156988	890.9588642599983	1475	16	M+2ACN+2H
108.08422123477858	1	1037.9718395849045	886.3551465643104	1476	16	M+2ACN+2H
108.58444690977255	1	1824.3361282794024	889.6267572313827	1477	16	M+2ACN+2H
108.08286071849662	1	45534.08027363513	886.0352639316826	1478	16	M+2ACN+2H
109.08485039969871	1	189.49654238580277	888.466018965264	1479	16	M+2ACN+2H
132.10192906372447	1	349451.1263807442	889.4866344409147	1480	16	M+H
134.106070921267	1	1411.7441522113158	891.8513985345128	1481	16	M+H
133.10623879054117	1	274.04535339464513	890.2828790636047	1482	16	M+H
133.09917555011958	1	1278.7290294895488	887.8249874241684	1483	16	M+H
133.10820206241385	1	591.6380246761437	891.4899662906932	1485	16	M+H
133.10541164476405	1	24563.95405523745	884.3719471526977	1486	16	M+H
135.10960454667915	1	132.37587842470663	882.888112146562	1487	16	M+H
134.10848402082394	1	736.5292692240574	889.0300196922002	1488	16	M+H
134.10249184452303	1	118.38128397814994	886.725583578303	1489	16	M+H
149.12850596470753	1	406576.40569289954	889.0792037631943	1490	16	M+NH4
151.13276983969396	1	1729.308301302601	889.6623139605041	1491	16	M+NH4
150.13255681746844	1	289.64420517480505	887.15035884883	1492	16	M+NH4
150.12513312092688	1	2844.20170486938	887.3270091811673	1493	16	M+NH4
151.1354341711166	1	807.8209108872325	887.973481302926	1495	16	M+NH4
150.1347218737793	1	691.9970631396124	888.0257196191892	1496	16	M+NH4
151.12883774631018	1	202.672594618017	885.5321468120652	1497	16	M+NH4
152.13609881575306	1	115.87308268755017	889.5453862019783	1499	16	M+NH4
154.08363091267017	1	440917.023176165	887.1140041013721	1500	16	M+Na
155.08796517635326	1	271.6619220024813	887.0058528269566	1502	16	M+Na
155.08068485435197	1	1550.3222607853877	888.4484216390157	1503	16	M+Na
156.09324200176636	1	35.23101122911155	888.2090739266503	1504	16	M+Na
155.09015798638018	1	555.9921995873427	886.6229130004482	1505	16	M+Na
155.08717544540252	1	27250.900922501525	889.6494931861267	1506	16	M+Na
156.09057908726857	1	601.0225562965271	888.0905375453162	1508	16	M+Na
164.12792373314514	1	362602.60255429946	887.483520237156	1510	16	M+CH3OH+H
166.13206694928567	1	2491.59723093543	887.7654831475014	1511	16	M+CH3OH+H
165.1323614052864	1	386.8969349686669	886.8690631020993	1512	16	M+CH3OH+H
166.13498408104698	1	900.2252347039076	890.5974613736105	1513	16	M+CH3OH+H
165.12523600321845	1	1562.9346225880988	888.646920201306	1514	16	M+CH3OH+H
166.13792198016964	1	52.222806967146546	887.4038602127247	1515	16	M+CH3OH+H
165.13426358275845	1	872.9304950153485	882.5266638623699	1516	16	M+CH3OH+H
166.1287242538306	1	98.71232616393553	887.6306421101334	1517	16	M+CH3OH+H
165.13125396557322	1	29781.62439826663	885.1988093131696	1518	16	M+CH3OH+H
167.13577450351463	1	179.13537554739418	886.3530508889643	1519	16	M+CH3OH+H
175.13260732739596	1	1591.8680733916704	889.7446145815136	1521	16	M+ACN+H
175.1384806463465	1	54.88874536926966	890.1957839579075	1524	16	M+ACN+H
175.1352513220973	1	1097.0341235856151	887.9098825298448	1525	16	M+ACN+H
174.13464777942661	1	629.264347061195	889.5212532952407	1526	16	M+ACN+H
175.12864590276368	1	236.61531985637657	886.6675926405699	1527	16	M+ACN+H
176.13617171390726	1	132.10012249215595	886.6733903258882	1529	16	M+ACN+H
189.07644787943295	1	42167.48655326406	992.450352307823	1530	17	M+2H
190.07885785774693	1	407.9885656223641	996.5960917425365	1531	17	M+2H
189.57865993881612	1	92.83221887977196	994.1288288899366	1532	17	M+2H
190.07982664913487	1	652.6760673978133	995.9330943117343	1533	17	M+2H
190.58002857472655	1	82.15006800957795	993.9584118545355	1534	17	M+2H
189.57510305798647	1	539.5571278969076	997.2085048714757	1535	17	M+2H
190.5811651663522	1	36.36008460127648	994.7470793510992	1536	17	M+2H
189.57837093614913	1	6402.114432394027	992.0486042439173	1537	17	M+2H
190.07654885520094	1	93.98396654659997	992.9602352775705	1538	17	M+2H
189.57944323148374	1	95.20520488820951	994.6402511518446	1539	17	M+2H
198.59176200244298	1	438.7656689674628	991.713302606104	1541	17	M+H+NH4
198.0920498659174	1	77.81180807773957	991.9870821903404	1542	17	M+H+NH4
198.59280695930985	1	618.9402284061401	993.0122557576105	1543	17	M+H+NH4
199.09352577227847	1	83.52218916864194	993.1954042650942	1544	17	M+H+NH4
198.08815305224525	1	604.0703178227278	992.056280830968	1545	17	M+H+NH4
199.0944301110868	1	30.542983594989263	991.2689912088172	1546	17	M+H+NH4
198.58943202939494	1	115.14730550598814	991.7924003105991	1548	17	M+H+NH4
198.09309965320497	1	103.59876068813811	995.2744763848901	1549	17	M+H+NH4
210.59154911697206	1	489.29684040292045	992.3088616082575	1551	17	M+ACN+2H
210.09153309757284	1	80.12941573062325	993.0215704464481	1552	17	M+ACN+2H
210.5927454600721	1	834.3274189218275	991.8282662468699	1553	17	M+ACN+2H
211.09326455585418	1	106.45919467030176	991.1786386004017	1554	17	M+ACN+2H
210.08825005133147	1	781.1626033101127	996.9068711379524	1555	17	M+ACN+2H
210.09152486156643	1	7704.706773463789	992.9787051250398	1557	17	M+ACN+2H
210.58994381500744	1	147.5348120551804	995.2482446518853	1558	17	M+ACN+2H
210.09275485063534	1	125.25597262437974	993.3567586160623	1559	17	M+ACN+2H
230.1031236970153	1	32790.75713721946	992.9211814800459	1560	17	M+2ACN+2H
231.10500973365816	1	415.4696954702534	991.7619435489698	1561	17	M+2ACN+2H
230.60499096857737	1	74.81523061128041	990.4866712359985	1562	17	M+2ACN+2H
231.606933625973	1	95.46776025587073	993.9657371129078	1563	17	M+2ACN+2H
231.10656387686745	1	902.4572433506679	995.1125717658437	1564	17	M+2ACN+2H
230.60136592029514	1	654.3046580222314	993.1641962838768	1565	17	M+2ACN+2H
231.6079275689312	1	56.283798910508224	992.5381514333004	1566	17	M+2ACN+2H
230.60623205094262	1	106.97927619997908	991.3507924198751	1569	17	M+2ACN+2H
377.1450786507002	1	34152.03953781459	993.1350099961121	1570	17	M+H
379.1492816263612	1	431.56113328324994	991.2645693858785	1571	17	M+H
378.1497549877145	1	78.69617814948494	992.5583930682094	1572	17	M+H
380.1532871993083	1	80.38506320602686	990.7533006252177	1574	17	M+H
378.14248864412735	1	654.6676055750955	995.8911738210626	1575	17	M+H
380.1562135095851	1	33.455500695366574	993.5077875762183	1576	17	M+H
378.1494061788392	1	6359.262710789121	995.7796564223313	1577	17	M+H
378.1517102337741	1	92.2425942401134	994.0952735195557	1579	17	M+H
395.17600063045853	1	78.17229471749165	993.6282739337618	1582	17	M+NH4
396.17850557988265	1	593.3209132353328	995.9536290986216	1583	17	M+NH4
397.17975250132616	1	79.05068099246452	992.4978493099669	1584	17	M+NH4
395.1692034426486	1	649.6942993100649	992.1709394552499	1585	17	M+NH4
397.1820200646534	1	33.98640945490349	995.95813651614	1586	17	M+NH4
395.17617941595364	1	6203.137332932412	995.13839670545	1587	17	M+NH4
396.1721758800403	1	123.01558482526538	992.3522680700432	1588	17	M+NH4
395.1788397172995	1	96.4396028917939	992.9917961327934	1589	17	M+NH4
401.1321698590355	1	443.8129459327482	993.3697727792726	1591	17	M+Na
401.13430999202603	1	644.5835984030691	992.4679341313861	1593	17	M+Na
402.13495536502217	1	61.652572940980775	994.346451639029	1594	17	M+Na
400.12457286036755	1	525.0428771057456	998.4156168073004	1595	17	M+Na
402.1380564238641	1	43.91565883916127	993.0131652976871	1596	17	M+Na
400.1341228025009	1	77.50729848361753	993.0093849230333	1599	17	M+Na
411.17554607446806	1	498.23164765731025	991.4189421970875	1601	17	M+CH3OH+H
410.17579483000316	1	90.15732880651771	992.0265158973212	1602	17	M+CH3OH+H
411.1722036037289	1	107.35110491428169	993.0248252015859	1603	17	M+CH3OH+H
410.168817644516	1	557.5971374671935	994.5718392130876	1605	17	M+CH3OH+H
412.18192196334587	1	37.986161185002885	993.9114612807228	1606	17	M+CH3OH+H
412.1799692145373	1	87.18710462784361	993.0842206094478	1607	17	M+CH3OH+H
410.17826399542406	1	111.7841928359703	993.2613007820121	1609	17	M+CH3OH+H
418.1728364528611	1	37637.93622552791	994.4140652354844	1610	17	M+ACN+H
420.1765854709649	1	497.31907954845	994.4209609516761	1611	17	M+ACN+H
420.17782203638467	1	598.8955397507955	992.8481637287646	1613	17	M+ACN+H
421.17976218428106	1	99.62886133538706	992.2020790852301	1614	17	M+ACN+H
419.16872748450766	1	733.4631684877752	994.8347185009272	1615	17	M+ACN+H
421.1825511919779	1	44.80055984280038	996.3624240412285	1616	17	M+ACN+H
419.17604804592133	1	8520.993225681714	991.0160976838866	1617	17	M+ACN+H
420.1723396487629	1	162.29323021935568	991.5508178626446	1618	17	M+ACN+H
63.52549222924903	1	258.35276340673914	1230.7106011336032	1621	18	M+2H
63.02548692362495	1	41.87630767116637	1230.198485009858	1622	18	M+2H
63.52813744369738	1	3.855195931437276	1232.0039181778097	1624	18	M+2H
63.02645723450324	1	52.22883121864952	1232.9115514209188	1625	18	M+2H
64.02709212703286	1	15.279463914762102	1231.72011857249	1627	18	M+2H
71.03643556579111	1	75543.80750029633	1233.1541906186224	1630	18	M+H+NH4
72.03873748553943	1	273.1210471434946	1231.814056659681	1631	18	M+H+NH4
71.53505462960995	1	488.97958111137285	1233.6991795487302	1633	18	M+H+NH4
72.04139464450579	1	4.45707118494211	1231.329607486884	1634	18	M+H+NH4
71.53990247994831	1	81.37051776969234	1231.1057381558753	1636	18	M+H+NH4
71.5382492688295	1	4079.931524970835	1234.2259248105745	1637	18	M+H+NH4
72.54026830538002	1	19.208908872615226	1232.3962019936876	1638	18	M+H+NH4
72.0397549137019	1	109.78918864188854	1231.8847250139725	1639	18	M+H+NH4
83.03658484819076	1	61099.38587694651	1228.2711362111158	1640	18	M+ACN+2H
84.03862702879123	1	268.96112611011006	1231.4404081013108	1641	18	M+ACN+2H
84.03677082773946	1	36.489502470517536	1230.8957495667037	1645	18	M+ACN+2H
83.53966491472883	1	62.27465182208774	1231.4442581857365	1646	18	M+ACN+2H
83.53824273285552	1	6904.672315814115	1230.9457318168174	1647	18	M+ACN+2H
84.540449301242	1	19.948923262639408	1230.1160501822271	1648	18	M+ACN+2H
103.54976298883516	1	50508.92320988566	1231.7991802371805	1650	18	M+2ACN+2H
104.04825123365562	1	601.4506054883793	1227.7407105234133	1653	18	M+2ACN+2H
104.55305541989337	1	308.3578191346066	1233.3479204950938	1657	18	M+2ACN+2H
104.05158209393389	1	5727.675313427348	1232.3776935201308	1658	18	M+2ACN+2H
105.05385064605267	1	24.048408135895308	1232.3493259584739	1659	18	M+2ACN+2H
124.03953727570367	1	65611.49348815111	1232.3555880801484	1660	18	M+H
125.0435345905197	1	43.21800073339921	1229.9329733084178	1662	18	M+H
126.04609410976575	1	106.38816361643742	1230.0181900773982	1664	18	M+H
125.04555495836544	1	39.06583576765338	1230.6896106473437	1665	18	M+H
125.04275131650745	1	4154.609606979392	1229.6334948250098	1666	18	M+H
127.04697820375121	1	19.537305096837024	1229.3542262148337	1667	18	M+H
126.0469335484562	1	3.1337880768519257	1231.8398788257373	1668	18	M+H
141.06581266594236	1	61620.30658470735	1229.456473806938	1670	18	M+NH4
143.07001396268998	1	210.83607195578662	1233.897152441686	1671	18	M+NH4
142.0698234900847	1	48.646276387090225	1232.197212464652	1672	18	M+NH4
142.0628036969052	1	470.77114670533774	1230.7934139426932	1673	18	M+NH4
143.07530994751525	1	4.707206871785675	1232.244608782434	1674	18	M+NH4
143.0663113876017	1	27.825551861142518	1229.692965365124	1675	18	M+NH4
142.06941370877868	1	4403.279086524208	1230.133363251341	1677	18	M+NH4
144.07328536689113	1	15.829575643320158	1228.5630882224295	1678	18	M+NH4
146.02115850848392	1	60053.883115036384	1231.4127080804744	1680	18	M+Na
148.02548993987313	1	277.8606601101003	1231.275266817987	1681	18	M+Na
147.0253003715046	1	48.93333222716996	1231.2060762656986	1682	18	M+Na
148.02813117288906	1	116.80390885077617	1228.770408390422	1684	18	M+Na
147.02453963914675	1	4550.551694306785	1230.5524289003758	1686	18	M+Na
148.02869323889928	1	2.9824969578034937	1228.8639265149682	1688	18	M+Na
148.02156030526686	1	15.33682857701569	1227.8898429302826	1689	18	M+Na
156.06524167587568	1	75251.321071479	1229.6337488162837	1690	18	M+CH3OH+H
158.06588408441343	1	18.05873654821831	1230.6292913684322	1693	18	M+CH3OH+H
157.06230529094051	1	252.2109801956817	1229.7110993570916	1694	18	M+CH3OH+H
158.07515016479596	1	5.433464017666258	1233.4069672438777	1695	18	M+CH3OH+H
157.07159742447928	1	66.08600167016264	1228.2352686244878	1696	18	M+CH3OH+H
159.07312524892282	1	29.039151581942225	1230.0073845894406	1698	18	M+CH3OH+H
165.06575200317465	1	64689.438098865794	1227.4959773148175	1700	18	M+ACN+H
167.07024230723238	1	252.32315292193994	1230.621816009682	1701	18	M+ACN+H
166.07010907900457	1	46.17431260373831	1228.7927761191006	1702	18	M+ACN+H
166.0628605466709	1	475.574903277142	1228.482202634594	1703	18	M+ACN+H
167.07548322105873	1	5.755262444360423	1232.3415386683905	1704	18	M+ACN+H
166.0723624813664	1	74.07806272645988	1231.866725788546	1706	18	M+ACN+H
166.06930422059696	1	5171.63519832315	1229.1517446366192	1707	18	M+ACN+H
167.07244471395944	1	183.13743323235698	1229.4899972283843	1709	18	M+ACN+H
69.5311523392607	1	134224.42222451777	807.6407441080355	1710	19	M+2H
70.03322261429314	1	104.26714815788357	806.5853719727792	1712	19	M+2H
70.02955654256755	1	476.6781624835967	805.1755701797597	1713	19	M+2H
70.53599865108144	1	9.394895076270734	808.2514408228125	1714	19	M+2H
70.03417174901989	1	155.54142771084685	805.2812930467835	1715	19	M+2H
70.03276866473944	1	9958.137522302588	810.5131333757855	1716	19	M+2H
71.03491426294214	1	42.86073876563193	805.2283867767744	1717	19	M+2H
70.53451380339841	1	327.74338408071	806.9522480096348	1718	19	M+2H
70.53118241437377	1	32.79554500628616	807.3979710402605	1719	19	M+2H
78.04432699955302	1	121058.8614075608	808.0397576904663	1720	19	M+H+NH4
79.04657820249572	1	508.55746468394904	806.8563900911962	1721	19	M+H+NH4
78.54646485478983	1	81.58402294214845	808.9767358932338	1722	19	M+H+NH4
79.044526215033	1	67.48269592269817	803.4488437487835	1725	19	M+H+NH4
78.54754228672954	1	165.25322221312138	807.9654735550668	1726	19	M+H+NH4
78.54620748676332	1	13640.931523245388	807.13862658384	1727	19	M+H+NH4
79.54819548328234	1	39.20289475493623	807.8298099373686	1728	19	M+H+NH4
79.04785744039802	1	314.24372747853175	805.2381691001093	1729	19	M+H+NH4
90.04441019318122	1	121030.47300827208	806.07926656525	1730	19	M+ACN+2H
91.04654023602693	1	531.3950286944437	807.0194430432415	1731	19	M+ACN+2H
90.54301039294184	1	1101.1575142684685	804.6444611370256	1733	19	M+ACN+2H
90.54763274291396	1	163.5578260546484	808.4205501036416	1736	19	M+ACN+2H
111.55968140768701	1	543.5412216813252	809.5096336296411	1741	19	M+2ACN+2H
111.05969529209241	1	77.99949039662519	804.9399842543802	1742	19	M+2ACN+2H
111.05609456380492	1	1405.5540512213756	810.3101076883472	1743	19	M+2ACN+2H
112.06279704596763	1	23.01567729303896	808.1590680479588	1744	19	M+2ACN+2H
111.55793030622878	1	176.93594166653853	807.6678649195189	1745	19	M+2ACN+2H
111.06066533226526	1	208.80702168162242	806.7292397057571	1746	19	M+2ACN+2H
140.0593910434303	1	472.874644424327	805.0368647728376	1751	19	M+H
139.0588961074401	1	105.22393306600284	811.8108607114353	1752	19	M+H
139.05201916132458	1	398.9408398759904	808.1651893166858	1753	19	M+H
139.0611754509667	1	129.07278180851387	809.7122387465058	1755	19	M+H
141.06253501159483	1	44.44113578217257	806.5851731835302	1757	19	M+H
140.05516020660892	1	40.15170983665119	806.1589110919697	1759	19	M+H
155.08162270682897	1	133382.0183281809	807.2484915725125	1760	19	M+NH4
157.0856051701976	1	547.4388805839634	805.8107009953104	1761	19	M+NH4
156.08560478659805	1	114.69235253382496	812.1757719547579	1762	19	M+NH4
156.0783949612359	1	938.8059516315271	806.6698768174572	1763	19	M+NH4
157.08205644350699	1	69.25259008192802	812.4625966705702	1765	19	M+NH4
156.08791261781593	1	174.16223408139464	809.8053075814936	1766	19	M+NH4
156.0847934196304	1	8895.199907849208	809.6034965393167	1767	19	M+NH4
158.08917690366405	1	40.897046238588324	808.5252164361082	1768	19	M+NH4
160.03718662669974	1	140820.134111374	806.6475475975551	1770	19	M+Na
162.04119697446475	1	479.6503793071256	809.0038285694009	1771	19	M+Na
161.04110185889073	1	89.2131317838664	808.7748128754203	1772	19	M+Na
161.03380223023464	1	434.8090673135792	808.7782144706832	1773	19	M+Na
162.04670834276496	1	7.657428330657088	809.9823042539788	1774	19	M+Na
161.04327344955067	1	104.63941123919305	806.5589433513761	1775	19	M+Na
170.0813127747264	1	156443.14971143813	809.0621099231255	1780	19	M+CH3OH+H
172.08536841335697	1	685.9609934595879	808.7679424082385	1781	19	M+CH3OH+H
172.0816719030495	1	38.01386717513183	806.7679706364002	1783	19	M+CH3OH+H
171.07797485750027	1	552.8682562715042	807.1877199519464	1784	19	M+CH3OH+H
171.08757226047905	1	174.728121955729	810.4563206927963	1786	19	M+CH3OH+H
171.0842003997003	1	10257.363657746748	807.0002675690381	1787	19	M+CH3OH+H
173.0888200849841	1	62.50402472236866	811.1876440554141	1788	19	M+CH3OH+H
179.08125640056755	1	120761.6095609491	808.2286377116222	1790	19	M+ACN+H
180.0854874483791	1	108.12066924206457	808.7643298959944	1792	19	M+ACN+H
180.0785511204166	1	962.3951590837235	806.1287376396841	1793	19	M+ACN+H
181.08186959856	1	80.27971992939187	809.8015711878393	1795	19	M+ACN+H
180.08766455870008	1	161.04638891596775	810.2018299297869	1796	19	M+ACN+H
180.08464283744016	1	12964.669896392914	807.5620132774749	1797	19	M+ACN+H
182.0890248643713	1	57.810024202035144	806.0414234242146	1798	19	M+ACN+H
