64.53081391732437	1	129.46548605607384	834.0283177564	2	0	M+2H
65.03350826927706	1	7.700617944613182	831.8878143259002	4	0	M+2H
65.0289902448902	1	64.29458973709386	831.6328921337689	5	0	M+2H
64.53173089103744	1	155.05758876705298	827.6558808849366	6	0	M+2H
64.53047784213638	1	12025.64087770294	830.6702445239924	7	0	M+2H
65.53251503537507	1	34.21429562699777	828.5830175013988	8	0	M+2H
65.0319730028809	1	207.1538110487119	830.667394236746	9	0	M+2H
72.54213578563404	1	188629.92338522308	829.7927820084076	10	0	M+H+NH4
73.04057150132972	1	2718.4969791396857	832.6227520542328	13	0	M+H+NH4
73.54530733495551	1	232.7284959222173	830.5800357748999	14	0	M+H+NH4
73.54220452886958	1	113.79070296465216	832.4870390873366	15	0	M+H+NH4
73.5468373053651	1	14.116951490349964	826.7609661778296	17	0	M+H+NH4
73.04361794175448	1	11754.428870896158	830.2968963283809	18	0	M+H+NH4
84.54190248998724	1	180348.29901978586	831.9326319407519	20	0	M+ACN+2H
85.54411618062727	1	761.3165059477586	831.2159957215412	21	0	M+ACN+2H
85.0441048337512	1	145.69469768817095	827.8849948682736	22	0	M+ACN+2H
85.04515261696609	1	190.77232590238685	830.2714495505335	26	0	M+ACN+2H
85.54544373874198	1	418.24946208680745	826.9110537188766	27	0	M+ACN+2H
85.0436730886128	1	16182.5547401121	827.7452891826106	28	0	M+ACN+2H
86.04575904911702	1	59.25973610681703	831.2682564982302	29	0	M+ACN+2H
106.05728195878851	1	719.4685463171572	831.5117036529791	31	0	M+2ACN+2H
105.55761443929093	1	140.43587624777066	828.5904259018729	32	0	M+2ACN+2H
105.55381335841302	1	2288.172622463027	829.0539936807752	33	0	M+2ACN+2H
106.05551311020754	1	236.6634933680426	830.8723468146536	34	0	M+2ACN+2H
106.55898273020267	1	66.10091809655843	831.4813696277486	35	0	M+2ACN+2H
105.55846909787034	1	307.49315878581905	831.3617053091385	37	0	M+2ACN+2H
106.05989076912543	1	28.895595750173428	829.3663096557667	38	0	M+2ACN+2H
105.55687984659039	1	18051.795976699595	831.5242619866115	39	0	M+2ACN+2H
129.05451244184326	1	647.5814718859008	832.9009405308581	41	0	M+H
128.05437392055012	1	143.43623099141888	829.065547343848	42	0	M+H
129.05984825420686	1	7.778275095988085	832.172336530938	44	0	M+H
130.05790938117636	1	42.47293585950947	829.7653970734176	48	0	M+H
144.07715491305467	1	204528.7094672661	826.6754090804149	50	0	M+NH4
146.08105967185654	1	659.2677333054214	829.2158447109565	51	0	M+NH4
145.08098256565165	1	137.39057898674088	831.6244815079542	52	0	M+NH4
145.0736510496582	1	2069.379798679225	831.5656545956532	53	0	M+NH4
146.08330282054104	1	244.1704070551505	829.680568387177	54	0	M+NH4
145.08286915920024	1	221.68804455877788	829.5331905694545	56	0	M+NH4
146.08644313575627	1	12.343590179420431	829.4404165661825	57	0	M+NH4
145.08027658347243	1	9855.943696412573	829.0919253074978	58	0	M+NH4
149.03242618445378	1	147205.60260397717	830.3755902156613	60	0	M+Na
151.03650348721763	1	757.1347150785341	828.9245349362677	61	0	M+Na
151.0388631321061	1	181.70579341200835	832.5333515199409	64	0	M+Na
150.03844516737084	1	104.29897985057735	832.425855320423	66	0	M+Na
150.03540709837372	1	8873.85392905448	830.0513484837895	67	0	M+Na
151.0395774558946	1	6.38020756498276	831.7701127375133	69	0	M+Na
159.0766674190686	1	179225.31403369308	830.839458893179	70	0	M+CH3OH+H
161.08095151179208	1	1009.8173097644354	833.2558842148493	71	0	M+CH3OH+H
160.08052432616498	1	210.44401811847223	828.7323402060555	72	0	M+CH3OH+H
161.08595358951933	1	16.240325101919318	831.6716516135889	75	0	M+CH3OH+H
161.07685261319628	1	99.696626753758	829.3958786113578	76	0	M+CH3OH+H
160.08252138542107	1	237.96373069113974	830.6565910862048	77	0	M+CH3OH+H
160.0801355718277	1	10792.480034497317	833.3996115036178	78	0	M+CH3OH+H
169.080895015131	1	127.76058605592357	827.6738341222813	82	0	M+ACN+H
169.07368199485018	1	1914.2962974831185	826.8281935766324	83	0	M+ACN+H
170.08630608714958	1	16.05974151873587	827.4151298855481	84	0	M+ACN+H
170.07699496221477	1	140.42963331331742	830.4904500915061	85	0	M+ACN+H
169.08330855772712	1	189.69922102913836	828.6851096630057	86	0	M+ACN+H
170.08363950395142	1	424.3510303915179	830.1297376375355	87	0	M+ACN+H
171.08440606247888	1	54.93944211432265	831.7265892689442	89	0	M+ACN+H
47.03088399861278	1	89788.03806745702	987.4477348437235	90	1	M+2H
48.03309667768614	1	641.6068180107114	988.5845023044717	91	1	M+2H
47.533059938917766	1	97.99598952399609	989.8902405179864	92	1	M+2H
49.035169657675155	1	1.1912906233472684	989.0471209696962	93	1	M+2H
47.534116482509845	1	103.98672659558856	986.4895539426449	94	1	M+2H
47.532705191492404	1	3101.83184098618	986.4484546641514	95	1	M+2H
48.53474838275917	1	23.4421168738474	988.1355187156689	96	1	M+2H
48.0343142314011	1	32.238160019776494	984.7186651994834	99	1	M+2H
56.54627116724605	1	620.1124876076976	989.4294417155083	101	1	M+H+NH4
56.04273811248728	1	352.6697017250186	984.8115144622186	104	1	M+H+NH4
56.04742940667861	1	151.87152823273982	990.7115611920218	106	1	M+H+NH4
56.04588525802819	1	3337.501008298136	985.0495713172414	107	1	M+H+NH4
56.54756622188718	1	29.935515727768138	989.1262169288284	109	1	M+H+NH4
67.54418139186087	1	90968.40774774036	987.4958256089873	110	1	M+ACN+2H
68.54639932005203	1	633.5199521528925	984.4056453535461	111	1	M+ACN+2H
68.5445273489332	1	18.006562627012027	988.2727586679393	113	1	M+ACN+2H
68.54892059242921	1	8.733019644728119	987.2677642959294	115	1	M+ACN+2H
68.0473907224356	1	154.11969916621024	987.2975259749309	116	1	M+ACN+2H
68.04585520862899	1	4778.864964225622	986.3779512801115	117	1	M+ACN+2H
69.04809095024068	1	32.79108404732679	989.2913617494507	118	1	M+ACN+2H
68.54759567324663	1	110.43102368108958	986.6522583476641	119	1	M+ACN+2H
88.0576023796869	1	88945.45520613926	988.3730738030964	120	1	M+2ACN+2H
88.55601455566347	1	750.32237184225	986.0815946041831	124	1	M+2ACN+2H
89.06224592525847	1	12.673100972267562	984.4902212347531	125	1	M+2ACN+2H
89.05770848848607	1	48.54394588783647	985.4153653513512	126	1	M+2ACN+2H
88.56058119699499	1	167.88046354647668	988.6861114500302	127	1	M+2ACN+2H
93.05468749977642	1	96630.39152276196	986.7688262293998	130	1	M+H
95.05885612054392	1	641.4777640033441	988.057186594473	131	1	M+H
94.05895633083092	1	103.76138208075086	989.7263993244395	132	1	M+H
97.06314657642325	1	1.1103504447946162	987.0449675046866	133	1	M+H
94.05796887310022	1	3338.389131367712	986.5285514054146	135	1	M+H
95.06225403109764	1	3.7331718653136168	990.630536312213	137	1	M+H
110.08105109936908	1	108762.71693219464	985.3172696958143	140	1	M+NH4
111.08533547546546	1	112.79589062713818	984.4893135247071	142	1	M+NH4
112.08147441533485	1	11.05557789714167	991.5551105128922	143	1	M+NH4
112.0908081566157	1	4.527333852291219	990.1533661244251	145	1	M+NH4
111.08464649214918	1	3587.8833947959038	990.7265243519822	147	1	M+NH4
113.08868283551969	1	18.926445919342513	987.2724933704169	148	1	M+NH4
112.08783237808262	1	30.826450632911353	986.3788326907508	149	1	M+NH4
115.03679098405685	1	107954.04611559631	986.9858993170992	150	1	M+Na
116.04086002553733	1	117.08360151534555	985.6054357928699	152	1	M+Na
119.0448808065457	1	1.0742215574801743	989.4688777033978	153	1	M+Na
116.0428649686607	1	85.87385455162779	987.411103636157	154	1	M+Na
116.04002286751006	1	3046.956546654433	986.4871933010269	155	1	M+Na
118.04416719507205	1	21.136761397010165	991.2455086441596	156	1	M+Na
117.0442240510388	1	4.081910022203925	987.9922909799992	157	1	M+Na
117.04322174620049	1	35.949584603786064	988.4873677200152	159	1	M+Na
127.08521995541254	1	833.4629332624924	986.4927712140757	161	1	M+CH3OH+H
126.08494217423831	1	143.4560488352623	989.1564163015929	162	1	M+CH3OH+H
129.0893546429829	1	2.3411264923247	985.4323754633825	163	1	M+CH3OH+H
127.08764701542813	1	72.14952691599396	986.8002060059792	165	1	M+CH3OH+H
126.0840343548533	1	3769.144704562991	990.2482292578296	166	1	M+CH3OH+H
134.08117715702227	1	112046.13211948375	988.4454733208158	170	1	M+ACN+H
135.08506567221704	1	138.45001537745875	986.6624573778051	172	1	M+ACN+H
135.07792908749076	1	335.44999942491836	986.59462562406	174	1	M+ACN+H
136.0905165919191	1	7.367599345518405	987.8451420963972	175	1	M+ACN+H
135.08731156968537	1	137.15456953507902	989.9894634936637	176	1	M+ACN+H
135.08447094394265	1	4521.831867817455	988.5800294898868	177	1	M+ACN+H
137.0888876037157	1	26.942974778334364	987.6537640751851	178	1	M+ACN+H
136.08786732553136	1	104.16731230205716	985.2599938669111	179	1	M+ACN+H
73.58615868393333	1	985788.2380041359	1356.6370989074587	180	2	M+2H
74.58327937407651	1	45.357754468527425	1351.1981857120206	182	2	M+2H
75.09123975899497	1	37.014757446623115	1355.3070974330376	184	2	M+2H
74.58656073948082	1	848.2053352075524	1353.8296991696789	186	2	M+2H
74.58949488939585	1	2575.0567008737576	1354.111442496135	188	2	M+2H
75.08811424849463	1	24.156948496123423	1353.9227896260327	189	2	M+2H
82.09956853513664	1	945718.9248240878	1350.243261530901	190	2	M+H+NH4
82.59798222697532	1	18257.83216397367	1354.6105163040495	191	2	M+H+NH4
83.0964923668004	1	82.62489174686893	1350.1353566045973	192	2	M+H+NH4
82.60275705237751	1	2384.7726870536603	1353.4573971544135	193	2	M+H+NH4
83.10122402945092	1	37.657831815194854	1353.9046380423745	194	2	M+H+NH4
82.6012001333283	1	59944.18990812676	1350.5357096388811	195	2	M+H+NH4
83.10420753229882	1	197.56344508062546	1353.2470660304652	197	2	M+H+NH4
83.10270112070877	1	2327.180626392896	1355.278157214364	198	2	M+H+NH4
83.60455521768147	1	40.678290190508534	1348.6448387372432	199	2	M+H+NH4
94.09952843798375	1	780218.246952527	1353.0031330152974	200	2	M+ACN+2H
94.59787902711517	1	11439.174951643954	1352.559448525428	201	2	M+ACN+2H
95.60460417648414	1	109.8374745540464	1353.1120067601655	204	2	M+ACN+2H
94.60121407113147	1	107178.4023550386	1355.8010931297654	205	2	M+ACN+2H
95.10426763893885	1	261.03319254995745	1352.968788335635	207	2	M+ACN+2H
95.10278625291745	1	3162.046066414152	1352.3636584656836	208	2	M+ACN+2H
95.60129592043357	1	50.18149878826015	1354.621482711002	209	2	M+ACN+2H
114.61271141586842	1	908928.2826390524	1353.5526359801452	210	2	M+2ACN+2H
115.11117078192342	1	15747.95122458871	1354.697801385764	211	2	M+2ACN+2H
115.11585361145684	1	2469.1449619296413	1353.1906517725868	213	2	M+2ACN+2H
115.61288309979662	1	1985.8648875644355	1351.1353114538294	216	2	M+2ACN+2H
116.11456450192296	1	90.03026762561703	1353.9038809231997	217	2	M+2ACN+2H
115.61748223083615	1	438.64312331440686	1354.0949201471672	218	2	M+2ACN+2H
115.61598819073268	1	6020.569784475496	1354.1746674070462	219	2	M+2ACN+2H
147.16200772104094	1	9561.457172421295	1352.4589674438014	221	2	M+H
148.15940135343456	1	30.54600802460765	1354.3042038780927	222	2	M+H
147.16837057516423	1	80215.53969125204	1354.0760172433604	225	2	M+H
148.16552151434587	1	694.743348792635	1352.4969652143911	226	2	M+H
148.17463746597866	1	159.097541465833	1354.2364579921887	227	2	M+H
148.17165846435609	1	2311.7037215463733	1351.0235557590963	228	2	M+H
163.19160603616774	1	825196.8578189341	1353.3375900259555	230	2	M+NH4
164.18899030310624	1	13413.351910389201	1356.150616907884	231	2	M+NH4
165.1857911592235	1	78.33336529330705	1353.5435151676247	232	2	M+NH4
164.19768942977	1	2227.523803417948	1354.4658712413482	233	2	M+NH4
165.19514374371238	1	35.29759546510673	1350.6075782022835	234	2	M+NH4
164.1950891441212	1	71633.27613146635	1351.3271571718126	235	2	M+NH4
165.1921440306097	1	1090.4683887482317	1353.2011668078633	236	2	M+NH4
165.20167553963918	1	209.82257617828503	1352.642838458301	237	2	M+NH4
166.20185534718794	1	45.810197000726845	1353.2725916359702	239	2	M+NH4
169.14412259627332	1	9452.004289491757	1352.3942504086124	241	2	M+Na
170.1410747778985	1	45.09482125596033	1353.1453939842572	242	2	M+Na
171.1573375201636	1	37.779174154033015	1352.063600524418	244	2	M+Na
169.15027007172307	1	63793.14545660416	1351.3241190871913	245	2	M+Na
170.147512473228	1	804.3300256433569	1348.8307865358695	246	2	M+Na
170.15690329108284	1	176.81140911488833	1350.2942248098511	247	2	M+Na
180.1954295057883	1	1680.5912703716522	1353.5856166327144	251	2	M+CH3OH+H
180.20093495804522	1	210.10351919804796	1353.9121859759457	254	2	M+CH3OH+H
180.19822669516958	1	2287.7072932560723	1352.7068480813696	255	2	M+CH3OH+H
179.19772304151462	1	2330.133435217786	1354.7113795144664	256	2	M+CH3OH+H
180.19173817891655	1	932.3410183740434	1354.2583622823433	257	2	M+CH3OH+H
179.19489508346717	1	70745.70645798677	1349.7363251157833	258	2	M+CH3OH+H
181.19906457258074	1	183.5975071735499	1351.7254384810835	259	2	M+CH3OH+H
187.19188530228521	1	822754.1705753336	1353.3755735585999	260	2	M+ACN+H
189.1856607382547	1	70.43883648314589	1356.2310199697692	262	2	M+ACN+H
188.19793487514474	1	2422.812674124858	1354.4809094387815	263	2	M+ACN+H
190.20202988472337	1	87.22426672619679	1354.4845241863468	264	2	M+ACN+H
189.19198131704775	1	1441.9558901565974	1355.1990254298805	266	2	M+ACN+H
189.20136156894418	1	195.3095420720228	1355.9203980684742	267	2	M+ACN+H
189.19853476346202	1	4125.637269507529	1353.0338812389402	268	2	M+ACN+H
190.19559044581845	1	54.185309743928556	1352.5663012019245	269	2	M+ACN+H
136.04987036272186	1	861.4053938411658	896.4444864526376	271	3	M+2H
135.54974769847524	1	173.81644790617716	895.2260539967157	272	3	M+2H
136.05138778550565	1	19.789460911627515	895.7053723257923	273	3	M+2H
135.5462058051233	1	1570.1241880422142	897.330852537343	275	3	M+2H
136.051003543614	1	448.3272282804686	897.0388046959905	276	3	M+2H
136.55168011022496	1	96.28984357987838	894.6394006228741	277	3	M+2H
135.5507214603485	1	142.76527364219714	894.5527460488888	279	3	M+2H
143.56093452737204	1	89804.7593538442	897.4301458280474	280	3	M+H+NH4
144.56315595178185	1	967.2033172639507	896.8908427197088	281	3	M+H+NH4
144.06311666443997	1	145.23685544978179	899.6316976215545	282	3	M+H+NH4
144.56425435889153	1	448.3553224670812	897.891221281425	283	3	M+H+NH4
145.06476049293852	1	99.1223790225727	895.4707509642269	284	3	M+H+NH4
144.06270073063604	1	11287.195142000033	901.4697453862653	287	3	M+H+NH4
144.56120807238835	1	171.33166170323994	897.4327066717772	288	3	M+H+NH4
144.0641839303969	1	174.5446124202646	898.5565865468992	289	3	M+H+NH4
155.5609183457019	1	82020.02488137451	898.1339203211886	290	3	M+ACN+2H
156.56309429463587	1	1082.8613868308537	897.9354579551199	291	3	M+ACN+2H
156.56412668496677	1	670.5181120896182	895.3781787445126	293	3	M+ACN+2H
157.0647431846543	1	118.13637957392775	895.8238653447559	294	3	M+ACN+2H
156.0594593389314	1	1569.4129003087353	897.5766465102927	295	3	M+ACN+2H
157.06581199281422	1	22.729112525786846	897.1984824086943	296	3	M+ACN+2H
156.56084078825813	1	235.90979941363562	894.9405497054328	298	3	M+ACN+2H
176.07420304538167	1	85368.71664307143	898.1180773801852	300	3	M+2ACN+2H
177.07611577486668	1	908.3292253046909	897.0850119583276	301	3	M+2ACN+2H
176.57667358331403	1	178.46109455088205	895.002459894187	302	3	M+2ACN+2H
177.57798635437402	1	141.38571224539388	899.0149542071239	303	3	M+2ACN+2H
177.07760405233518	1	914.4987140720012	901.3446622069463	304	3	M+2ACN+2H
176.57299712891768	1	1989.2597535329808	900.6071303496583	305	3	M+2ACN+2H
177.57932370113576	1	50.19756334520305	894.6092887966257	306	3	M+2ACN+2H
176.5756736505257	1	13913.049162933454	899.5829332704695	307	3	M+2ACN+2H
177.07442695964926	1	299.8386073374361	899.861571331855	308	3	M+2ACN+2H
269.0882702967492	1	84944.97287343931	902.8430915539801	310	3	M+H
270.0851845514585	1	1421.9877433884496	895.2607453543552	315	3	M+H
272.0955839898873	1	109.14781883893063	898.2441856313457	317	3	M+H
270.09455328451816	1	146.92973351927336	903.2867056651519	319	3	M+H
288.1187266141012	1	1029.3063099016795	893.6352969007248	321	3	M+NH4
287.11858313030405	1	200.0793631298733	896.2830665011893	322	3	M+NH4
288.1217984430435	1	18.341354230627022	899.8140039915685	323	3	M+NH4
287.1170981748838	1	11769.09026558325	895.078079147758	324	3	M+NH4
289.12194361079133	1	108.66751212595597	895.270275848661	327	3	M+NH4
288.1147469312523	1	177.87766979809206	896.2701057741501	328	3	M+NH4
287.1209491411831	1	185.41010573821112	895.8313887601809	329	3	M+NH4
291.0698220892912	1	108034.11318884177	899.491481253485	330	3	M+Na
292.07381554875616	1	161.2643963535159	895.8142339620127	332	3	M+Na
292.07323207693145	1	8919.997841701335	893.109096135381	334	3	M+Na
292.0676104094158	1	1355.9548886594484	894.7482848241453	335	3	M+Na
293.07665101898175	1	498.7115193571227	899.0219208708272	336	3	M+Na
292.07630606062173	1	132.7003221811457	897.7681021857766	339	3	M+Na
301.1144087345903	1	87472.18993306489	900.68672790804	340	3	M+CH3OH+H
302.1181641475181	1	226.7090329845666	894.3612650175296	342	3	M+CH3OH+H
303.1219345697911	1	25.93507282703895	895.2196357985824	343	3	M+CH3OH+H
302.11743944893243	1	12632.881791694257	899.6544896263403	344	3	M+CH3OH+H
302.11160555986277	1	1298.749586118119	894.4797115677533	345	3	M+CH3OH+H
303.12088338347183	1	709.1513249083487	897.624701770499	346	3	M+CH3OH+H
304.12186237217657	1	157.0525874345855	900.5456692752152	347	3	M+CH3OH+H
303.11454999084117	1	148.03994658637487	894.1998178865441	348	3	M+CH3OH+H
310.1144238723845	1	88471.62240056875	896.0250784429539	350	3	M+ACN+H
312.1189306311415	1	986.2331050807616	895.9466306200028	351	3	M+ACN+H
311.118537820526	1	162.48015234062896	898.1025698495963	352	3	M+ACN+H
313.1245570009424	1	22.741125298895525	898.2281332608603	353	3	M+ACN+H
311.11816248143236	1	10891.320177768905	898.4014646902634	354	3	M+ACN+H
311.1116582451909	1	1507.895003077204	896.7613600710863	355	3	M+ACN+H
312.1213341638272	1	578.5114836440622	898.1712740409201	356	3	M+ACN+H
311.1209388308043	1	179.65763924766452	894.5781860342177	359	3	M+ACN+H
59.54677307015268	1	93047.09951646115	931.2345852081728	360	4	M+2H
60.548790009690705	1	414.72667924000126	930.9753975306514	361	4	M+2H
60.0489281796924	1	69.57573797968783	935.3121199288006	362	4	M+2H
60.049888105752004	1	131.65179264263594	936.5098174897305	365	4	M+2H
60.048315943849495	1	4848.135963179043	934.3608594546074	366	4	M+2H
60.546916648323375	1	18.75160642904221	933.7371923341785	369	4	M+2H
68.06016329201636	1	86212.6824201173	934.5671715577158	370	4	M+H+NH4
69.06212227715874	1	463.27043188828895	932.7490580123307	371	4	M+H+NH4
68.55850912766364	1	803.0941927324749	933.4606527172914	373	4	M+H+NH4
69.064889496182	1	9.42559412029316	935.4436345188674	374	4	M+H+NH4
69.06334507757033	1	117.0121360737876	931.4169322623383	377	4	M+H+NH4
69.56374713750934	1	23.64754982366381	934.6065345546547	379	4	M+H+NH4
81.06212150232759	1	326.5400813742224	931.7357861365946	381	4	M+ACN+2H
80.56207235574304	1	66.2084266804073	931.9126927812678	382	4	M+ACN+2H
80.5583376149144	1	719.1351042489244	929.3898302654154	383	4	M+ACN+2H
81.06482583566165	1	12.7591871745059	934.0001930228847	384	4	M+ACN+2H
81.06019116278104	1	56.70199558102861	930.9256099485615	385	4	M+ACN+2H
80.56336037482616	1	129.63581099140256	934.462053971845	386	4	M+ACN+2H
80.56174675873525	1	6988.62941808393	930.0504869355823	388	4	M+ACN+2H
81.56389883311745	1	30.3303095124878	934.575635419542	389	4	M+ACN+2H
100.5732588092524	1	77599.43025253147	934.262137256988	390	4	M+2ACN+2H
101.57817144486258	1	21.771055186852774	930.0076459355789	394	4	M+2ACN+2H
101.5736621008814	1	90.73103152823393	930.15657212149	395	4	M+2ACN+2H
101.07632741376241	1	183.3659120319542	935.8146621995797	396	4	M+2ACN+2H
101.57675677229577	1	386.64639693417763	932.0717188108483	397	4	M+2ACN+2H
102.07713396145846	1	42.96420851593256	932.6076889740626	399	4	M+2ACN+2H
118.08619859417131	1	115366.26910499076	931.0380141869914	400	4	M+H
120.09069888828962	1	420.90266641204244	933.2450252014992	401	4	M+H
119.09043156533643	1	70.13598055753268	933.53259905881	402	4	M+H
119.08972706033065	1	4746.362481782918	933.7477999363942	406	4	M+H
121.09355202743936	1	23.922073469693107	931.4260151287779	407	4	M+H
120.09298789115753	1	115.65360704190886	935.1852270021474	408	4	M+H
135.11264071201956	1	109755.62826908859	934.1804525432158	410	4	M+NH4
137.11688184107834	1	431.3047785129912	932.4269723978554	411	4	M+NH4
136.11720866003685	1	68.25863316682675	929.7479564392586	412	4	M+NH4
136.1098370933662	1	671.5912770302706	933.3646848389558	413	4	M+NH4
137.12246750480708	1	10.422138775908682	930.1924431347967	414	4	M+NH4
137.11320322283228	1	47.89028732059213	933.6171477403967	415	4	M+NH4
136.11906064780348	1	160.03734682088873	930.102707035661	416	4	M+NH4
137.1193150494877	1	127.08549642714826	933.7299353561106	417	4	M+NH4
138.1205512330563	1	18.068748039280738	933.3916207952002	419	4	M+NH4
140.06814805626124	1	102237.01018819142	935.5346506273414	420	4	M+Na
142.0724286788414	1	502.0126095238173	932.5288070992641	421	4	M+Na
141.07243900227124	1	75.93241755360194	931.5344544988316	422	4	M+Na
141.07155829993252	1	6242.761020234853	935.0108721806416	426	4	M+Na
142.07474832891154	1	130.05383488154263	930.895436045011	428	4	M+Na
142.06854248768207	1	20.68299177977429	932.593260519224	429	4	M+Na
152.11685873829845	1	676.2862006900062	935.2427373452167	431	4	M+CH3OH+H
151.11682188154143	1	107.01151638921021	932.5644728348776	432	4	M+CH3OH+H
152.11298342426582	1	24.87324340173777	934.4257303006113	433	4	M+CH3OH+H
151.10955942935755	1	335.44403293710303	933.7490247235952	434	4	M+CH3OH+H
152.12201678728832	1	12.36946823062744	931.0847127509205	435	4	M+CH3OH+H
151.11868006697418	1	210.9156445888787	933.2591167296204	436	4	M+CH3OH+H
152.1191778148263	1	152.00998254145756	931.2469786202107	437	4	M+CH3OH+H
159.1128758186686	1	83141.5295728001	936.3080249436337	440	4	M+ACN+H
161.11708481394075	1	437.8021148599851	928.1325904809374	441	4	M+ACN+H
160.11710627989723	1	80.09986726176606	937.4677840961908	442	4	M+ACN+H
160.10981718125265	1	729.9821929958661	936.4551465761606	443	4	M+ACN+H
161.1223062321331	1	11.653220756406832	934.6741646495872	444	4	M+ACN+H
161.11305506925945	1	57.50382036935692	937.0274317355137	445	4	M+ACN+H
160.11893305600228	1	147.02827861608574	931.817198046881	446	4	M+ACN+H
162.12047911156142	1	33.004521321848785	932.3894700872087	449	4	M+ACN+H
55.54011707712595	1	1557.2368800219676	888.0710670076493	451	5	M+2H
55.54327478156475	1	17655.74377488578	889.284095348371	454	5	M+2H
56.04184510909372	1	120.20336371587234	888.6917144598161	455	5	M+2H
56.04641246151733	1	16.20393537887679	889.082374919857	456	5	M+2H
56.543454703950125	1	2.9121798179975342	885.7247547019474	458	5	M+2H
56.546667363865815	1	5.355812253767435	887.4669707108844	459	5	M+2H
63.555033225278336	1	210674.31201193298	886.497500706551	460	5	M+H+NH4
64.0534497652348	1	2820.8565065582084	889.9919345480004	461	5	M+H+NH4
64.5519994628566	1	11.08266714274221	887.1473318068188	462	5	M+H+NH4
65.05998995771039	1	5.934209582132172	890.9797060609427	464	5	M+H+NH4
64.55509000994532	1	163.07246450777578	885.8977404537986	466	5	M+H+NH4
64.55813726635722	1	405.39874266115726	887.7447420895219	468	5	M+H+NH4
65.0568347226384	1	4.347393072074978	890.2059679933834	469	5	M+H+NH4
76.05345345215734	1	2317.4203456622713	889.2481193827887	471	5	M+ACN+2H
77.06000161745155	1	15.398496389420737	887.5820768881507	474	5	M+ACN+2H
76.55509096096273	1	201.9064477063644	889.9799551819126	476	5	M+ACN+2H
76.55841503612741	1	615.9451295898439	889.7762169067349	478	5	M+ACN+2H
77.05696920516706	1	7.656954053677455	889.6482910033557	479	5	M+ACN+2H
96.56661679304625	1	3668.2115874647025	892.1750974111551	481	5	M+2ACN+2H
96.57144471164321	1	435.7035746946951	887.1273554078822	483	5	M+2ACN+2H
97.57324874801878	1	42.378946611537955	887.3193432996806	484	5	M+2ACN+2H
96.56975078539354	1	25616.528581818366	888.7177295294883	485	5	M+2ACN+2H
97.0729087915222	1	42.681182216669136	885.9083391237186	487	5	M+2ACN+2H
97.57004877980135	1	16.004736441272392	889.9634254347861	489	5	M+2ACN+2H
109.07606268430769	1	262932.8120883815	890.8920563244671	490	5	M+H
110.07296147365192	1	1773.3912217596308	887.5804146122906	491	5	M+H
111.07006483604303	1	3.4065628636925567	886.6478803824535	492	5	M+H
110.08238969113732	1	237.1037248622847	888.0565392969634	493	5	M+H
110.07954610897083	1	11929.234211249597	894.4216214564394	494	5	M+H
111.07624909411678	1	106.45111990752679	886.7605681960707	495	5	M+H
112.07981084329204	1	3.0194069220806257	889.8021054280485	498	5	M+H
112.08587353472696	1	5.149509570276157	886.8144881402505	499	5	M+H
126.10263101108386	1	222493.29716179764	885.5918193240058	500	5	M+NH4
127.09970374677806	1	3385.924011517395	889.2424156822398	501	5	M+NH4
127.10883204121139	1	306.1439481720795	889.3067177466587	503	5	M+NH4
129.11261252159895	1	5.722482267516841	891.028871552474	504	5	M+NH4
127.10591822652863	1	17674.021836395157	890.7409707903665	505	5	M+NH4
128.10316563872058	1	185.21465567947516	886.9960685550753	506	5	M+NH4
128.11210216348312	1	20.062240005345092	883.999544585749	507	5	M+NH4
128.10955344154448	1	390.9626148504032	888.9091880209485	508	5	M+NH4
132.05488618719897	1	1914.5213790737773	888.068980793986	511	5	M+Na
132.06420293324047	1	201.2784589037813	890.4631901487334	513	5	M+Na
132.06113413537653	1	17092.79887721958	889.8564429856964	514	5	M+Na
133.06470024446344	1	360.22299028931315	885.99031433287	517	5	M+Na
134.06179955587965	1	3.213789960447648	887.7653837801905	518	5	M+Na
134.06807737157743	1	7.467266609157171	887.3108561839194	519	5	M+Na
142.09933637969715	1	1977.4276912217035	887.5083315638632	523	5	M+CH3OH+H
143.11195601282964	1	26.158467638439877	886.6020681917631	524	5	M+CH3OH+H
142.10850002040144	1	332.2341629369972	885.1393174469727	526	5	M+CH3OH+H
143.10865198693347	1	639.6342465245223	889.3227830378755	527	5	M+CH3OH+H
144.10996368426464	1	46.659360276612176	888.7957648918313	529	5	M+CH3OH+H
150.1025437353951	1	219856.8803930018	891.2098371356423	530	5	M+ACN+H
151.09973731936802	1	2059.255772994032	890.8175219049891	531	5	M+ACN+H
152.09681094992092	1	11.68425493947369	885.8268029475286	532	5	M+ACN+H
153.1123948011057	1	17.344974313662213	886.7867149582698	534	5	M+ACN+H
152.10277861926022	1	238.4793025977899	888.7206172424668	536	5	M+ACN+H
152.11236541208285	1	24.109970954882908	888.6834733791319	537	5	M+ACN+H
152.10946157467086	1	741.8439927499327	888.5583445696126	538	5	M+ACN+H
153.1062355085362	1	8.378445462039577	889.6558687842625	539	5	M+ACN+H
117.06788965491596	1	262660.5790080081	963.611733584177	540	6	M+2H
118.06991813968496	1	985.2523561111243	964.5725334883491	541	6	M+2H
117.5700157161974	1	218.52071434238093	966.6763841616646	542	6	M+2H
117.56651454254329	1	1794.4065852935826	968.0331170270243	543	6	M+2H
118.57295811426334	1	96.03966187945116	964.0719983195114	544	6	M+2H
118.07150176881223	1	2427.540591564216	966.3816463452132	545	6	M+2H
117.57101009479808	1	632.7828983466118	963.9329666379273	546	6	M+2H
117.56963307660747	1	37134.19092859946	966.1118291134554	548	6	M+2H
126.07933747145728	1	2702.2149801415203	971.1586154888561	553	6	M+H+NH4
127.08624519774936	1	107.67308909127703	966.4143612391393	554	6	M+H+NH4
126.5814873738642	1	444.6920174608199	969.160784154655	555	6	M+H+NH4
126.084204107363	1	559.8707170529158	966.5138402203999	556	6	M+H+NH4
126.08286051334031	1	36925.27837713067	969.0438147189642	558	6	M+H+NH4
127.08486678411516	1	160.38359797738437	970.3520261720774	559	6	M+H+NH4
137.58108797237222	1	238648.23210285732	962.8081254554879	560	6	M+ACN+2H
138.5830781109262	1	995.4772030919271	966.3044966249091	561	6	M+ACN+2H
138.08317849822419	1	229.34156535714496	963.7996021181083	562	6	M+ACN+2H
138.07960148393119	1	2795.972714172298	963.2413095320737	563	6	M+ACN+2H
139.08618407028493	1	137.8049728104741	962.8381223938682	564	6	M+ACN+2H
138.58133934540612	1	500.9452537833458	963.2293882481438	565	6	M+ACN+2H
138.08272262647577	1	43070.41816117253	965.1619978273436	568	6	M+ACN+2H
158.09437781132024	1	313876.21448972943	968.3226836449907	570	6	M+2ACN+2H
159.09649707088056	1	883.3316170749011	967.3256322938663	571	6	M+2ACN+2H
158.5964791904535	1	253.93498716602357	966.3320603971067	572	6	M+2ACN+2H
158.59262777045734	1	3560.9883111348663	961.5765059685632	573	6	M+2ACN+2H
159.09465380253667	1	620.6339881721398	964.1006069669521	574	6	M+2ACN+2H
159.59940146454315	1	211.47406492407526	967.6129340288638	575	6	M+2ACN+2H
158.59745377542075	1	632.8620119665147	966.6598979218622	576	6	M+2ACN+2H
159.09797060542235	1	3311.1271811687093	970.0853866575727	577	6	M+2ACN+2H
158.5962285902764	1	40290.90362609615	967.3462277348319	578	6	M+2ACN+2H
159.59821630708552	1	191.30819525500758	967.075837576221	579	6	M+2ACN+2H
233.12876721192788	1	229692.5577644433	968.3938674732152	580	6	M+H
234.1325294055718	1	173.14729011610478	965.2511447629964	582	6	M+H
236.13868840394463	1	90.39726141901708	965.2815474037287	584	6	M+H
235.1351880850668	1	2250.077600138091	963.8972075654962	585	6	M+H
234.13443726373538	1	524.5688392779458	961.6941229115012	586	6	M+H
235.1289610233835	1	315.8755720502951	967.1978035356132	587	6	M+H
236.13633949806186	1	148.99844118081765	966.7234668827336	589	6	M+H
252.15938251603112	1	1326.4976570183035	966.0606982298119	591	6	M+NH4
251.1597709780073	1	194.62843518317763	966.2925758012967	592	6	M+NH4
253.165046264142	1	84.61511244749	965.3444833550265	594	6	M+NH4
252.16181320052854	1	2404.5637964972952	963.9704718235096	597	6	M+NH4
253.16262059912242	1	151.9764211828691	964.4067004803774	599	6	M+NH4
255.10983214004787	1	238318.17056540586	969.3990252293594	600	6	M+Na
256.10769734114604	1	1888.745616948667	966.906951035083	603	6	M+Na
257.1109271229671	1	310.67934571204273	968.8490181528022	605	6	M+Na
256.1166130726793	1	472.4474530050035	965.3764551611334	606	6	M+Na
257.11674748031567	1	2494.960041688635	961.7891880543862	607	6	M+Na
256.1141226294273	1	35904.96399150816	961.1224521454128	608	6	M+Na
258.11802662036456	1	185.7429463740601	966.6689864381863	609	6	M+Na
265.15484921512285	1	239962.50974030883	965.4475348452153	610	6	M+CH3OH+H
267.1594965303292	1	1758.2622715752586	964.6414256075915	611	6	M+CH3OH+H
266.1579446218448	1	46491.75849994539	961.5833867207814	613	6	M+CH3OH+H
268.1623645750777	1	247.14845805526573	966.4876828238365	616	6	M+CH3OH+H
266.1613376671805	1	613.3230956035057	968.2445014646619	617	6	M+CH3OH+H
267.1609372240334	1	3033.3990703707464	965.3359053550986	618	6	M+CH3OH+H
267.15549974340684	1	266.04719291721796	966.835148847705	619	6	M+CH3OH+H
276.15972971189865	1	1049.5267536391143	962.9286907944428	621	6	M+ACN+H
275.1590338303993	1	212.64766415845395	961.8767512786296	622	6	M+ACN+H
275.15219635823155	1	2894.22471118822	967.3714807251702	623	6	M+ACN+H
277.16505731567435	1	140.51097994485292	966.9773011618678	624	6	M+ACN+H
276.15502059373654	1	454.09999163127515	964.5179617817341	625	6	M+ACN+H
276.1614550585993	1	3137.577766909578	967.748690426673	627	6	M+ACN+H
275.1580746024723	1	47649.81124889717	965.8457297681031	628	6	M+ACN+H
277.16244655325744	1	158.45126263459983	966.3988716941074	629	6	M+ACN+H
94.04147827749966	1	17196.701195978232	1112.2459225227897	630	7	M+2H
95.54501571684318	1	11.559400119408236	1113.6002937484502	635	7	M+2H
95.04449132761545	1	176.60625226018115	1113.6691964043	638	7	M+2H
95.54619981236903	1	6.5581174565382545	1113.1711934933157	639	7	M+2H
103.55663386860219	1	79.92010388815513	1112.3704384594096	641	7	M+H+NH4
103.05677974716458	1	15.617794521412875	1114.6243494964374	642	7	M+H+NH4
103.05303569624927	1	72.73060396491385	1110.9201590334421	643	7	M+H+NH4
104.05956353989781	1	4.693487082234267	1113.771019318719	644	7	M+H+NH4
103.05763555482383	1	35.820507236439916	1113.0315890915765	645	7	M+H+NH4
114.55434458059788	1	23486.910103559156	1111.4133491431805	650	7	M+ACN+2H
115.55681802469552	1	73.73235422869872	1113.76411035012	651	7	M+ACN+2H
116.05964371226067	1	8.603930988334913	1112.2618119203137	654	7	M+ACN+2H
116.05834383607099	1	11.26838753866307	1112.3220858993704	657	7	M+ACN+2H
115.55780582940191	1	187.05810402131334	1113.4099295950691	658	7	M+ACN+2H
115.55483778297904	1	11.498337482986324	1108.9803100302684	659	7	M+ACN+2H
135.06756722453684	1	20976.782603757234	1113.4273153838556	660	7	M+2ACN+2H
135.570022250946	1	13.204173466726415	1113.320304589506	662	7	M+2ACN+2H
135.5662579492884	1	155.4408217647969	1111.9408146809967	663	7	M+2ACN+2H
136.57292168810073	1	14.349325114983356	1112.9145383758378	664	7	M+2ACN+2H
136.07122403417142	1	271.61231042667345	1113.5091900560035	665	7	M+2ACN+2H
135.57098807249236	1	38.38503684821969	1112.0633618326096	666	7	M+2ACN+2H
135.56950338325868	1	3471.1547414315737	1114.2317417158226	668	7	M+2ACN+2H
136.57145859089928	1	14.742658987596027	1111.5256930089215	669	7	M+2ACN+2H
189.07954475959704	1	76.98262727397201	1111.7620355871688	671	7	M+H
188.07944303440274	1	14.54998230741825	1112.284555251387	672	7	M+H
189.08299416546947	1	2.1620133437685003	1111.0723683117592	676	7	M+H
190.0855425967729	1	6.170491722394031	1114.3260658951667	679	7	M+H
205.10621574081105	1	15.191729549637301	1114.8414162841595	682	7	M+NH4
205.0990200621138	1	76.68288581268249	1112.964015317939	683	7	M+NH4
207.11199359531201	1	5.466148099604481	1113.2285001180346	684	7	M+NH4
205.10847200542418	1	29.84556391793995	1114.0163109090247	685	7	M+NH4
205.1051376785053	1	2150.417986717144	1114.6991974475222	686	7	M+NH4
207.1097375495734	1	11.89763149303957	1111.936158622305	687	7	M+NH4
206.1089169942538	1	162.86974009208376	1109.7007006004412	688	7	M+NH4
206.10205980823721	1	7.811324148694211	1112.4370782733413	689	7	M+NH4
209.05719139464173	1	16323.089293898665	1115.11342895453	690	7	M+Na
211.0614767261655	1	97.46993513230628	1112.0125930967718	691	7	M+Na
210.06149214724883	1	19.05470603301992	1114.8811494365	692	7	M+Na
210.06357253303818	1	28.54543957780315	1115.2264854657628	693	7	M+Na
210.06074743744838	1	3071.5074351403637	1112.7755004527119	694	7	M+Na
212.0650344914022	1	8.502168614247509	1112.364248351001	695	7	M+Na
211.06490757830622	1	2.020317354873115	1114.1792107689844	696	7	M+Na
211.06413439202336	1	158.42370546144454	1110.0521476201789	698	7	M+Na
212.0674951401394	1	5.32799245347059	1113.5476642913038	699	7	M+Na
219.1013562085609	1	16350.699638390228	1112.5838311189846	700	7	M+CH3OH+H
220.10584132755264	1	22.190883852434542	1115.4511068271693	702	7	M+CH3OH+H
222.11194592835895	1	7.358762504808637	1114.7030361333768	703	7	M+CH3OH+H
220.1047602915234	1	2890.196430764782	1114.2416602041042	705	7	M+CH3OH+H
222.10917809923595	1	21.486663056177324	1115.0601058557156	706	7	M+CH3OH+H
221.10910783991673	1	3.315780036731987	1115.2031188622682	707	7	M+CH3OH+H
221.10843717391901	1	162.9464051300927	1110.7215609690486	709	7	M+CH3OH+H
228.10194919142623	1	16936.321045478326	1113.2012785789248	710	7	M+ACN+H
229.10599505525403	1	11.997913016367855	1108.912528278703	712	7	M+ACN+H
229.0991721293622	1	69.60214267096661	1112.563698094518	713	7	M+ACN+H
231.1115470967805	1	9.573412182930198	1112.5270985838124	714	7	M+ACN+H
229.1053875161225	1	2762.4401071069788	1111.8702832611896	716	7	M+ACN+H
231.10917834110677	1	13.007341174170085	1111.6828327336304	717	7	M+ACN+H
230.1087491587447	1	213.79073666629455	1109.3000077042009	718	7	M+ACN+H
230.10268660678184	1	11.594421537715775	1112.908764704426	719	7	M+ACN+H
112.55443243019393	1	3699.716555993643	603.3814768330963	721	8	M+2H
112.55559707039203	1	1099.4479183451244	600.7064228184087	723	8	M+2H
113.05611249140291	1	305.92091921240785	601.5519623046633	724	8	M+2H
112.05083475156793	1	924.7062679766464	601.3310495356751	725	8	M+2H
112.556106007122	1	55.85986212761248	602.0200379203162	728	8	M+2H
112.05380297680588	1	24148.762146171903	600.470386399743	729	8	M+2H
120.06566651462404	1	280127.4030189362	600.0774556921865	730	8	M+H+NH4
121.067540108358	1	3172.7505225496434	600.0950414013078	731	8	M+H+NH4
120.56776277749039	1	710.3080350402336	603.9476026809305	732	8	M+H+NH4
120.56401096592228	1	2061.0905381097928	602.845593241323	735	8	M+H+NH4
121.0700901604435	1	55.95651951920568	601.2602574411098	736	8	M+H+NH4
120.56709499779105	1	21197.192302998712	596.0238537692467	737	8	M+H+NH4
121.06877499673237	1	895.4813034018288	601.1501993430068	738	8	M+H+NH4
120.56851233800728	1	675.3266813917513	599.7652026306966	739	8	M+H+NH4
132.065458161169	1	284690.469005184	599.8904035285545	740	8	M+ACN+2H
133.06770180207081	1	3103.235378703737	601.9209806468127	741	8	M+ACN+2H
132.5676708585222	1	567.3407173861217	601.1750649760972	742	8	M+ACN+2H
133.06582482546656	1	199.92727502292607	600.232993737077	743	8	M+ACN+2H
133.56934609986862	1	349.9035223594744	597.6334077412339	744	8	M+ACN+2H
132.56395814156753	1	1915.692030719876	607.473382949924	745	8	M+ACN+2H
133.07039386396195	1	80.99998628386811	599.8685940576923	746	8	M+ACN+2H
152.5789397936479	1	276115.51244476397	599.255522594207	750	8	M+2ACN+2H
153.0812768394417	1	642.3875443392116	600.5567031456213	752	8	M+2ACN+2H
153.5789993248102	1	380.66097717991875	602.5069103934657	753	8	M+2ACN+2H
154.08239898531923	1	507.4053814678118	602.4452289083015	754	8	M+2ACN+2H
153.07757288750526	1	3282.2808869609403	601.6281862252057	755	8	M+2ACN+2H
153.08015362325813	1	35067.18663936004	603.9759031055826	757	8	M+2ACN+2H
153.58181597688034	1	1889.6787816370545	599.0795361943292	758	8	M+2ACN+2H
153.0820894923064	1	693.4772587952374	601.6859231576474	759	8	M+2ACN+2H
224.1014256473071	1	3823.6961376441905	600.7810881060598	761	8	M+H
223.10130702290152	1	665.4112575684019	603.0781208575627	762	8	M+H
224.1050285666863	1	53.44901000903284	601.8036462899735	764	8	M+H
223.0937239001205	1	1084.6682681772666	600.4567114669428	765	8	M+H
224.09780444002394	1	100.07082897753686	601.5964776008833	766	8	M+H
223.1036304366885	1	430.32279351374945	600.5688349913908	767	8	M+H
223.10067006937712	1	27538.463819132445	601.2406593843288	769	8	M+H
239.12365081272907	1	252589.00370016554	599.782030151203	770	8	M+NH4
240.12777706297715	1	678.2580845945386	598.0408506811848	772	8	M+NH4
242.13155387743194	1	327.35891097743007	602.9872407288049	774	8	M+NH4
241.1305876260696	1	945.844019124152	603.1221459890336	776	8	M+NH4
240.12747196636573	1	28568.281472892915	600.0689842584217	777	8	M+NH4
240.13014223137088	1	508.0201435262457	601.1764236639563	779	8	M+NH4
244.07940775826816	1	246714.28068191768	597.8204412149058	780	8	M+Na
245.0831438518254	1	578.0982845508314	602.2231136531269	782	8	M+Na
246.0861632393901	1	1061.7978852234085	603.547558872958	783	8	M+Na
245.07592271497322	1	1243.2828765791146	598.1924586257757	785	8	M+Na
247.08701741351223	1	321.19490275187866	599.8654152250269	788	8	M+Na
254.12344173205906	1	263863.34032684605	599.9070217863878	790	8	M+CH3OH+H
256.12786976042116	1	3507.723147233204	602.0439376759349	791	8	M+CH3OH+H
255.12749635485764	1	714.411633372154	599.7576087648522	792	8	M+CH3OH+H
256.13006031518074	1	1334.653868686517	602.7379610065269	793	8	M+CH3OH+H
256.12350954120257	1	104.18411505988138	601.0967633882286	796	8	M+CH3OH+H
255.12960450099922	1	693.9196520314744	599.4975045656824	797	8	M+CH3OH+H
255.1266095201023	1	30130.788131640198	601.2693472906604	799	8	M+CH3OH+H
265.12834502624395	1	3630.299498052129	599.946099508456	801	8	M+ACN+H
264.1278263369248	1	531.4850830743949	600.2297769041114	802	8	M+ACN+H
265.1243415699426	1	216.72017929012875	600.4064410355794	803	8	M+ACN+H
266.13140974782016	1	420.2024611505246	601.3393767766253	804	8	M+ACN+H
265.13055968048604	1	1414.9776433038674	598.7903135019848	806	8	M+ACN+H
264.12756969562025	1	30077.59990892318	599.0047948874978	807	8	M+ACN+H
265.1307895872608	1	74.7955139267639	599.8842842466839	808	8	M+ACN+H
264.1303903613845	1	574.6937346652637	597.475947278987	809	8	M+ACN+H
77.5342367381528	1	101.13764461344964	477.0815792436085	811	9	M+2H
77.03397866043197	1	21.78382979996112	478.59119993092224	812	9	M+2H
77.03509819130645	1	39.36797854043907	480.71939277369745	816	9	M+2H
77.53224094264144	1	64.98471239215279	479.2689329278125	817	9	M+2H
78.0358979555955	1	4.650850583715948	481.5207141480173	819	9	M+2H
85.04515419228127	1	48973.81555626581	480.2739115606782	820	9	M+H+NH4
86.04754488385367	1	113.46198182130048	480.08079139512495	821	9	M+H+NH4
85.54734111488938	1	19.726178164174147	474.963989466932	822	9	M+H+NH4
85.54376179952546	1	1490.2009027151862	478.23139911206823	823	9	M+H+NH4
86.04226071949154	1	10.848631873675973	476.9050194865561	825	9	M+H+NH4
85.54836496265155	1	53.899889242748436	480.2720951090824	826	9	M+H+NH4
86.04547345119806	1	60.910360754481985	481.9278403016064	827	9	M+H+NH4
85.54674078491117	1	2805.2849709176085	477.1683294563828	828	9	M+H+NH4
86.54903193164165	1	6.172913041272831	475.526768246094	829	9	M+H+NH4
97.04507543512166	1	48164.394895358375	479.2835851741886	830	9	M+ACN+2H
98.04745150152856	1	106.53127885193433	475.4853976286491	831	9	M+ACN+2H
97.5437670799998	1	1095.4838704776444	477.4047940979663	833	9	M+ACN+2H
98.04882146158457	1	121.34629181181255	477.93565844818966	834	9	M+ACN+2H
97.54841359302534	1	58.21187613168372	477.15640985158484	836	9	M+ACN+2H
98.04554524833947	1	90.43615164722695	477.7985739830853	837	9	M+ACN+2H
98.54923210755464	1	8.829838172039217	479.4337428317436	839	9	M+ACN+2H
117.55850899517336	1	46123.0310214965	479.39741280207886	840	9	M+2ACN+2H
118.56062095534404	1	106.78326822825147	480.3044494187496	841	9	M+2ACN+2H
118.0606380036156	1	18.312279262446296	482.56700663623445	842	9	M+2ACN+2H
118.0570250318549	1	1434.2701083216348	476.7003536718362	843	9	M+2ACN+2H
118.55563915273838	1	14.276880951472371	476.20456613056587	845	9	M+2ACN+2H
118.0617323249496	1	81.709151637558	478.98240815413294	846	9	M+2ACN+2H
118.06019434834297	1	5640.670556466401	479.1877538162431	848	9	M+2ACN+2H
119.062405127225	1	10.67576160047583	482.272669573004	849	9	M+2ACN+2H
152.05646863128936	1	59575.06199661461	479.4090927284266	850	9	M+H
154.0609760030641	1	104.64733233748589	477.98775913061166	851	9	M+H
153.06094895070927	1	18.057419106044286	480.3754495348886	852	9	M+H
153.06329526831752	1	34.04830412139105	474.7753232146466	856	9	M+H
154.05709343431633	1	46.41260502974007	477.02897807741266	857	9	M+H
153.06030205957333	1	2513.7003129842324	478.07105407361706	858	9	M+H
169.08328963779758	1	52387.3600096925	475.4390102766184	860	9	M+NH4
171.08746308088857	1	111.35927440700502	477.3292996425994	861	9	M+NH4
170.08015428580615	1	1012.2451378306992	477.85540763583924	863	9	M+NH4
171.08980282442818	1	56.3288665395718	481.8486447699414	864	9	M+NH4
170.08941418125974	1	57.46287044292244	479.93897555142536	866	9	M+NH4
171.08350602876496	1	68.90156565594394	478.8421410934895	867	9	M+NH4
172.09113817164743	1	5.282646506377023	477.5653038709257	869	9	M+NH4
174.0385285488169	1	54171.04460280935	479.7919028786968	870	9	M+Na
176.04283027964553	1	117.36264397043539	479.2887880195048	871	9	M+Na
175.03563559516678	1	1019.4297054084559	479.1693674483774	873	9	M+Na
176.04562710154906	1	58.348278820120626	474.38994972777124	874	9	M+Na
176.0327073855194	1	8.297189252241788	476.71196601216116	875	9	M+Na
175.04200645398393	1	2885.7479292981084	476.73885446258873	877	9	M+Na
177.0461005104926	1	6.552067996896489	478.52095799751356	878	9	M+Na
176.0392781018041	1	58.87420041235794	477.61198287555595	879	9	M+Na
184.08306075490606	1	56063.6893649117	477.80844359726194	880	9	M+CH3OH+H
186.08713712622065	1	186.22939569594246	477.11342563571276	881	9	M+CH3OH+H
185.08766080430777	1	41.72697370681689	478.4589375526492	882	9	M+CH3OH+H
185.08028586167524	1	970.7905714873418	474.038595096834	883	9	M+CH3OH+H
187.09072289526992	1	12.99470823177793	477.96744608918215	885	9	M+CH3OH+H
186.0772509204802	1	7.701849203135824	474.8665409994301	886	9	M+CH3OH+H
185.0893137624975	1	65.6615131451888	477.513891670508	887	9	M+CH3OH+H
186.08285914643614	1	57.16912148484218	479.22528217402174	888	9	M+CH3OH+H
185.08631710679308	1	3549.6645937127364	479.09267731473824	889	9	M+CH3OH+H
195.08770304793958	1	103.14545455040763	480.9999259551972	891	9	M+ACN+H
194.08011922911274	1	1161.8143596465106	475.53114403404476	893	9	M+ACN+H
195.09005563884668	1	126.16348298467453	477.2902204137071	894	9	M+ACN+H
194.08960875408732	1	54.64726886390157	478.5583446514759	896	9	M+ACN+H
195.08358770475274	1	75.44643860125883	480.1814693791309	897	9	M+ACN+H
194.0864695459506	1	3803.150827431517	479.0610862067025	898	9	M+ACN+H
85.54417002330901	1	52085.4774368331	830.949787643488	900	10	M+2H
86.04629330197054	1	46.44626554307078	828.2636339144678	902	10	M+2H
86.54441481794878	1	12.454285682359798	827.7105031652462	903	10	M+2H
86.04261819285998	1	165.5334915066842	830.8442305559698	904	10	M+2H
86.54906654100085	1	5.364223606808169	830.7719602738763	905	10	M+2H
87.0478801533994	1	22.48817025812971	829.9911744392227	908	10	M+2H
86.54757991879525	1	149.5540526373225	828.5479748133164	909	10	M+2H
94.05754241329439	1	49937.978593046224	830.6844326629731	910	10	M+H+NH4
94.55968763518204	1	54.00588452021676	825.0216987476836	912	10	M+H+NH4
95.56131099670466	1	27.149121583465185	828.4590707280544	913	10	M+H+NH4
94.55588318617976	1	344.95662142280435	831.042113104096	914	10	M+H+NH4
95.06248906304553	1	8.21238892663463	831.945787433238	915	10	M+H+NH4
95.05767983526808	1	31.24679162011148	832.2524273105209	916	10	M+H+NH4
94.56061054810272	1	100.53136277776512	833.4137817196573	917	10	M+H+NH4
106.05754373660251	1	54758.59138452081	826.692094834927	920	10	M+ACN+2H
107.05959795650375	1	267.85235143485977	826.7020232246257	921	10	M+ACN+2H
106.55973719884706	1	52.060328984552264	827.0094472589116	922	10	M+ACN+2H
107.56123340814628	1	35.92287456755949	828.6820185246478	923	10	M+ACN+2H
106.55596826037409	1	332.7417488172419	827.6181642739374	924	10	M+ACN+2H
107.05751698390463	1	39.00204549370109	826.9004356709196	926	10	M+ACN+2H
107.06082497470462	1	236.87419870802032	829.3092138891545	929	10	M+ACN+2H
126.57085632826643	1	54771.9621564814	828.6458528552631	930	10	M+2ACN+2H
127.07239286399482	1	7472.420024097059	827.2216715635952	933	10	M+2ACN+2H
127.57563519510083	1	12.841430825262682	829.1954004661976	935	10	M+2ACN+2H
127.57087181875261	1	58.70525622469306	831.6200896202081	937	10	M+2ACN+2H
128.07471739124256	1	46.77021667904221	828.4451253167498	939	10	M+2ACN+2H
170.0808856279942	1	56489.464835808474	827.7528583489478	940	10	M+H
171.0851050745705	1	63.82837266875624	828.4164720372058	942	10	M+H
172.08166743455968	1	16.08139631067754	828.6057641391621	943	10	M+H
172.09072933065144	1	4.6763509073227185	827.867278664739	945	10	M+H
172.08781764606056	1	168.76441970083948	831.7522045866637	949	10	M+H
187.10784643043266	1	55908.290873128026	828.0218679552202	950	10	M+NH4
188.11193561511595	1	60.392081281853265	831.1002224049469	952	10	M+NH4
188.10477865554094	1	348.09026587172775	832.6314400367305	954	10	M+NH4
189.11789360696412	1	7.2431925898000395	828.6351575506517	955	10	M+NH4
189.10823896544096	1	28.21801701972956	832.7685239925023	956	10	M+NH4
188.1138867404482	1	82.20780857575619	828.9670039373957	957	10	M+NH4
192.06339226915884	1	45132.34219055677	826.8798682983884	960	10	M+Na
194.06747856817657	1	298.51281955741445	829.4024468874238	961	10	M+Na
193.06763115848514	1	51.129794391455306	831.2831629246479	962	10	M+Na
194.06366344137183	1	14.838355085434582	826.9854211807021	963	10	M+Na
193.06003196713576	1	163.62495510020074	827.5987460576076	964	10	M+Na
194.07260136693975	1	5.639131904077458	830.1883040588585	965	10	M+Na
193.06960126526675	1	63.79433399936709	827.8160961599143	966	10	M+Na
193.0663384748959	1	4386.799837084286	832.0994905141843	967	10	M+Na
195.07081055215698	1	27.393460644883138	829.8350194331364	968	10	M+Na
194.06983659261246	1	162.5699153890696	828.0606211564611	969	10	M+Na
204.11154811824008	1	438.744930359973	832.2252205909197	971	10	M+CH3OH+H
203.11142088499656	1	78.78433114975134	831.0565169792734	972	10	M+CH3OH+H
204.10771726528642	1	19.11526848472271	828.3138862878034	973	10	M+CH3OH+H
203.10442016347446	1	193.39128410581654	827.3153448260982	974	10	M+CH3OH+H
204.11729348285746	1	9.15267871360259	831.5146481056859	975	10	M+CH3OH+H
203.11395061131546	1	85.08521181688444	831.9694409982784	976	10	M+CH3OH+H
204.1142428286636	1	222.9768649818265	828.9953204821667	977	10	M+CH3OH+H
203.1111395484647	1	4412.951965510141	831.3117377972368	978	10	M+CH3OH+H
205.11503848822082	1	41.93413360091909	829.589295114868	979	10	M+CH3OH+H
211.10773100427068	1	50589.84729224226	832.4294465886098	980	10	M+ACN+H
213.1117442069852	1	286.94500661636704	831.8829466132119	981	10	M+ACN+H
212.11167133022894	1	56.535714641720986	830.8381692129446	982	10	M+ACN+H
214.11559968858273	1	22.773564557413714	828.1031301694236	983	10	M+ACN+H
213.10821066154438	1	36.19839913344342	832.6913272789437	986	10	M+ACN+H
213.11423266202348	1	266.46389988731204	829.2594486130587	988	10	M+ACN+H
212.110963817303	1	5740.990128641617	831.416219845765	989	10	M+ACN+H
99.50486964840493	1	55579.20174404051	1289.17044635046	990	11	M+2H
100.5070762439736	1	252.30062283947223	1286.6896523418523	992	11	M+2H
101.50712756258586	1	45.08771702920264	1285.0260236133167	993	11	M+2H
100.00704243530186	1	39.4084926077172	1287.1106766660187	994	11	M+2H
100.0066364131184	1	3115.892905837101	1288.8471589818025	995	11	M+2H
100.00362824302071	1	205.65462504810893	1287.3586326529944	996	11	M+2H
100.50832639611602	1	67.20073224768562	1288.6857221536798	997	11	M+2H
101.00674176037471	1	438.8997781724667	1293.2286173638338	998	11	M+2H
109.01837514696358	1	10439.710543444351	1290.4344754456608	1001	11	M+H+NH4
109.02058877177619	1	238.0775764983705	1287.4231605745013	1002	11	M+H+NH4
109.02159416730127	1	62.3273328396314	1289.649259523729	1003	11	M+H+NH4
108.52036167259314	1	40.24799326248397	1288.7539707687638	1004	11	M+H+NH4
108.51993514515546	1	3016.9613922186195	1290.318449299813	1005	11	M+H+NH4
108.51681879762663	1	456.2481913810522	1289.2359591047448	1006	11	M+H+NH4
109.52019175526814	1	596.266444360287	1292.2335161276646	1008	11	M+H+NH4
120.0182902453582	1	57011.17234334925	1287.140893506734	1010	11	M+ACN+2H
121.0185841465697	1	9173.933154511176	1294.0800006296377	1011	11	M+ACN+2H
121.02050489272139	1	204.96017897206306	1286.7375818931878	1012	11	M+ACN+2H
121.0217343071457	1	129.8300961138062	1286.2379502806077	1013	11	M+ACN+2H
120.51996692409162	1	4359.657213387153	1289.2846203397094	1015	11	M+ACN+2H
120.51674140260313	1	409.2395700777241	1291.3797455114643	1016	11	M+ACN+2H
140.53159788475293	1	56064.89983471291	1288.6186558374873	1020	11	M+2ACN+2H
141.53374376127945	1	228.97075277979846	1285.9351791948616	1022	11	M+2ACN+2H
141.5318880178565	1	67.3600184799242	1288.384268291374	1023	11	M+2ACN+2H
142.03004041181492	1	91.12608923147052	1288.591552458852	1027	11	M+2ACN+2H
142.0333296907422	1	868.4856500466933	1291.6174007972959	1028	11	M+2ACN+2H
198.0028164582153	1	57848.19788025404	1289.352794728948	1030	11	M+H
200.00696825443137	1	233.41525002386038	1292.087045615248	1032	11	M+H
199.00001621461317	1	223.95666025152204	1285.542113839999	1036	11	M+H
201.00637748676635	1	498.2534884935313	1289.1446429203058	1038	11	M+H
199.0090011362383	1	71.6897571557555	1287.1408542718705	1039	11	M+H
215.02918217768092	1	65335.05318809575	1293.2805605015903	1040	11	M+NH4
217.02948578153726	1	10195.855682658686	1288.2342488226193	1041	11	M+NH4
217.03606047584273	1	61.30013570458786	1290.5996147982964	1043	11	M+NH4
216.0262896446958	1	376.86108363587823	1289.1190691969723	1046	11	M+NH4
218.0329586794452	1	454.93947014639156	1290.5386065912342	1048	11	M+NH4
219.98453683817223	1	52459.735271691665	1284.5124650704856	1050	11	M+Na
221.98535389807344	1	9164.862627775541	1289.250154426426	1051	11	M+Na
221.9892970238057	1	225.34814915318915	1288.0862028646784	1052	11	M+Na
223.98927652213857	1	49.61319333412521	1285.906563255249	1053	11	M+Na
220.9879238401588	1	3446.8628708655588	1288.3762434069363	1055	11	M+Na
220.98199380443	1	252.0833120589764	1289.4886805522387	1056	11	M+Na
221.99128543778426	1	67.74414784237675	1289.034712064948	1057	11	M+Na
220.99152148145342	1	71.29689733101877	1290.2111395776355	1059	11	M+Na
230.02913812892447	1	63524.4493642598	1290.2972881019318	1060	11	M+CH3OH+H
232.02938685776962	1	9094.82522373252	1288.3342509066288	1061	11	M+CH3OH+H
232.03290674465453	1	377.9714137841002	1289.0429165426497	1062	11	M+CH3OH+H
234.0335967424656	1	60.31717703686682	1289.3131720298738	1063	11	M+CH3OH+H
231.03359506374298	1	62.03730780018552	1289.4010289908279	1064	11	M+CH3OH+H
231.0262189776162	1	192.93934113211208	1291.8602828611997	1066	11	M+CH3OH+H
232.03588605840622	1	97.2917487739545	1286.7944826501687	1067	11	M+CH3OH+H
241.02955052244826	1	9587.687480225984	1289.300638481358	1071	11	M+ACN+H
241.03386198225311	1	257.64168020729403	1293.0203131428834	1072	11	M+ACN+H
241.03614998336377	1	115.11113382705061	1287.7753072025498	1073	11	M+ACN+H
240.03275102668067	1	5816.416698681225	1288.565879099722	1075	11	M+ACN+H
75.53270187683628	1	203718.24885928768	1156.4344908183634	1080	12	M+2H
76.53076150155995	1	9360.16331088295	1150.8233791117937	1081	12	M+2H
76.03244399988824	1	1539.255078273949	1155.4935487527507	1082	12	M+2H
76.53620404044804	1	255.15809078359894	1152.5130320239625	1083	12	M+2H
76.53502141416298	1	886.3131918256036	1155.0425342358474	1084	12	M+2H
77.03226623880063	1	514.7008503047213	1153.405544579764	1085	12	M+2H
76.03485528990822	1	174.3457951124829	1151.116560828653	1087	12	M+2H
76.03119829897089	1	785.644410330183	1150.091884002461	1089	12	M+2H
84.04586488122673	1	170434.61444902496	1155.5053885531438	1090	12	M+H+NH4
85.04404922024933	1	7948.358161147629	1151.4959806409288	1091	12	M+H+NH4
84.54596434196166	1	1575.863841187964	1153.04532857247	1092	12	M+H+NH4
85.54560632085416	1	524.8161748934973	1155.007257516216	1093	12	M+H+NH4
85.04816837485316	1	793.5244590600751	1155.548585757145	1094	12	M+H+NH4
84.54777710307437	1	11038.043387867	1155.7130006444568	1095	12	M+H+NH4
85.04936589599242	1	258.63666699859385	1151.388712826132	1096	12	M+H+NH4
84.5482509517315	1	156.64776084621042	1154.7343429367447	1097	12	M+H+NH4
84.54922963846897	1	383.3535144334483	1150.255773342909	1098	12	M+H+NH4
84.54463716686429	1	1307.0753127626915	1154.5129468704877	1099	12	M+H+NH4
96.04601943950485	1	198181.1705548311	1153.5400063556865	1100	12	M+ACN+2H
97.04395558199867	1	7697.095763070514	1153.832058576174	1101	12	M+ACN+2H
96.54571102598133	1	1934.869607508494	1156.2882081190382	1102	12	M+ACN+2H
97.54575258568057	1	689.5784381581027	1153.082574614748	1103	12	M+ACN+2H
96.54790316741001	1	16293.851549571693	1153.7316030133638	1105	12	M+ACN+2H
97.04953096384035	1	551.3332364603606	1151.3403982787822	1106	12	M+ACN+2H
96.54837880372978	1	157.4390942206625	1148.7060154854946	1107	12	M+ACN+2H
96.54913052312105	1	356.81700553167025	1149.7780397993924	1108	12	M+ACN+2H
96.54457332185642	1	1523.7432529171745	1151.3919289027833	1109	12	M+ACN+2H
117.5576411373027	1	8525.14636353745	1156.752544522574	1111	12	M+2ACN+2H
117.56158668109656	1	789.2890402349399	1154.682340806857	1114	12	M+2ACN+2H
117.06119107770607	1	18941.29884212265	1153.8157168799087	1115	12	M+2ACN+2H
117.55964620031395	1	185.7109833874939	1155.4410282532606	1117	12	M+2ACN+2H
117.05792295697098	1	2143.0942511509547	1149.7481173303895	1119	12	M+2ACN+2H
152.05421370970268	1	9034.545108586275	1153.2577939678472	1121	12	M+H
151.05757002088225	1	1751.4309004078843	1151.5437001365706	1122	12	M+H
153.05777694041151	1	572.055636194878	1152.502092826633	1125	12	M+H
151.06459148125722	1	237.01090203934672	1152.4671858109066	1128	12	M+H
151.05536894379554	1	846.1684524038521	1152.9217903559581	1129	12	M+H
167.0849125712334	1	236003.60387586197	1149.2844596727343	1130	12	M+NH4
168.08424439989386	1	1827.2229035029172	1151.4218691775563	1132	12	M+NH4
170.08436362855213	1	541.5583779917532	1152.5279187215162	1133	12	M+NH4
169.08883842446286	1	758.6612174728164	1148.656387116684	1134	12	M+NH4
168.087877676163	1	11335.271403935365	1154.3608073297705	1135	12	M+NH4
169.09128877163215	1	231.97081634028436	1153.49304251336	1136	12	M+NH4
168.0889319990083	1	150.8891256095179	1154.9622105863089	1137	12	M+NH4
168.0821384416555	1	1522.8862030520384	1153.8612399473209	1139	12	M+NH4
174.03580563119442	1	9537.111593173087	1154.9832753704184	1141	12	M+Na
173.0394374644904	1	1640.6003942515279	1150.0709757107975	1142	12	M+Na
175.03928717856212	1	472.33104166870004	1151.6012502695542	1145	12	M+Na
173.04677180261393	1	304.9887449915158	1151.186855283017	1148	12	M+Na
173.03747218900398	1	708.4597543812242	1152.14045601861	1149	12	M+Na
182.0842703923661	1	212698.45417915971	1151.558788396297	1150	12	M+CH3OH+H
184.08026633551611	1	9624.783991204076	1153.0519515313517	1151	12	M+CH3OH+H
183.08377922887615	1	1643.8935152725219	1150.9273509412021	1152	12	M+CH3OH+H
185.0838660618488	1	605.4826339966829	1153.0626207830926	1153	12	M+CH3OH+H
184.0890452966977	1	1253.647107344375	1151.5478799754892	1154	12	M+CH3OH+H
184.09116628118795	1	441.45522260830796	1152.1661899307849	1155	12	M+CH3OH+H
183.08807294688174	1	13018.704381211593	1149.4588128471964	1156	12	M+CH3OH+H
183.08159231143074	1	611.0794782733083	1149.886391733783	1159	12	M+CH3OH+H
191.0850116601412	1	207516.3271055343	1151.251145840886	1160	12	M+ACN+H
193.0806274005594	1	7990.264520137006	1152.0167249593235	1161	12	M+ACN+H
192.0844580264854	1	1667.1229325763077	1153.4409502615763	1162	12	M+ACN+H
192.08833706776883	1	17477.7916268738	1151.3627468722752	1165	12	M+ACN+H
193.09162245338197	1	525.8354572468039	1157.0504420735333	1166	12	M+ACN+H
192.0913214680133	1	365.58635247806984	1151.9579882225366	1168	12	M+ACN+H
192.08200852151498	1	1465.6178548450653	1152.918796880343	1169	12	M+ACN+H
104.05430719720285	1	280.5696609657844	937.5779112128375	1171	13	M+2H
103.55413638007744	1	41.33126919424638	938.4492592284381	1172	13	M+2H
103.55087445669879	1	403.7435324401518	937.5283230900937	1173	13	M+2H
104.55704377730319	1	13.201529378624453	935.6588160932072	1174	13	M+2H
103.55543472538379	1	92.40048953764025	940.5332021293428	1176	13	M+2H
104.05556132679469	1	453.2816098254194	938.8539933939823	1177	13	M+2H
103.55390420275869	1	5804.274245113394	936.8517878070567	1178	13	M+2H
104.5560500306715	1	26.550065934388186	939.1542401274774	1179	13	M+2H
112.56763129153781	1	265.61638616561225	937.0856397806983	1181	13	M+H+NH4
112.06756276434089	1	50.98145446676034	937.9521668306548	1182	13	M+H+NH4
112.57037520144023	1	13.884961046970254	937.7143658410193	1184	13	M+H+NH4
112.56558755945004	1	66.61310881878067	938.9067668863976	1185	13	M+H+NH4
112.06860841691534	1	103.34572841928066	937.892393432191	1186	13	M+H+NH4
112.06721080022363	1	7037.281575693976	936.9983938237395	1188	13	M+H+NH4
113.06928959087779	1	27.91931313681863	936.3331081395057	1189	13	M+H+NH4
123.56544843896845	1	59488.86577461888	936.8769526179525	1190	13	M+ACN+2H
124.56754243787191	1	285.7228551263099	937.3735695722756	1191	13	M+ACN+2H
124.06744302381497	1	48.59443048229632	939.3110126193375	1192	13	M+ACN+2H
124.06399273477375	1	485.6921087359169	940.4832351913232	1193	13	M+ACN+2H
125.07058068230718	1	22.41161686047407	937.6149756140303	1194	13	M+ACN+2H
124.06862338287735	1	99.6799750100138	939.7902076001238	1196	13	M+ACN+2H
124.06720994380633	1	8498.215709219485	941.0599607263237	1198	13	M+ACN+2H
144.58092750758354	1	40.405595207852635	938.7241879323446	1202	13	M+2ACN+2H
145.5838331313358	1	28.892852475301304	936.592690411839	1205	13	M+2ACN+2H
145.08211446521778	1	768.6521395422797	938.5575106005822	1207	13	M+2ACN+2H
144.58019807858633	1	8764.982023809978	939.1906698922303	1208	13	M+2ACN+2H
205.0970222969686	1	54203.24214546743	935.3128432717908	1210	13	M+H
207.10132051702178	1	248.00339603483582	938.5762005509781	1211	13	M+H
206.10151458350694	1	40.83413283702752	938.052874103226	1212	13	M+H
208.10725716964723	1	14.054069560283464	939.0376279590903	1214	13	M+H
207.09761264838377	1	51.74400543976644	939.4124209311385	1215	13	M+H
206.1033905211069	1	93.71414722042738	937.5646006252327	1216	13	M+H
206.10091894701415	1	8487.31599188428	941.9715675381404	1217	13	M+H
222.1236156822039	1	53083.54614242172	941.2647286107583	1220	13	M+NH4
223.12789716904447	1	50.737631157468975	937.2289863360795	1222	13	M+NH4
223.1205256590317	1	689.6739320404412	936.4616792479104	1223	13	M+NH4
224.1335582940576	1	13.646047663651228	937.8084806997815	1224	13	M+NH4
224.12402324110585	1	74.39876946771848	937.1960737334525	1225	13	M+NH4
224.1300274897793	1	326.8097887730029	936.5592912482645	1227	13	M+NH4
223.1268747030575	1	8793.151512677698	938.242708832866	1228	13	M+NH4
227.07917188914962	1	58913.409432397384	936.5251461608165	1230	13	M+Na
229.08342629472304	1	246.6939057250465	936.6858098314025	1231	13	M+Na
229.07958665601467	1	46.09229287140353	937.2800416118346	1235	13	M+Na
228.08258315674675	1	8074.206798222023	940.0125688124295	1237	13	M+Na
230.08644877228883	1	28.77648368848108	935.448518041145	1238	13	M+Na
229.08604626749738	1	389.8728391371946	936.2927261901788	1239	13	M+Na
237.12311937484407	1	64185.93076179053	941.8591083092624	1240	13	M+CH3OH+H
239.12765203421733	1	317.1250497775176	941.913122107048	1241	13	M+CH3OH+H
238.12042912095473	1	451.1653504206912	938.2928986001548	1244	13	M+CH3OH+H
239.12936193912913	1	511.4827824412179	936.4752523225982	1246	13	M+CH3OH+H
238.12963326374455	1	90.8309287444438	938.6976068984802	1247	13	M+CH3OH+H
246.12383005092445	1	59585.68675202327	937.8401136115308	1250	13	M+ACN+H
248.12802565940214	1	196.03313477995	939.391988105014	1251	13	M+ACN+H
247.1277214141416	1	44.227927581401126	941.6642798835287	1252	13	M+ACN+H
249.13364786466522	1	21.151164267531072	939.1835442201042	1254	13	M+ACN+H
247.1296566630179	1	96.6071275532459	940.3237203446902	1256	13	M+ACN+H
247.12712308929653	1	7425.445442781531	936.7134660781583	1258	13	M+ACN+H
249.1315290929441	1	28.826692463042267	941.4350717150727	1259	13	M+ACN+H
76.53897271801551	1	158239.74325474352	1051.148197117335	1260	14	M+2H
77.5410401776368	1	647.1308559372679	1053.6944310558342	1261	14	M+2H
77.04112025260115	1	142.14229552488078	1052.0361979039285	1262	14	M+2H
77.03735538832059	1	663.0229477713937	1050.298087104713	1263	14	M+2H
77.54378349173679	1	17.05987922174306	1052.020162179934	1264	14	M+2H
77.04210935427689	1	193.34255679060018	1055.3731631285443	1265	14	M+2H
77.04065067734113	1	13675.109480730145	1050.320681228098	1266	14	M+2H
78.04277352476342	1	49.02699930649894	1049.5536008614554	1267	14	M+2H
77.54221582182862	1	563.3273418994867	1053.2675086844436	1268	14	M+2H
85.05217617999637	1	167682.81959655962	1053.2465307614038	1270	14	M+H+NH4
86.05431120905622	1	832.810788273939	1054.8172219951687	1271	14	M+H+NH4
85.55425906134344	1	138.19715021025127	1050.1760673801693	1272	14	M+H+NH4
85.55095202164345	1	1384.636611303967	1047.1731867519507	1273	14	M+H+NH4
86.05698449233846	1	21.56690390245286	1052.6605008109877	1274	14	M+H+NH4
86.0523677673886	1	105.22147553255026	1053.5364343524177	1275	14	M+H+NH4
85.55400892832199	1	16116.459808791382	1052.7539431440641	1278	14	M+H+NH4
86.5561035582414	1	54.21353495266997	1049.5985263923214	1279	14	M+H+NH4
97.05220971982	1	136965.8870158527	1053.4948666176365	1280	14	M+ACN+2H
98.05445935756347	1	572.5723076823334	1049.3192614652705	1281	14	M+ACN+2H
97.55422333609798	1	134.84718407500796	1048.4437144679184	1282	14	M+ACN+2H
97.55073430392615	1	1203.4777616011213	1049.2341479581476	1283	14	M+ACN+2H
98.05703667752573	1	27.579568625814666	1052.1241309970767	1284	14	M+ACN+2H
98.05235043931403	1	126.01519860966067	1055.1162525511688	1285	14	M+ACN+2H
97.55537693752088	1	238.34336904888943	1047.569426547321	1286	14	M+ACN+2H
97.55389103397256	1	17305.756480130105	1050.2022270290279	1288	14	M+ACN+2H
98.55607409260847	1	74.02909282806498	1053.0549403350064	1289	14	M+ACN+2H
117.56559274364722	1	175845.81955712716	1054.117558357945	1290	14	M+2ACN+2H
118.56746877055149	1	586.3718884488636	1055.2047591567207	1291	14	M+2ACN+2H
118.06762153255241	1	106.22795543352181	1052.903153505345	1292	14	M+2ACN+2H
118.06401277811756	1	1721.1476981721473	1052.430461691854	1293	14	M+2ACN+2H
119.07073127750076	1	37.22059040292283	1052.087031257443	1294	14	M+2ACN+2H
119.06931429129752	1	75.09898676762464	1049.8318874950912	1299	14	M+2ACN+2H
152.07052539887684	1	164869.6244963366	1050.6676291970032	1300	14	M+H
154.07493933842866	1	663.8027838382606	1054.2331208888027	1301	14	M+H
153.07483749395305	1	108.913982586446	1051.2390040175333	1302	14	M+H
153.06748301356643	1	692.3675935691678	1051.1988854519902	1303	14	M+H
154.08023511442255	1	18.66118302912495	1053.8939150314761	1304	14	M+H
153.07690097807563	1	170.03713570373384	1052.4217129415017	1305	14	M+H
153.0740353225151	1	12267.814570617504	1049.8218563429377	1306	14	M+H
155.0780635724954	1	56.39605605194826	1048.064928171686	1307	14	M+H
154.07744087257245	1	481.27821827768327	1051.6577877591778	1308	14	M+H
169.09732752863513	1	165408.26784090145	1050.9984900447387	1310	14	M+NH4
170.1016854875436	1	139.65650193093475	1051.2056265515882	1312	14	M+NH4
170.09426245849417	1	923.3746580809752	1048.6346952003553	1313	14	M+NH4
171.1064035375285	1	19.894779231180443	1053.445273481879	1314	14	M+NH4
171.09745649768806	1	107.2648467392066	1049.8171928665145	1315	14	M+NH4
176.05694750993806	1	655.1254672791971	1053.8937046359067	1321	14	M+Na
175.05696195702419	1	105.33535060377474	1054.7224921027187	1322	14	M+Na
176.062148904671	1	12.992172793042261	1052.9228204824142	1324	14	M+Na
175.05581236676485	1	12230.802941742546	1049.6251834044554	1326	14	M+Na
176.0590481057843	1	541.2511951087499	1050.644485758664	1328	14	M+Na
176.05335963366846	1	52.592272951832044	1049.4254615007742	1329	14	M+Na
184.09717443544875	1	163669.9769331619	1050.1994220381796	1330	14	M+CH3OH+H
186.1010231492605	1	964.9348933915243	1052.1869005999517	1331	14	M+CH3OH+H
185.10104005952095	1	179.82425219558715	1050.69143763165	1332	14	M+CH3OH+H
185.09399560582293	1	666.3754596135498	1050.5951382676458	1334	14	M+CH3OH+H
185.1028961855503	1	283.3396306644259	1050.797767583955	1336	14	M+CH3OH+H
185.09987869308515	1	14505.430537118815	1050.963637006773	1337	14	M+CH3OH+H
187.1041825102627	1	103.18733085278782	1053.8643134699946	1338	14	M+CH3OH+H
193.09702323070135	1	156838.11879894743	1053.450544505774	1340	14	M+ACN+H
195.1012052110601	1	706.8892504000089	1047.3952830574067	1341	14	M+ACN+H
194.1017325985317	1	122.39866277878023	1052.2495753432106	1342	14	M+ACN+H
194.0944856108351	1	1253.140332909779	1053.6777538056997	1343	14	M+ACN+H
195.10687644381696	1	30.15684902958692	1052.3279568427088	1344	14	M+ACN+H
195.09711599988307	1	109.94381492890496	1049.8502539674237	1345	14	M+ACN+H
194.10326587435233	1	221.976293730912	1051.2467638480136	1346	14	M+ACN+H
194.10071377991898	1	16431.64061190944	1050.412250544124	1347	14	M+ACN+H
196.10469243285252	1	72.45946852803168	1053.667822424068	1348	14	M+ACN+H
195.10368270352072	1	611.1914550928965	1052.2573156040073	1349	14	M+ACN+H
83.54674616826502	1	94667.51294103851	1403.43953646939	1350	15	M+2H
84.04896006428493	1	65.35754372220778	1404.0049220303385	1352	15	M+2H
84.04516406690716	1	397.4908175473148	1402.1707081685418	1353	15	M+2H
84.55154236865553	1	14.647947264946511	1402.8039857523463	1354	15	M+2H
84.04996381422211	1	125.35113435280573	1408.7160795035918	1355	15	M+2H
84.04843974595428	1	8638.823741914732	1407.364109435203	1356	15	M+2H
85.05052373711602	1	36.50209891185773	1406.5307893694555	1357	15	M+2H
84.54995336029786	1	412.03253434554944	1405.099821117703	1358	15	M+2H
92.06006839121031	1	77839.18991796288	1403.8977250938676	1360	15	M+H+NH4
92.56213775948032	1	76.45337160048496	1403.993279187491	1362	15	M+H+NH4
92.558649261348	1	629.1107186251803	1406.5668643117901	1363	15	M+H+NH4
93.064863406191	1	13.548757951037498	1403.1440513309258	1364	15	M+H+NH4
92.56316802527617	1	158.81506922710267	1400.698984206899	1366	15	M+H+NH4
93.06337822517294	1	370.17703900459117	1404.8025887975846	1367	15	M+H+NH4
92.56168546256042	1	9692.19344399489	1405.2943951234695	1368	15	M+H+NH4
93.56391514420092	1	37.937395266126835	1405.9250032073687	1369	15	M+H+NH4
105.06228448235031	1	379.8469230449012	1405.7991331817268	1371	15	M+ACN+2H
104.56210814700736	1	70.53095029741672	1402.669129161748	1372	15	M+ACN+2H
105.06487883029891	1	20.664127897587278	1407.2329381349211	1374	15	M+ACN+2H
105.06009562920147	1	65.67489818829549	1405.217831273352	1375	15	M+ACN+2H
104.5630691599989	1	169.98423743380494	1404.641510082739	1376	15	M+ACN+2H
104.56165246718953	1	10662.643804690377	1403.1480143500012	1378	15	M+ACN+2H
105.56378783477321	1	40.81794343635694	1408.873812286131	1379	15	M+ACN+2H
124.57330181732678	1	83078.8027953592	1403.9123060586755	1380	15	M+2ACN+2H
125.07564762887826	1	61.63867925001044	1404.5139261419959	1382	15	M+2ACN+2H
125.07190885530343	1	913.5096727817499	1406.1548979054116	1383	15	M+2ACN+2H
126.07823758103748	1	31.6736397653646	1407.9653383829418	1384	15	M+2ACN+2H
125.57671122598934	1	752.4018322227319	1403.9815395969374	1387	15	M+2ACN+2H
125.07507136694197	1	13008.486991569429	1405.7299537523359	1388	15	M+2ACN+2H
166.08600187134647	1	96772.75371685938	1406.1304013715812	1390	15	M+H
167.0902006949093	1	70.72495655592174	1404.8396204664655	1392	15	M+H
167.0833124472904	1	379.9192252070748	1401.6977571603138	1393	15	M+H
168.09577219002114	1	11.603091255569582	1403.1537305780728	1394	15	M+H
168.09318189173908	1	374.24621772835945	1406.083786619887	1398	15	M+H
183.1129226795564	1	87755.80579461856	1406.9240450695	1400	15	M+NH4
185.11665675490823	1	337.72929693497935	1406.5769506614279	1401	15	M+NH4
184.11749008971103	1	83.93964983596365	1405.2394542936343	1402	15	M+NH4
185.12257351679037	1	14.124002661150241	1402.6492864018562	1404	15	M+NH4
185.1193025429791	1	399.41831770205187	1402.4865639295053	1407	15	M+NH4
184.11631214924302	1	7957.687530613279	1404.35670945199	1408	15	M+NH4
186.1203515510735	1	41.425810030293746	1405.9820652087358	1409	15	M+NH4
190.072795661295	1	386.9008357054051	1404.0694193650988	1411	15	M+Na
189.07261982639662	1	66.07586865183436	1401.5913684910497	1412	15	M+Na
190.07480546207938	1	429.34797042543147	1405.0272711299006	1418	15	M+Na
199.116492049092	1	86.20049306960131	1401.421952847701	1422	15	M+CH3OH+H
200.12207056713413	1	20.069697315347273	1404.1892274739653	1425	15	M+CH3OH+H
200.11926450618063	1	524.3269029711873	1407.3146156574153	1427	15	M+CH3OH+H
199.11595101019913	1	8484.939615793579	1403.829548997058	1428	15	M+CH3OH+H
207.11276942478753	1	75417.01901684138	1405.4741048086653	1430	15	M+ACN+H
209.1168964226582	1	356.74337921105484	1403.077827217741	1431	15	M+ACN+H
208.11689668453147	1	77.2076276676532	1406.916423674423	1432	15	M+ACN+H
208.1098372886107	1	604.1443951632846	1402.0938512389098	1433	15	M+ACN+H
208.11896073838608	1	150.514387873132	1403.3715036529848	1436	15	M+ACN+H
208.11624274020568	1	13124.52641167153	1407.522185951436	1438	15	M+ACN+H
210.12043060184365	1	45.269339085507056	1406.3729993334748	1439	15	M+ACN+H
66.55473641596016	1	155754.77500691105	919.2809161622441	1440	16	M+2H
67.55666788625078	1	583.0760927111218	925.9578225280171	1441	16	M+2H
67.0531838860989	1	504.13417275187777	917.9802652839426	1443	16	M+2H
67.55940117168615	1	16.296838106372384	918.8793139241575	1444	16	M+2H
67.0577326626188	1	248.0467888172147	921.1666842571562	1445	16	M+2H
67.0562108026637	1	9671.291256185268	920.2765973512422	1446	16	M+2H
68.05840017053154	1	38.09953865913385	919.0941704146383	1447	16	M+2H
67.55775626436714	1	211.69434254187573	923.0057153787111	1448	16	M+2H
67.5547306544516	1	33.34947164908151	917.9968093943324	1449	16	M+2H
75.06785758898776	1	129289.31000966809	921.5546982112519	1450	16	M+H+NH4
75.56999192653296	1	110.5327468131809	918.2337785755484	1452	16	M+H+NH4
75.56633797727342	1	1072.8400618186583	914.0639804323423	1453	16	M+H+NH4
76.0727627390959	1	15.996480354861978	921.0985306610946	1454	16	M+H+NH4
75.57089070412938	1	334.9436808845642	922.874459052577	1456	16	M+H+NH4
76.06809669342505	1	67.0175888540578	919.4588078114016	1457	16	M+H+NH4
87.06792168023242	1	139002.33048802248	917.7186738770731	1460	16	M+ACN+2H
88.07000036547781	1	669.4438183931877	918.9087849639484	1461	16	M+ACN+2H
87.56997061435912	1	106.32947809792465	921.0735653981948	1462	16	M+ACN+2H
87.56653941086724	1	1198.8945491586228	920.2784097157158	1463	16	M+ACN+2H
88.07129859372475	1	415.9283463713028	922.0713423493055	1465	16	M+ACN+2H
87.5709186284413	1	327.7714643989516	920.2400684220802	1466	16	M+ACN+2H
88.57161786989865	1	43.223059823668606	920.2196914596225	1469	16	M+ACN+2H
107.58088020141447	1	135162.70288054904	922.6355325103622	1470	16	M+2ACN+2H
108.08322219824178	1	99.93029379514532	920.4598705537168	1472	16	M+2ACN+2H
108.07973755977702	1	1263.8007262643139	922.4282598109054	1473	16	M+2ACN+2H
108.58608753074013	1	43.62477857133722	924.5574514877453	1474	16	M+2ACN+2H
108.5813168294496	1	148.03397931960797	927.6289543967982	1475	16	M+2ACN+2H
108.08416079376211	1	374.69006308777716	919.9026462069918	1476	16	M+2ACN+2H
109.08492654872836	1	53.0081543635199	919.50051783966	1479	16	M+2ACN+2H
133.1060928997358	1	117.20198004574945	921.0026310550128	1482	16	M+H
133.09902885419737	1	513.0637058658018	922.6935704729301	1483	16	M+H
134.11151106488535	1	16.028880969193317	920.5875935906897	1484	16	M+H
133.10558909450137	1	8997.985100256834	923.1422900912152	1486	16	M+H
135.10940733003432	1	36.02704244109775	921.9887627720009	1487	16	M+H
134.10832373293104	1	276.7859215902541	919.2216555853347	1488	16	M+H
134.10231090055441	1	32.27832161290783	919.7816137072475	1489	16	M+H
149.1286679090593	1	157973.72817538874	919.8567839235361	1490	16	M+NH4
150.13262526112342	1	106.83394473375031	923.6045859829184	1492	16	M+NH4
150.12569633818373	1	919.7094458421183	923.2365624658142	1493	16	M+NH4
151.13788881276	1	18.00101013198838	920.0211778000041	1494	16	M+NH4
151.12888311946648	1	72.34033065478584	919.1601169268242	1497	16	M+NH4
150.13190012294334	1	9289.62333950005	920.6016562007399	1498	16	M+NH4
152.13604405626378	1	40.07394226597902	917.588240286541	1499	16	M+NH4
154.0836013128127	1	123580.72490045567	922.6045341683083	1500	16	M+Na
155.0806490513972	1	456.59434168956466	918.4160132773345	1503	16	M+Na
156.09347731295225	1	15.048325230244705	923.2193367846617	1504	16	M+Na
155.08725867809133	1	7883.456332028421	922.4886276547868	1506	16	M+Na
156.09050889927613	1	227.09639900851894	920.2108536704077	1508	16	M+Na
156.08427165277914	1	33.99655443154797	922.1460256034444	1509	16	M+Na
165.13253324613282	1	159.99937683427962	923.3043246853908	1512	16	M+CH3OH+H
166.13476593182358	1	294.99268582905376	922.6127239920551	1513	16	M+CH3OH+H
165.12510690164177	1	473.5402234045276	920.2883777867575	1514	16	M+CH3OH+H
166.13771576518434	1	18.146116654141096	921.9037694357074	1515	16	M+CH3OH+H
165.13450627232228	1	282.95995173303504	917.9835493735618	1516	16	M+CH3OH+H
165.13165531332487	1	11206.797622869319	921.7352452207031	1518	16	M+CH3OH+H
173.12822577497542	1	145635.53859440918	916.6950053827594	1520	16	M+ACN+H
175.13258548135576	1	508.12123057377806	923.0858306216155	1521	16	M+ACN+H
174.1326099696675	1	103.29715515504664	919.8543381032954	1522	16	M+ACN+H
174.1252543680165	1	1094.83949224412	920.6073122006393	1523	16	M+ACN+H
175.1381309322257	1	25.9836626082379	918.6054409590756	1524	16	M+ACN+H
175.13498413730534	1	377.15371097643344	918.5070856815679	1525	16	M+ACN+H
174.13499220176945	1	243.4313300711636	920.2874651573828	1526	16	M+ACN+H
175.12844532140596	1	100.91487998204258	918.6678305128061	1527	16	M+ACN+H
174.13198897847477	1	11057.887723074931	920.1375302861086	1528	16	M+ACN+H
176.13614859929547	1	53.75276815264273	921.6460976299988	1529	16	M+ACN+H
189.0766783586368	1	178218.07161363342	990.4773225685088	1530	17	M+2H
190.0784533321147	1	1963.0102479278821	991.9944146955171	1531	17	M+2H
189.5783831430074	1	418.68634026819666	992.5284583149538	1532	17	M+2H
190.08012283199582	1	2856.1707414124094	990.6873321378539	1533	17	M+2H
190.58024378408288	1	396.6327388181181	986.1975884742184	1534	17	M+2H
190.58149660467353	1	154.90416982694012	991.1805100427824	1536	17	M+2H
189.57810915130145	1	31053.780674815724	987.3634598537395	1537	17	M+2H
190.07617031462212	1	507.83235632309163	990.4739054429715	1538	17	M+2H
189.57935349288002	1	485.88802530424084	988.6008649758587	1539	17	M+2H
197.59001620831944	1	160706.22593160492	986.9290941657716	1540	17	M+H+NH4
198.5917020091306	1	2227.9747417066637	989.1968999751425	1541	17	M+H+NH4
198.092257738011	1	416.25506836025716	986.2118410907132	1542	17	M+H+NH4
199.09342537001714	1	415.23828181650384	988.7983932151794	1544	17	M+H+NH4
198.08802781090617	1	3525.1835853817815	990.5239052287161	1545	17	M+H+NH4
199.09472475700417	1	143.89533876980644	988.8809496343596	1546	17	M+H+NH4
198.58952687514534	1	610.0348493626866	991.120755900874	1548	17	M+H+NH4
198.09314942258737	1	493.5399818549251	991.5287002536709	1549	17	M+H+NH4
209.58956542906296	1	195319.2407642188	992.9433627705531	1550	17	M+ACN+2H
210.5922302379849	1	2450.174432545552	993.3377110526325	1551	17	M+ACN+2H
210.09187951163253	1	441.5289434588542	987.2724473900944	1552	17	M+ACN+2H
210.5932454081295	1	3652.161200717659	990.9418003856835	1553	17	M+ACN+2H
211.09372478548	1	507.33422180949515	991.7440310157598	1554	17	M+ACN+2H
210.08821368036936	1	3915.256948563139	988.9462822998528	1555	17	M+ACN+2H
211.09453996871218	1	257.76561224425836	987.5945628254319	1556	17	M+ACN+2H
210.59019844024795	1	711.0572063212966	992.6110281898731	1558	17	M+ACN+2H
210.09252232145747	1	596.1231707241215	989.5619246626983	1559	17	M+ACN+2H
231.10501226877093	1	1953.5553238001703	987.922271018964	1561	17	M+2ACN+2H
230.60478795923777	1	370.4701654614393	992.9983336610354	1562	17	M+2ACN+2H
230.60175035926906	1	4427.802939764043	991.059771952324	1565	17	M+2ACN+2H
230.60464118449832	1	32363.29049076971	986.551024208978	1567	17	M+2ACN+2H
231.10325653214275	1	948.5386946984847	987.4028525843022	1568	17	M+2ACN+2H
377.1453994324473	1	190914.9210094418	986.5836753524283	1570	17	M+H
379.1497829457606	1	2189.14977085777	989.1606182452414	1571	17	M+H
378.1495033178298	1	442.8798670001144	987.7163001883465	1572	17	M+H
379.1516952800227	1	3621.749463567685	984.6181287077006	1573	17	M+H
380.1526824817751	1	504.13212292518944	987.1468747788224	1574	17	M+H
378.1423365170692	1	2769.5766272560413	987.7312169340317	1575	17	M+H
380.1556217765375	1	152.22735138506573	989.8928473280116	1576	17	M+H
378.14842742345564	1	37414.89368115252	992.6691490960453	1577	17	M+H
379.1459799030655	1	583.9606906405697	990.3991645842849	1578	17	M+H
378.1515789603752	1	426.7818087783211	989.141836800126	1579	17	M+H
394.1715672410036	1	193237.07104374605	989.9517910155726	1580	17	M+NH4
396.1783766218439	1	3020.0849975943747	988.3829250114638	1583	17	M+NH4
397.17987197440925	1	490.73585725549214	988.3141237996637	1584	17	M+NH4
395.17531615500553	1	33618.1593167888	991.1331673560342	1587	17	M+NH4
395.1787595010838	1	475.1544179450883	989.1601512136497	1589	17	M+NH4
399.1273288364093	1	172552.74186407827	988.9494276635621	1590	17	M+Na
401.1320827372394	1	2711.581925564958	991.0737003273028	1591	17	M+Na
400.1320822463414	1	419.9916853960277	988.4360014126642	1592	17	M+Na
401.13432480428156	1	2893.243482398567	988.8683126821703	1593	17	M+Na
400.12497747840615	1	2713.945206830985	990.7847739747816	1595	17	M+Na
402.1378059160923	1	204.6291538059627	991.5874184165003	1596	17	M+Na
400.13091591661214	1	33954.29430915716	990.3494145732573	1597	17	M+Na
401.1277384420729	1	543.3986712635897	990.7813260511656	1598	17	M+Na
409.1717870793084	1	190798.70542023354	988.3400384124425	1600	17	M+CH3OH+H
411.1765613178265	1	2703.2962478936956	985.5483307620234	1601	17	M+CH3OH+H
410.17606977743986	1	415.2022810432935	989.3544879581304	1602	17	M+CH3OH+H
411.17234257684305	1	599.733529814182	986.0341319538477	1603	17	M+CH3OH+H
410.1683561768082	1	2374.903770712365	992.4655037695557	1605	17	M+CH3OH+H
412.18173961669436	1	210.1714205318767	991.9845169649334	1606	17	M+CH3OH+H
412.17977548818163	1	527.7226076604837	989.6243617357568	1607	17	M+CH3OH+H
410.1783717523675	1	504.4472627220326	991.4030468786062	1609	17	M+CH3OH+H
418.1716838283715	1	208712.0995538227	993.9869226952513	1610	17	M+ACN+H
419.1762424366637	1	375.72104251770065	985.5556781850278	1612	17	M+ACN+H
421.1789919201359	1	444.1130704609291	988.5659049815056	1614	17	M+ACN+H
419.1757700950519	1	42427.63506434797	991.4267691341554	1617	17	M+ACN+H
420.17326882939625	1	692.9255540333904	986.8007701600825	1618	17	M+ACN+H
62.523321870142105	1	48014.51852105121	1213.381219974283	1620	18	M+2H
63.02547071242843	1	30.429958497331633	1215.9241326713352	1622	18	M+2H
63.02183352011812	1	216.046286886507	1217.7448170759355	1623	18	M+2H
63.02496407304848	1	3650.785644932978	1216.71489342716	1626	18	M+2H
63.52658389142902	1	88.27429396913482	1215.6532702326926	1628	18	M+2H
63.52355445784306	1	11.313095253967049	1218.2530142518153	1629	18	M+2H
71.03671411956726	1	42074.67261416822	1218.1862755068348	1630	18	M+H+NH4
71.53876980776042	1	31.18710295355343	1216.2402779073136	1632	18	M+H+NH4
72.04138593216234	1	3.1010034284773793	1215.6523642682364	1634	18	M+H+NH4
71.53973420286529	1	59.27719535963394	1215.9612583363746	1636	18	M+H+NH4
72.54031400180236	1	12.68689387800074	1216.0736833055694	1638	18	M+H+NH4
72.0398904507054	1	96.91553906755325	1213.7344833190834	1639	18	M+H+NH4
83.03650719842283	1	41559.94749731487	1215.2225693705454	1640	18	M+ACN+2H
84.03883109350276	1	231.89447303652494	1213.5588534510064	1641	18	M+ACN+2H
83.53876229043237	1	32.11013070073303	1213.5821835362533	1642	18	M+ACN+2H
83.53512267836005	1	372.3958163440011	1216.6737716372566	1643	18	M+ACN+2H
84.04124374489196	1	4.231513778278035	1216.7242009985243	1644	18	M+ACN+2H
83.53963815513188	1	57.647116816727824	1214.4946946402335	1646	18	M+ACN+2H
83.53820491590862	1	4331.081064173372	1218.6486692338694	1647	18	M+ACN+2H
84.54044610628716	1	14.666255714197142	1213.6602226550356	1648	18	M+ACN+2H
84.03991025973791	1	133.6586518441369	1217.8309366435867	1649	18	M+ACN+2H
103.54972328103219	1	42575.05741299029	1215.6814841262858	1650	18	M+2ACN+2H
104.552050482294	1	184.6490394240699	1215.6383797082256	1651	18	M+2ACN+2H
104.05169359753802	1	35.173325117655935	1220.1297201771474	1652	18	M+2ACN+2H
104.0483947593072	1	523.3798324439849	1212.3566591700003	1653	18	M+2ACN+2H
104.55462437573358	1	7.008779380129402	1218.957924766709	1654	18	M+2ACN+2H
104.55307998657139	1	290.3001113736486	1216.9954359774913	1657	18	M+2ACN+2H
105.05360345936623	1	16.77803395963201	1218.1103489885531	1659	18	M+2ACN+2H
125.04334759171486	1	41.94724492196302	1214.565751402433	1662	18	M+H
126.0459584878055	1	75.98857691333082	1218.8917221752552	1664	18	M+H
125.04533856345101	1	33.24876257229807	1213.5459056601837	1665	18	M+H
125.04271078669866	1	3108.121845682663	1212.1058011157227	1666	18	M+H
127.04667776231003	1	12.03440926944096	1214.1475110005474	1667	18	M+H
126.0397086501383	1	10.738423858388428	1218.317398224572	1669	18	M+H
143.0700698108189	1	204.53267397144947	1214.566737196859	1671	18	M+NH4
142.07032459637458	1	42.4793547170217	1215.4059398100792	1672	18	M+NH4
142.06285500747344	1	330.46910632890746	1211.3357258744472	1673	18	M+NH4
143.07539007825642	1	3.2046727425670336	1217.1904480033547	1674	18	M+NH4
143.06616860401226	1	24.017475702444408	1213.86064449641	1675	18	M+NH4
144.0734733921025	1	13.04209097430725	1215.2169033343378	1678	18	M+NH4
143.07235831063227	1	81.90441555549866	1219.4385255344882	1679	18	M+NH4
148.02537666354146	1	219.3045002708819	1212.8494957612975	1681	18	M+Na
147.01806179585725	1	196.80279039851024	1216.5634857175762	1683	18	M+Na
148.02807226222166	1	90.29810975861865	1215.1298528470718	1684	18	M+Na
147.02739439655247	1	22.713343756152245	1214.416155502134	1685	18	M+Na
147.02480772532496	1	2973.5572111193183	1218.0134687480368	1686	18	M+Na
149.0289558653174	1	12.370038664095008	1215.542377599304	1687	18	M+Na
148.02890772420855	1	2.228149853903263	1214.1493761266324	1688	18	M+Na
148.02177975890075	1	11.013047958202376	1212.2880930337292	1689	18	M+Na
156.06541668084736	1	51287.076285582574	1217.8138761706332	1690	18	M+CH3OH+H
158.06976548346182	1	367.42623436151877	1217.67766492338	1691	18	M+CH3OH+H
157.06974647442945	1	44.953151948118126	1216.1022322264826	1692	18	M+CH3OH+H
158.0659254960471	1	12.25767768818995	1215.2952888191787	1693	18	M+CH3OH+H
158.07511881263815	1	4.198007548737682	1214.4195859922208	1695	18	M+CH3OH+H
157.0719908206643	1	57.2865947011958	1216.9846373156913	1696	18	M+CH3OH+H
157.06857707895014	1	4180.306296245353	1213.137234287797	1697	18	M+CH3OH+H
159.073282453863	1	25.644764573000128	1212.9237085101036	1698	18	M+CH3OH+H
158.07224410646967	1	122.27151866752195	1211.995407219015	1699	18	M+CH3OH+H
165.06597743097882	1	42092.827606831794	1216.0571274693773	1700	18	M+ACN+H
166.06293716001818	1	400.81474460196506	1212.310034015743	1703	18	M+ACN+H
167.07537733159083	1	4.522906933365369	1216.4015926797736	1704	18	M+ACN+H
167.06646265542136	1	34.464194106231545	1213.626637820638	1705	18	M+ACN+H
166.07223685193503	1	49.23384839627858	1214.8193776256298	1706	18	M+ACN+H
166.06914740556084	1	4418.067211173453	1213.954265085228	1707	18	M+ACN+H
168.07329808326003	1	16.489057910336374	1215.5733549160875	1708	18	M+ACN+H
167.07266674451105	1	116.80110619691855	1216.1283366291925	1709	18	M+ACN+H
69.53121740297537	1	91035.5767252721	801.4094068262916	1710	19	M+2H
70.53309775147086	1	321.6382195576008	802.4845104272491	1711	19	M+2H
70.03308837070412	1	61.45229180391663	798.1864194956363	1712	19	M+2H
70.02960509342324	1	276.740335614595	804.9172168371733	1713	19	M+2H
70.53596974792082	1	6.601198306813146	801.3675401896575	1714	19	M+2H
70.034237242653	1	77.16350049425903	799.919196447675	1715	19	M+2H
70.53449008712904	1	210.00315345241697	800.1068293917382	1718	19	M+2H
70.531248580384	1	18.028428085510964	800.9676549515308	1719	19	M+2H
78.04432833636908	1	76948.08406001101	800.4130731578963	1720	19	M+H+NH4
78.54633700904503	1	58.66795491448892	802.0303350794036	1722	19	M+H+NH4
78.54283796558411	1	469.237146619207	801.2992938731849	1723	19	M+H+NH4
79.04917119491758	1	7.125443284830695	802.4092396133437	1724	19	M+H+NH4
79.0446674129607	1	43.97063772882149	798.118149831954	1725	19	M+H+NH4
78.54753476902319	1	84.71395320202387	801.0367963260076	1726	19	M+H+NH4
78.54597815498978	1	5618.942096195718	802.6847685491459	1727	19	M+H+NH4
79.54820822222513	1	23.477413676836875	800.2215534435819	1728	19	M+H+NH4
79.0477745411947	1	197.40947851040676	801.7487441835194	1729	19	M+H+NH4
91.04655586517003	1	306.60956785475616	803.053508473301	1731	19	M+ACN+2H
90.54653843764787	1	59.075220542610914	801.7094729615067	1732	19	M+ACN+2H
91.04909562661072	1	9.897931454513376	801.9551427522664	1734	19	M+ACN+2H
91.04453854583971	1	60.95554863822385	797.521364901794	1735	19	M+ACN+2H
90.54740966731075	1	138.83221638588714	800.9930292984521	1736	19	M+ACN+2H
90.54617939480944	1	7070.608190910983	801.5680727030665	1737	19	M+ACN+2H
91.54820132404114	1	35.82918919287792	799.4481709228478	1738	19	M+ACN+2H
91.04786067445787	1	344.8121712293993	801.2956889468398	1739	19	M+ACN+2H
110.55759378562921	1	77278.83108887318	802.7511370650611	1740	19	M+2ACN+2H
111.55981920961291	1	318.15939881086405	800.3866894650882	1741	19	M+2ACN+2H
111.05616737675632	1	884.9897799809969	797.0461823534833	1743	19	M+2ACN+2H
112.0626995567756	1	14.76752550139784	800.9504414775898	1744	19	M+2ACN+2H
111.55770500470427	1	108.16221079246438	802.967307895022	1745	19	M+2ACN+2H
111.06078479073416	1	120.48599398294223	799.210067670156	1746	19	M+2ACN+2H
112.06149232145957	1	36.20158896321651	800.1254311879911	1749	19	M+2ACN+2H
138.0550424458384	1	78160.94719276231	800.8797042058607	1750	19	M+H
139.05921878749683	1	56.54824603402573	802.604689715843	1752	19	M+H
139.05197204967055	1	313.57143330493443	798.6894038319176	1753	19	M+H
140.06449189174413	1	5.613587353449574	801.3223496176391	1754	19	M+H
141.06254357806597	1	24.626900191395965	799.0423606156206	1757	19	M+H
140.061822213268	1	181.26263754049637	801.2489205912902	1758	19	M+H
157.0858767523885	1	357.8724310780052	800.0828190272088	1761	19	M+NH4
156.08558539838384	1	61.474621391172995	802.0919676965544	1762	19	M+NH4
156.07850324159938	1	605.3849900535007	800.3637054768536	1763	19	M+NH4
157.09122349674834	1	7.766316151771963	800.297025440172	1764	19	M+NH4
156.08771214043034	1	93.01293845579671	800.6871855109559	1766	19	M+NH4
156.08488980935317	1	5377.065042740989	799.607957269416	1767	19	M+NH4
157.0884429824863	1	229.33733282667612	797.7240268524569	1769	19	M+NH4
160.03662966860824	1	80141.88163596262	799.6286538087796	1770	19	M+Na
162.04115856947766	1	301.95938099354163	798.5865026261737	1771	19	M+Na
161.040889968509	1	55.46348869562541	799.8154459703919	1772	19	M+Na
162.04635313678048	1	4.962405033608862	799.3575530084357	1774	19	M+Na
161.04347725746683	1	67.12523908070142	803.1464275392212	1775	19	M+Na
161.0404565953313	1	6035.944244769969	799.6583948518637	1776	19	M+Na
163.04472324331044	1	23.18635288397748	799.8678991609253	1777	19	M+Na
162.0434150725246	1	190.10761466406544	801.5541448441471	1778	19	M+Na
170.08129536359175	1	89424.24112405538	798.8150517472516	1780	19	M+CH3OH+H
172.08145895534219	1	26.804910547018288	799.1817686459481	1783	19	M+CH3OH+H
172.09110780708411	1	8.614970921438529	803.1740163822493	1785	19	M+CH3OH+H
171.08705975093017	1	114.01580211515636	796.617564053882	1786	19	M+CH3OH+H
171.0846530134779	1	6398.115293563652	800.2842163582915	1787	19	M+CH3OH+H
173.08877318140654	1	50.524966195906714	799.9608410123442	1788	19	M+CH3OH+H
172.08787403153136	1	256.3213373266953	799.068258270958	1789	19	M+CH3OH+H
179.08129889483203	1	71308.71851457744	800.8629770322491	1790	19	M+ACN+H
180.08568977386287	1	51.58318040384858	803.0474007875628	1792	19	M+ACN+H
180.07852069902023	1	583.5673212330014	802.3623425099354	1793	19	M+ACN+H
181.09086055618806	1	8.927895877777903	804.9390129275113	1794	19	M+ACN+H
180.08510008405642	1	8792.358818826078	800.469330554453	1797	19	M+ACN+H
182.08917693467458	1	26.133008712116354	802.1677739559727	1798	19	M+ACN+H
