	RT	Std3_1in50
95.98760476778824	1356.239990234375	2.85053504E8
116.0108297380072	552.4149780273438	2.0850184E8
256.2403831600528	214.71600341796875	1.19600704E8
127.9122314309926	548.6690063476562	1.04372272E8
173.96519818392858	1356.239990234375	6.8594328E7
123.0320266619626	408.322998046875	5.556988E7
115.94355719593572	1363.8699951171875	5.137604E7
115.94356560830657	1381.8900146484375	5.0102856E7
284.2715726555942	212.2270050048828	4.7014496E7
189.06379750143805	585.530029296875	4.075452E7
130.02665344765893	623.2969970703125	2.5568924E7
117.94177658324847	1363.8699951171875	2.3317726E7
257.24372876544356	213.4720001220703	2.1743934E7
72.02044585713783	553.6909790039062	1.8939998E7
77.97677603246791	1358.800048828125	1.7813408E7
136.05249839473166	302.2070007324219	1.6968828E7
144.1150351724017	253.13400268554688	1.6806042E7
96.98718754953983	1355.010009765625	1.6648759E7
196.058346815114	595.5780029296875	1.5487413E7
97.98447691744965	1358.800048828125	1.1730724E7
256.24033941084184	1355.010009765625	1.1137859E7
233.93204884623657	1356.239990234375	1.1078949E7
117.01418721868916	553.6909790039062	9490163.0
285.27495068389067	210.98300170898438	8994389.0
189.91269214603335	548.6690063476562	8605014.0
205.05955821692015	294.6919860839844	7959079.0
195.91316355019455	825.6090087890625	7745450.5
216.84490227303783	554.9299926757812	7596272.5
174.96478219462006	1358.800048828125	7021349.5
135.9804608197847	1355.010009765625	6730718.5
155.95472239247886	1357.47998046875	6454122.5
204.87626810664196	1363.8699951171875	6144291.5
159.07181131361727	295.93499755859375	6017910.5
204.87626972312353	1348.6600341796875	5943881.0
117.93582849139563	825.6090087890625	5824027.5
158.13068472072578	239.0989990234375	5734150.0
116.08372876773788	283.4119873046875	5506377.0
122.03680124794747	352.77099609375	5343161.0
206.87448902887286	1348.6600341796875	5303064.5
129.04262528798483	486.8110046386719	5179963.0
311.90956664804145	1356.239990234375	4996778.5
284.2715601405872	1358.800048828125	4978539.0
215.84012958689448	1346.0	4847455.5
175.9620323548797	1358.800048828125	4801164.5
407.9097728448663	1362.550048828125	4661145.5
200.17774672804185	223.7030029296875	4147623.5
209.941971507874	1355.010009765625	4108606.25
204.87628740220282	1372.8499755859375	4028524.25
213.84215451870526	1344.760009765625	4028068.5
195.91318412312407	1352.4100341796875	4017573.75
228.20913903920925	217.24099731445312	3997697.75
86.03636045632028	622.0089721679688	3773303.5
124.03539091937026	408.322998046875	3691994.25
141.9934337829117	1356.239990234375	3667376.0
174.9648115732226	1375.3299560546875	3620878.5
317.7463883527595	548.6690063476562	3594941.5
218.84311193164507	554.9299926757812	3456891.25
102.0679107072899	336.3009948730469	3433172.25
147.03543626135732	370.3970031738281	3392351.0
195.94721335954173	1355.010009765625	3357863.75
190.06716460650705	585.530029296875	3244372.75
136.95237711711502	1362.550048828125	3229719.25
130.0994453776739	265.71099853515625	3212847.25
97.99186278899522	1358.800048828125	3082736.25
329.93252666577473	1358.800048828125	2942409.5
216.04022295588922	606.8930053710938	2781688.0
251.9550716739416	1366.3499755859375	2768613.75
219.97074112173505	1355.010009765625	2740645.75
131.0582361355441	576.7420043945312	2700882.25
293.8988960603456	1356.239990234375	2635296.25
95.99995001029627	1379.4100341796875	2630776.75
242.2247913028413	215.9600067138672	2590592.0
173.9774998795562	1361.31005859375	2584064.5
251.95507867829969	1375.3299560546875	2578351.5
172.1464280847237	231.4290008544922	2570925.25
266.15521386816494	1361.31005859375	2554203.75
94.04158184849406	297.17999267578125	2408324.0
212.141368569552	240.3459930419922	2381424.25
244.08825637485361	442.62701416015625	2378136.0
195.91320149568784	1367.5899658203125	2304540.75
88.05204914513345	388.0899963378906	2217853.0
251.9550715082554	1351.1700439453125	2213624.0
233.93205067956274	695.1790161132812	2207064.25
156.1151188520735	237.85299682617188	2205749.25
173.97754210474463	1379.4100341796875	2204675.0
172.00424356352627	1353.77001953125	2181759.25
117.94178380597518	308.4949951171875	2174768.0
118.01511533224308	552.4149780273438	2114549.25
135.98046608081643	1385.800048828125	2037577.625
257.2437090511122	1355.010009765625	2020285.25
117.94178724651589	385.5929870605469	2011731.875
195.87594850386128	1338.3399658203125	1992009.375
234.93160610960473	1356.239990234375	1957941.75
254.22468075174797	1360.0400390625	1920101.5
371.87623268172905	1356.239990234375	1918532.75
197.87416855553735	1338.3399658203125	1882160.625
305.96013054284833	548.6690063476562	1844167.5
76.01548451161533	379.24700927734375	1823693.875
130.0266709487206	451.4639892578125	1804705.75
195.9131631832904	941.5479736328125	1802282.875
206.16711416378877	235.35800170898438	1787607.5
228.20911096767816	1361.31005859375	1774946.75
211.93899459161761	1355.010009765625	1767177.5
217.83771767851655	1340.8199462890625	1766186.375
86.03636547493932	394.36700439453125	1745960.625
195.87596581969467	307.2430114746094	1724784.125
144.042260974976	354.0220031738281	1722248.0
145.11841032571616	253.13400268554688	1670153.25
258.24716571440536	214.71600341796875	1668911.875
319.74458148724415	549.906982421875	1660857.25
195.9131622695886	968.489990234375	1649087.25
197.8741773356277	309.7460021972656	1600251.375
266.1552362028423	204.6529998779297	1548616.0
117.93592736696657	1348.6600341796875	1532503.5
137.0557807536226	302.2070007324219	1519868.625
324.0452178901807	534.77197265625	1497780.375
95.99995939315191	1404.300048828125	1491364.5
236.96099589132191	1355.010009765625	1489603.25
131.0299424893269	623.2969970703125	1460170.25
214.1934513865561	221.0229949951172	1457400.75
273.8905495308931	826.8569946289062	1448399.125
287.9192527774636	1353.77001953125	1432536.5
233.93205128357894	771.31298828125	1391279.5
178.0478109154707	451.4639892578125	1387177.25
126.90742304433842	1333.18994140625	1386001.0
180.0634787981974	608.1420288085938	1382080.0
130.02663683899345	541.0139770507812	1354762.125
155.95472474526443	698.9340209960938	1328421.25
304.772887926086	1348.6600341796875	1322314.375
174.96478683573864	700.1849975585938	1311625.125
235.92892015602195	1356.239990234375	1299825.625
90.03134464777766	608.1420288085938	1299141.5
208.87269490060024	1362.550048828125	1295303.125
151.96976586578322	1321.3900146484375	1288331.0
295.80716224879154	1348.6600341796875	1277061.875
138.94785404033922	1363.8699951171875	1273084.25
282.2559140518288	1365.1099853515625	1269649.875
116.9469211973037	1362.550048828125	1269583.0
196.91315534203753	815.5289916992188	1263218.375
326.19178250082103	1361.31005859375	1254842.125
200.17772972969593	1357.47998046875	1239992.875
130.06305996782143	376.7430114746094	1177238.25
148.037222003347	586.77197265625	1165370.375
97.97669771505917	1358.800048828125	1163644.0
133.8751575679509	604.39697265625	1158767.0
186.16202664716684	226.2449951171875	1152096.875
117.93598203642308	1383.31005859375	1148749.75
140.01436448937162	1363.8699951171875	1130803.875
155.95472317530977	656.0640258789062	1121022.75
242.22475470168635	1355.010009765625	1116371.0
195.91318653882007	1406.800048828125	1104396.25
197.06171675086046	594.3309936523438	1094980.875
312.1762224189897	1363.8699951171875	1089999.625
240.2091911185398	215.9600067138672	1076576.0
134.0215615134967	649.7239990234375	1075329.0
116.94693014220823	1380.6500244140625	1062677.625
126.90738966024487	606.8930053710938	1049317.25
147.97328168245988	1348.6600341796875	1046787.1875
130.02660251781717	562.6060180664062	1044522.5
285.2749162771616	1367.5899658203125	1044092.375
74.03618403244982	438.87701416015625	1042477.8125
252.10335508129103	214.71600341796875	1027013.625
204.8762807244018	309.7460021972656	1025079.5
215.84014463914497	1355.010009765625	1020751.1875
175.96943956771378	1355.010009765625	1016546.625
233.93203485183344	814.2780151367188	1014288.4375
393.8705827187863	1362.550048828125	1013159.875
155.95471716571055	632.0910034179688	997524.4375
195.913157404212	1231.2900390625	997463.6875
78.97635177916028	1356.239990234375	995423.125
174.9647976469453	1423.3499755859375	986752.625
249.08735739967167	1358.800048828125	982732.125
117.9358994608712	1420.81005859375	972158.0625
155.95472405879858	753.5889892578125	967508.75
218.03714198450965	605.6439819335938	957751.875
198.1620551200235	222.27000427246094	940703.1875
270.2196896768925	217.24099731445312	940450.3125
408.9093139885206	1355.010009765625	938941.9375
206.8744970423019	309.7460021972656	926534.0
293.80915411806507	1348.6600341796875	926221.0
286.27825702148743	210.98300170898438	919718.4375
270.2559718162183	213.4720001220703	915274.5625
108.94136344852625	1331.760009765625	908469.4375
117.96984139816672	1353.77001953125	905652.375
155.95473157091115	1423.3499755859375	904223.875
195.91316267126905	1262.1099853515625	899650.125
174.96479123598354	767.4660034179688	898215.5625
206.83971636769238	1338.3399658203125	897001.8125
260.0296991243537	635.8800048828125	892404.375
312.9090007127394	1356.239990234375	875832.5625
175.96202456883975	692.6339721679688	873170.5625
157.9622739342694	1358.800048828125	867615.0
195.91317005429946	1195.22998046875	865291.9375
204.84172325930803	1331.760009765625	863816.5625
179.97026500259867	1355.010009765625	860764.9375
155.9671372346231	1361.31005859375	859734.75
191.96237958230358	1327.989990234375	855475.0
129.0426509742635	586.77197265625	845359.3125
161.0841044466816	1375.3299560546875	841119.5
178.04778372866343	541.0139770507812	826465.5
195.91316228234567	1161.68994140625	819084.875
175.9620187295304	705.2730102539062	818849.9375
114.03174075425525	608.1420288085938	813813.75
273.8905624549239	1352.4100341796875	804363.9375
155.9547338144975	618.218994140625	802321.125
302.2459640440549	214.71600341796875	791125.5
79.97364751141225	1361.31005859375	783682.25
207.05514787621175	294.6919860839844	779317.1875
175.96202658641707	721.6790161132812	742358.5
236.0720443254724	219.77699279785156	737228.9375
90.03134120407799	337.5580139160156	735426.75
306.7708608050465	1348.6600341796875	732755.625
73.02380143699448	552.4149780273438	731994.625
310.18164091104654	1362.550048828125	730696.9375
174.9647784614067	867.302978515625	723811.9375
282.25597495980725	212.2270050048828	723319.8125
665.1257605125579	536.02099609375	722520.3125
313.90652875001854	1365.1099853515625	716921.875
270.255926493424	1375.3299560546875	714076.5
174.96478033988225	903.1669921875	712602.4375
302.774813486702	1347.239990234375	705675.0625
174.9647853679609	892.8770141601562	704628.625
314.9385021770255	1349.9000244140625	703463.625
340.20734872466807	1355.010009765625	702312.1875
156.95432628760463	1358.800048828125	701064.5625
294.18670628643775	1363.8699951171875	700675.625
268.05520586748975	656.0640258789062	699514.5625
133.87515731438663	522.0499877929688	693590.375
698.299502051579	222.27000427246094	693397.1875
175.96203494448892	656.0640258789062	691742.875
204.87627817737726	5.309319972991943	691067.1875
90.03133882245139	470.3909912109375	689312.625
297.8054010422362	1349.9000244140625	686933.1875
289.91631757199815	1352.4100341796875	678573.0
79.04162009677756	408.322998046875	674966.6875
171.07188467847357	294.6919860839844	672678.6875
204.87627510440979	41.35419845581055	669583.4375
139.026979701051	1355.010009765625	667957.1875
196.91319898384845	1352.4100341796875	666229.25
204.87627761551153	210.98300170898438	664372.3125
135.87238907114207	601.8610229492188	654951.625
409.90614435785255	1361.31005859375	651619.5
254.15193677128423	231.4290008544922	646954.375
127.0245229753278	260.62701416015625	646299.125
158.99643655224128	1361.31005859375	640373.25
148.03722434663123	536.02099609375	637626.5625
382.21063324825803	1387.219970703125	636124.4375
204.87628736609165	219.77699279785156	624481.4375
206.8744998177612	11.959199905395508	622648.8125
206.06291200866042	297.17999267578125	621287.75
123.99528979081738	1371.4599609375	613630.4375
206.87449327734885	50.216400146484375	602842.0
133.87516020819376	475.4309997558594	601622.5
365.89672267102003	1353.77001953125	599637.625
175.9620508508366	1424.5999755859375	598742.5625
118.94513885655954	1366.3499755859375	593888.75
128.90461322619456	1333.18994140625	587277.1875
159.13406657276508	236.60699462890625	586510.75
171.0532533853594	585.530029296875	585632.9375
312.30321808976186	210.98300170898438	584367.125
206.87450162444952	213.4720001220703	583779.0625
298.25104806292853	214.71600341796875	582406.1875
126.90741942226448	421.0480041503906	581640.75
295.77246505601624	1338.3399658203125	577358.875
206.8745003573959	64.10209655761719	573854.625
128.90462436430562	1340.8199462890625	572386.75
206.8745028739811	166.69400024414062	571717.4375
204.87627083890823	347.67401123046875	571335.6875
206.87449579412842	83.10590362548828	569038.0625
175.96203230419528	786.4509887695312	569029.5
286.8067802096357	1340.8199462890625	568271.8125
98.00016198975318	354.0220031738281	566686.5
229.21230840138878	215.9600067138672	564267.125
169.9803654288758	1322.6400146484375	564109.3125
133.87515735495495	576.7420043945312	561001.1875
294.1832312700275	219.77699279785156	560319.5625
206.87449915014923	113.49800109863281	559522.5
160.0372165973883	451.4639892578125	556150.9375
133.0197711730055	433.8330078125	555931.75
116.04733802893492	419.7959899902344	552371.5625
382.21049650846646	1361.31005859375	544831.0
163.97544137360393	1352.4100341796875	544602.0625
134.0732207421607	1380.6500244140625	543634.5625
175.9620470653233	615.718017578125	542306.125
305.7777660706985	551.176025390625	541782.6875
206.8397277601658	576.7420043945312	540169.9375
255.91403628765102	1356.239990234375	539846.6875
168.06498671809004	1375.3299560546875	539749.8125
257.0935055215803	1368.93994140625	538269.8125
201.95232699647843	1365.1099853515625	537571.1875
118.94514337228341	1375.3299560546875	537407.9375
372.87567135898087	1358.800048828125	535463.25
206.87449733667594	322.3970031738281	534501.0
330.9321194900684	1362.550048828125	532188.5
206.87448974548644	131.2469940185547	531696.375
225.81086717674512	539.7670288085938	531062.625
293.80913231093285	1372.8499755859375	529665.8125
289.06523394468695	1363.8699951171875	529367.9375
91.97830607005685	1291.81005859375	523793.96875
215.84014884838015	603.1480102539062	522309.53125
201.18106758115556	222.27000427246094	521549.5
297.80543976262004	1361.31005859375	517380.625
148.03726114176965	1351.1700439453125	516873.65625
406.67893132081696	549.906982421875	513892.1875
206.87449938450564	183.14100646972656	511601.0
354.2078665755432	1361.31005859375	511241.125
116.94064777785675	1366.3499755859375	510292.71875
72.02050857407185	608.1420288085938	507005.21875
91.97831196123214	1260.81005859375	504290.375
162.05289109636396	608.1420288085938	502437.65625
207.05416488479491	1371.4599609375	500921.8125
204.84171946826766	572.9940185546875	498953.34375
280.2402576452547	1361.31005859375	497733.28125
213.84215772397647	608.1420288085938	497721.90625
294.898423508844	1355.010009765625	493965.4375
91.97830432895142	1232.550048828125	493785.21875
157.951444758879	1363.8699951171875	489181.59375
100.05223407295163	359.03399658203125	488855.53125
177.94328817432125	1356.239990234375	488269.15625
92.01065868074167	1357.47998046875	487737.40625
207.8445633137012	560.0770263671875	484782.40625
326.3188295278641	210.98300170898438	483747.46875
175.9620291524088	909.4569702148438	480637.875
195.91319161818123	584.2890014648438	479746.65625
284.80857242152933	1340.8199462890625	478507.625
123.04015135242682	352.77099609375	467047.28125
172.14643529391557	1348.6600341796875	465017.53125
224.8056775817745	604.39697265625	464215.90625
243.2281739693355	215.9600067138672	463391.5
97.96712317829962	706.5239868164062	463223.90625
207.84468098822802	539.7670288085938	462215.9375
307.7759757160536	546.18798828125	460696.90625
114.99620036460331	265.71099853515625	459730.40625
225.8108077833171	561.3579711914062	458040.65625
96.99180337819732	1358.800048828125	456917.0625
102.03151685687774	609.3900146484375	456155.6875
293.7746097674798	1338.3399658203125	454614.84375
224.80567677743247	1333.18994140625	453697.125
100.05224839811922	268.2130126953125	452284.375
204.8417286775952	618.218994140625	450170.40625
91.97830906710524	828.1439819335938	447816.25
241.95278717403218	1353.77001953125	446559.3125
312.90906355253367	1375.3299560546875	444329.96875
91.97830986404864	919.6079711914062	443081.03125
91.97830833385399	993.9229736328125	440202.84375
193.9187050942982	825.6090087890625	439976.875
160.0753695775067	294.6919860839844	439316.25
126.90749790643429	367.8919982910156	436194.71875
161.05110024190392	323.69000244140625	433508.96875
91.97830706119585	968.489990234375	433475.25
298.16040475494236	1362.550048828125	431496.34375
128.90462405035007	603.1480102539062	431221.78125
91.97831050133401	710.280029296875	430489.78125
126.9074760811847	317.3429870605469	425834.625
196.07362396185388	284.6629943847656	422452.0625
145.07393318274427	585.530029296875	422077.3125
279.937356963231	1363.8699951171875	416353.78125
126.90748310410105	355.27301025390625	415813.09375
211.04574823587365	585.530029296875	414511.375
273.89058466650255	1372.8499755859375	413848.625
126.90757863134436	215.9600067138672	411660.875
126.90756305292001	215.9600067138672	411660.875
133.87514998686387	1338.3399658203125	411378.625
249.58898352498568	1358.800048828125	409116.28125
210.94162456561435	1355.010009765625	408433.15625
485.8867034837943	1365.1099853515625	407528.09375
295.8956924540105	1362.550048828125	400924.21875
126.90747979443634	328.697998046875	398957.625
233.93203557284116	1189.949951171875	398207.15625
267.158566167777	1362.550048828125	394738.75
207.05418127133962	1423.3499755859375	394140.9375
128.90462280130112	495.6029968261719	393697.03125
222.80791294189237	1338.3399658203125	393660.96875
126.90748978655708	298.42401123046875	392341.125
297.77038359471004	1338.3399658203125	391110.8125
169.05746496509272	1374.0899658203125	390975.21875
408.6771555095505	548.6690063476562	390507.875
138.947865951027	1411.8299560546875	388868.625
233.93203035365678	1264.81005859375	388164.6875
118.02663970148714	622.0089721679688	387449.5
126.90747698153466	178.12100219726562	386783.3125
199.872404039017	1331.760009765625	386025.28125
373.8730369868717	1358.800048828125	385398.125
196.94682211016817	1353.77001953125	385304.5
235.9399257367271	1355.010009765625	383782.0
122.03680258809146	1358.800048828125	382833.78125
97.97682711791226	605.6439819335938	381275.875
197.94405224405966	1355.010009765625	380616.0625
331.92928222078854	1365.1099853515625	379961.875
315.893384138514	1349.9000244140625	379733.46875
250.06241216907023	588.0150146484375	379088.75
133.87516155114707	673.7440185546875	378422.9375
188.06856622185828	1356.239990234375	377114.46875
99.95616058758124	300.9159851074219	376746.875
117.9698408871167	1374.0899658203125	376685.3125
169.05748060255476	1363.8699951171875	375059.28125
117.08709308036072	282.1159973144531	374896.09375
330.27734705879584	212.2270050048828	374819.15625
251.0440237448214	1357.47998046875	373646.03125
175.96202168084622	1022.1599731445312	371777.15625
175.96204272879464	599.3209838867188	370746.3125
146.99085457416038	1343.52001953125	368611.65625
126.90748129948429	194.52499389648438	363069.3125
127.91233911251666	1360.0400390625	362972.1875
255.22799518425103	1360.0400390625	362576.75
199.87240052380645	308.4949951171875	362347.46875
233.9320398914251	1165.47998046875	360843.40625
126.90751559669849	254.38299560546875	359647.09375
121.9795993064404	1342.0999755859375	359499.75
441.86788591201054	214.71600341796875	359440.125
137.99869998974157	1365.1099853515625	358142.3125
338.2129599667923	1366.3499755859375	356673.71875
268.2402755873685	1356.239990234375	355360.78125
168.06495933209388	1404.300048828125	355263.1875
126.90749494419175	240.3459930419922	353643.6875
280.2403057559136	1380.6500244140625	351437.875
191.06775000192593	584.2890014648438	348420.46875
175.95422569111852	1353.77001953125	348079.5625
137.9772635358577	1355.010009765625	343955.1875
160.0371675982445	561.3579711914062	343490.1875
272.23520714641404	222.27000427246094	342762.875
134.07321509084483	1352.4100341796875	341547.5625
209.94198996365563	605.6439819335938	341183.6875
227.80864097331204	539.7670288085938	338243.5625
233.94434235151394	1363.8699951171875	334975.46875
286.8068226925134	309.7460021972656	334274.09375
146.130711174642	278.31500244140625	334205.6875
224.80569136060225	465.343994140625	332945.0
126.90750778917773	265.71099853515625	332073.8125
222.8078999927953	605.6439819335938	332009.75
157.95041752344338	1316.1700439453125	330579.3125
233.93203641304734	1159.1199951171875	329591.5625
136.97996675591892	1358.800048828125	329515.96875
365.2781408438638	35.0005989074707	327691.0625
368.36576696223614	208.49099731445312	325654.1875
99.03177536965747	1366.3499755859375	325440.75
613.8042676832699	210.98300170898438	323948.78125
185.94536510712533	1361.31005859375	323525.5
208.837436173684	1336.9200439453125	323467.1875
296.77714456948553	558.8330078125	323396.5
115.94135677184589	834.4320068359375	323391.40625
126.9075046559993	150.25	322533.46875
195.95962515278808	1342.0999755859375	321233.8125
333.8916393550614	1365.1099853515625	321053.0625
255.22803354536296	1374.0899658203125	320280.28125
255.92645265267646	1344.760009765625	320279.21875
131.10272971987715	264.4630126953125	318217.75
197.87418084900278	1439.9200439453125	317260.875
173.14978723554105	229.99400329589844	316741.53125
295.77243694012793	309.7460021972656	315627.875
204.8762693889341	402.06201171875	315069.46875
298.7754583642711	558.8330078125	313805.3125
386.1858907716571	240.3459930419922	312641.78125
306.07619430092905	656.0640258789062	309857.4375
139.9777740691109	1367.5899658203125	307918.625
168.0649420817476	549.906982421875	307914.65625
122.03679539395469	1383.31005859375	307682.84375
161.06762384680542	295.93499755859375	306010.96875
136.0524876148146	245.55799865722656	305941.78125
92.04702081388852	519.5560302734375	305476.0625
104.01083101023086	643.469970703125	305314.6875
137.87055194320024	604.39697265625	304892.6875
135.99289761405535	1335.6700439453125	303207.78125
274.89041772146237	835.6820068359375	302815.90625
195.94722485958243	1422.06005859375	302129.3125
268.24020547114316	1368.93994140625	301531.90625
227.80859704457953	561.3579711914062	301119.28125
126.9074923851375	97.0468978881836	299388.65625
254.22478935472094	214.71600341796875	299331.0
183.99591756040192	1425.8499755859375	298762.3125
243.2281665736033	1361.31005859375	298670.65625
298.28723185095805	212.2270050048828	297360.96875
213.14474046237717	240.3459930419922	296580.03125
183.99598026347115	1375.3299560546875	296263.71875
158.13069459529353	1349.9000244140625	295220.09375
141.99343865755202	1422.06005859375	295005.625
117.96677841052126	553.6909790039062	292565.3125
119.05829817008085	638.3809814453125	290936.21875
244.24027370454903	241.77699279785156	290642.375
226.19351458504292	218.531005859375	290096.90625
252.95461661769323	1375.3299560546875	290045.375
130.046016515405	486.8110046386719	290009.28125
699.3027154329628	222.27000427246094	288228.21875
134.07320824758574	1406.800048828125	287333.3125
296.7772986527488	543.7050170898438	287019.3125
441.8678566961404	166.69400024414062	286378.0
193.9187405951738	1353.77001953125	286036.09375
219.97074902626264	692.6339721679688	284459.875
431.84266496919514	1362.550048828125	284035.46875
153.98544561044886	1321.3900146484375	282623.53125
160.03720527492442	539.7670288085938	282502.53125
207.1704533940724	236.60699462890625	282329.46875
139.0269753035135	290.9110107421875	282024.46875
188.01442184064462	241.77699279785156	280897.78125
168.06493827297848	564.0339965820312	280333.375
216.0636023658345	1362.550048828125	278224.03125
132.04225952482506	369.14300537109375	276783.78125
226.80331522197443	604.39697265625	276329.28125
441.8678816729831	123.62899780273438	275384.125
169.05745787368787	1422.06005859375	275346.5
257.93416283845613	1322.6400146484375	275229.6875
174.97726888930038	1361.31005859375	275218.375
206.87450190291906	399.5570068359375	274148.0625
220.97025943989283	1356.239990234375	274011.25
441.8679325179151	80.59529876708984	273990.65625
230.07908391458716	1367.5899658203125	273893.375
384.73988487602264	1366.3499755859375	273147.96875
128.04736866089743	399.5570068359375	272331.1875
150.00818501034095	333.7959899902344	272099.21875
226.80327282411596	1336.9200439453125	271592.0625
219.83548368344444	1346.0	270666.3125
126.9075106620187	42.60860061645508	270295.59375
201.02749443472294	218.531005859375	268934.25
197.87418425415913	1415.6199951171875	268513.96875
288.80501749466015	1342.0999755859375	268513.0
81.92363274167501	1348.6600341796875	268418.46875
245.09154530545848	443.9159851074219	266307.9375
133.87520580481757	214.71600341796875	265823.25
195.8759656614519	1411.8299560546875	264490.8125
324.3030395370488	209.73800659179688	263681.28125
125.99048331572357	1329.22998046875	263429.84375
229.21234164043526	1366.3499755859375	262694.90625
415.85237043540087	1353.77001953125	261854.515625
195.91319918881507	728.1690063476562	261152.3125
135.87229211002514	1338.3399658203125	261041.4375
176.96164539549176	1357.47998046875	258738.5
131.96462997071347	1353.77001953125	258192.0
418.16299508009484	254.38299560546875	256933.875
353.86530648874566	1361.31005859375	256586.234375
441.867911335748	117.30699920654297	255237.578125
140.0143846941171	304.7430114746094	255236.625
486.1409923681952	1360.0400390625	255200.375
160.14638872780833	269.4639892578125	254171.109375
118.06302828995976	374.23699951171875	253959.96875
283.2592493337091	1370.1800537109375	253474.953125
201.9726449185818	1358.800048828125	253385.984375
178.04781635394255	489.3110046386719	253175.3125
219.83546122196856	1338.3399658203125	252943.921875
612.1529075105227	654.8140258789062	252332.4375
441.86792521625125	199.63499450683594	251815.390625
100.01585329569596	370.3970031738281	251454.3125
142.99291811855227	1355.010009765625	250975.75
205.87966913266015	1363.8699951171875	249172.28125
128.08376125720827	263.2120056152344	248952.171875
133.87517152539473	294.6919860839844	248927.6875
92.02903250744251	345.1659851074219	248300.21875
91.9782695481237	547.427978515625	246989.4375
352.22822184954043	1366.3499755859375	246418.1875
147.9732908316045	508.2340087890625	246408.046875
100.01585737954922	452.75299072265625	245983.171875
327.1952312581715	1367.5899658203125	245078.578125
79.9256448862797	1355.010009765625	244976.546875
243.05923306046947	610.6400146484375	244947.484375
122.0367966978379	1393.969970703125	243355.0
142.09945604844427	248.0570068359375	242960.75
144.0786633185691	348.9259948730469	241191.734375
245.1450649497622	222.27000427246094	240649.109375
122.03679651979564	1429.800048828125	240611.8125
172.11004610867255	260.62701416015625	239499.984375
282.2558917182016	1431.050048828125	238833.8125
240.20910850434672	1367.5899658203125	237871.015625
132.0308661656757	623.2969970703125	237642.46875
255.88946651309564	1352.4100341796875	237617.03125
182.0792392687228	615.718017578125	236693.40625
156.00923494813225	1358.800048828125	236157.46875
441.8679162059566	189.5050048828125	234587.0625
222.8078928519767	491.81298828125	233468.40625
224.8056748540992	576.7420043945312	233099.6875
308.7687156828108	1348.6600341796875	232304.0625
75.99771742507853	342.614990234375	232160.625
132.0422477779084	610.6400146484375	232106.484375
271.2592759669558	213.4720001220703	232104.5
166.0266261388137	595.5780029296875	231919.828125
255.92646366883457	1383.31005859375	230590.25
179.05837579764778	354.0220031738281	228569.765625
271.22307287757735	215.9600067138672	228415.28125
105.04249445069654	658.5659790039062	228299.640625
124.02917624690184	408.322998046875	228139.546875
156.07873140778787	264.4630126953125	227878.921875
198.06248407614973	595.5780029296875	225510.359375
102.03151552756489	435.0830078125	224871.859375
302.245841184071	1368.93994140625	224726.484375
142.9310478176281	224.95199584960938	224648.953125
219.97076837116893	747.2349853515625	224576.984375
122.0368036499532	1420.81005859375	223071.15625
125.03622245470737	407.0830078125	222282.75
170.85694909839742	1334.4300537109375	221979.765625
215.19680444014483	221.0229949951172	221798.359375
208.83739582681835	633.3809814453125	221668.5
78.01340105777184	337.5580139160156	221295.125
155.09474978857688	1362.550048828125	220620.421875
184.1463704530844	226.2449951171875	218913.6875
225.88521156416078	1343.52001953125	218683.578125
209.84287378978672	560.0770263671875	218512.625
384.73976315425267	1349.9000244140625	218144.3125
122.0037852818203	289.66400146484375	214862.21875
95.03682988068745	409.56500244140625	214181.71875
168.8588663891213	1342.0999755859375	213752.78125
157.11838500414234	237.85299682617188	213446.390625
382.23883375121324	1368.93994140625	212921.5
147.053222754972	586.77197265625	212599.328125
109.01389571475006	1335.6700439453125	212344.875
267.15876279694385	204.6529998779297	210584.515625
234.93162399325922	1418.31005859375	210435.390625
214.06314467385963	304.7430114746094	210042.375
119.05829509974875	523.3309936523438	209821.53125
215.0584261727693	248.0570068359375	209448.78125
168.0649528663808	472.92999267578125	209059.890625
254.224695407888	1429.800048828125	208832.40625
202.1934460334854	251.84500122070312	206525.546875
170.8569472908329	1347.239990234375	206444.109375
151.97794911642376	1348.6600341796875	205748.578125
123.99526355662145	1226.199951171875	205633.1875
168.85886778982194	1333.18994140625	205617.90625
208.83743132318543	574.2440185546875	205148.015625
208.87270172820365	1404.300048828125	204479.390625
219.97077214070032	666.1530151367188	203059.078125
445.20591834250973	1347.239990234375	202316.890625
168.06496069289398	603.1480102539062	201806.8125
666.1288620405521	536.02099609375	200475.96875
393.70555176543144	1351.1700439453125	199782.46875
102.98798783733791	1347.239990234375	198342.09375
195.91319240339195	638.3809814453125	197926.203125
301.8775487727402	547.427978515625	197639.09375
97.99528999585002	1333.18994140625	197409.359375
137.87051732455805	528.3259887695312	197024.078125
219.97075506466015	787.7479858398438	196413.59375
119.01637780550315	1374.0899658203125	196094.734375
240.13655373342613	215.9600067138672	195479.734375
219.97073027713012	993.9229736328125	194649.46875
219.97073110873637	942.8060302734375	194502.109375
123.98283725865996	1365.1099853515625	194135.671875
103.07128737912193	337.5580139160156	193553.578125
116.94692083055104	1439.9200439453125	193181.59375
194.04271518252835	658.5659790039062	192654.484375
127.91235082144134	1381.8900146484375	191835.90625
332.5627425754201	536.02099609375	189873.03125
186.0892809751607	264.4630126953125	189207.34375
219.97074150708087	965.9710083007812	188565.15625
241.2126215440805	215.9600067138672	188426.015625
172.11005442797784	275.81201171875	188262.59375
219.97075016851136	847.041015625	188219.40625
268.2403232554915	1389.8800048828125	188059.140625
171.0896273323931	381.79998779296875	187624.84375
284.0752086182797	207.1999969482422	187536.75
381.72081478896365	552.4149780273438	187256.265625
174.0164559995787	698.9340209960938	186738.640625
113.99287468556881	552.4149780273438	186204.609375
158.9964321493835	1383.31005859375	186043.15625
217.04343287494441	606.8930053710938	185757.671875
137.99275673199253	552.4149780273438	185680.453125
196.0583847137262	522.0499877929688	184599.859375
207.87787638349084	1349.9000244140625	184411.203125
160.10996556766813	302.2070007324219	183379.109375
207.0542149029585	227.4949951171875	183210.640625
219.97073656887093	905.6829833984375	182987.9375
613.8039393443117	551.176025390625	182623.109375
95.04495454942793	295.93499755859375	181818.453125
222.80791884099486	574.2440185546875	181745.109375
207.05420000671648	266.96099853515625	180571.15625
115.90902618917767	571.5640258789062	180345.140625
392.91574228300107	1349.9000244140625	180135.671875
208.83741841908358	702.77197265625	179597.640625
219.97076084889736	873.6680297851562	178622.0625
168.06496789648915	421.0480041503906	177923.40625
170.1307297760667	232.86300659179688	177155.796875
155.05830029251845	1374.0899658203125	176538.078125
340.3343742104304	209.73800659179688	176287.640625
294.18672294746597	203.3990020751953	176197.296875
166.0482686045828	259.37701416015625	176080.1875
161.10525151204985	522.0499877929688	176011.421875
118.0173843469852	554.9299926757812	174286.59375
258.2469244703002	1379.4100341796875	173814.5
168.06502917944755	217.24099731445312	173618.765625
220.1827741981657	240.3459930419922	173578.046875
315.73611644913393	1348.6600341796875	173065.1875
137.8705132309263	583.0460205078125	172549.234375
295.14223014265775	204.6529998779297	172545.28125
157.0043691064799	1371.4599609375	171929.171875
343.14218468078127	1347.239990234375	171591.984375
356.175424604	237.85299682617188	171524.953125
168.06497567727433	126.18299865722656	171176.734375
354.35023460822157	208.49099731445312	170781.828125
188.0797586422835	493.1029968261719	170669.375
410.4126083326855	208.49099731445312	170384.1875
168.06496671548894	408.322998046875	170123.546875
445.6499980538318	548.6690063476562	169283.28125
207.05418219210705	180.6300048828125	168167.578125
179.82260136507458	1348.6600341796875	167378.109375
288.80508085657914	308.4949951171875	167238.328125
207.0541734088101	123.62899780273438	167126.953125
168.06496387249499	323.69000244140625	166918.9375
115.90902586538061	613.218994140625	166892.765625
185.99296075648903	668.656005859375	166565.15625
148.03908452598364	370.3970031738281	165536.515625
150.05278745938236	606.8930053710938	165523.53125
395.7033498305163	1348.6600341796875	165153.6875
268.24038712773	213.4720001220703	163892.125
197.91048501366598	862.2789916992188	163889.84375
303.249332663143	213.4720001220703	163389.953125
368.88938821819147	1329.22998046875	163091.921875
99.97393890568898	604.39697265625	163089.546875
325.04893780908003	533.5230102539062	161482.296875
87.03970199292253	622.0089721679688	161369.046875
102.99605701183118	1329.22998046875	161256.71875
240.13639282189172	229.99400329589844	160797.859375
266.07018378474993	443.9159851074219	159255.96875
152.00858184436117	622.0089721679688	158813.453125
219.97074444311852	1036.43994140625	158574.9375
181.0409894798241	1439.9200439453125	158285.703125
157.96231762798413	1424.5999755859375	158087.84375
73.99979837477389	446.4599914550781	157574.015625
115.90902710823885	591.7990112304688	157537.65625
273.89059319315186	1422.06005859375	157518.71875
407.9098080695957	1410.5400390625	157321.671875
277.80623816286084	549.906982421875	157120.140625
207.05419066621036	147.73800659179688	156992.234375
216.8442498717461	1348.6600341796875	156002.28125
116.0109574743758	650.9749755859375	155589.25
115.90903344396516	677.4940185546875	155394.171875
384.7052516068725	1346.0	154512.421875
106.02651664488145	541.0139770507812	153985.453125
207.05421191958698	80.59529876708984	153652.765625
168.06495560923807	288.4159851074219	153424.640625
100.01584225496549	542.4240112304688	153038.921875
207.05421274457083	35.0005989074707	152791.90625
219.97074174300656	1262.1099853515625	152696.21875
253.1066636040468	214.71600341796875	151657.65625
218.06134218261923	246.80799865722656	151393.1875
168.06498795965175	61.59320068359375	151356.09375
165.00967405846728	443.9159851074219	151198.78125
316.7414563139416	541.0139770507812	150996.796875
168.06497426739307	255.6300048828125	150957.34375
235.9400687540021	1425.8499755859375	149874.453125
168.06499216079385	361.5830078125	149510.390625
213.84217149189502	1414.3699951171875	149504.59375
181.04099225723644	287.1659851074219	149136.484375
207.05420943550143	5.309319972991943	149047.265625
115.9090170184197	707.7750244140625	148487.6875
299.2545147528323	214.71600341796875	147596.375
181.87924940001432	1331.760009765625	147457.90625
168.06497750699802	393.1159973144531	147434.28125
166.04823142695142	228.74400329589844	146741.90625
114.06811650351875	263.2120056152344	146483.703125
207.0541964840415	109.73100280761719	146300.46875
175.96946275792465	1422.06005859375	145826.625
145.03754247294387	380.5010070800781	145531.859375
174.08920310911265	309.7460021972656	145526.671875
359.07200759810814	289.66400146484375	145230.40625
250.15700532544898	207.1999969482422	144601.171875
313.3065944840074	210.98300170898438	144307.0
149.03125824965772	370.3970031738281	143950.578125
219.97073064688814	1184.9100341796875	143928.453125
132.06161379018874	576.7420043945312	143895.453125
168.06499823133558	190.75999450683594	143799.796875
313.738634173844	1342.0999755859375	143703.015625
300.2666957260795	218.531005859375	143670.484375
190.91615556600212	551.176025390625	143630.71875
508.3944353570218	1383.31005859375	143496.5
115.06333126229784	581.7650146484375	143357.34375
134.01349476070268	289.66400146484375	143175.78125
102.98800033088587	509.4840087890625	142495.921875
181.04099633593685	338.8110046386719	142373.515625
201.9647155254615	1335.6700439453125	141441.6875
166.0478573949105	584.2890014648438	141408.4375
78.97635639397349	1423.3499755859375	141290.015625
228.13637059572704	239.0989990234375	140716.8125
250.03952165728367	231.4290008544922	140540.921875
91.97830941135302	496.89898681640625	140522.765625
382.381240922092	207.1999969482422	138903.828125
318.0078624995345	1362.550048828125	137829.46875
316.7412734927774	560.0770263671875	137823.078125
159.1259840465561	522.0499877929688	137390.328125
131.93848680472195	388.0899963378906	137046.4375
78.01340630714304	437.62701416015625	136848.640625
211.93903028394098	605.6439819335938	136443.765625
408.39679733833543	207.1999969482422	136117.375
187.1653377468539	227.4949951171875	135736.84375
168.06497804120104	78.08429718017578	135394.046875
208.87265773568663	1437.4100341796875	135307.015625
213.84215756833441	1437.4100341796875	135092.921875
112.05243895908903	350.17999267578125	134921.15625
203.11589414695683	522.0499877929688	134429.390625
138.03167325805433	1348.6600341796875	134400.109375
326.1918125427295	1424.5999755859375	134262.6875
274.89047788446175	1347.239990234375	133598.1875
366.349932570495	208.49099731445312	133491.6875
265.1678975389291	231.4290008544922	133229.921875
101.00868645042179	1420.81005859375	133024.640625
445.2059124350876	1335.6700439453125	133021.328125
199.16549567407515	223.7030029296875	132756.484375
326.04110472492215	533.5230102539062	132514.203125
137.87032288248156	1346.0	132097.375
295.8071706086475	1408.050048828125	131955.09375
214.1570240697886	237.85299682617188	131903.5625
281.05781562445816	285.91400146484375	131192.625
155.06953497327	632.0910034179688	131167.65625
310.28776297808025	208.49099731445312	130997.34375
295.80715388401546	308.4949951171875	129526.1953125
179.05123540193148	452.75299072265625	129028.0
98.03655603525979	310.99700927734375	128940.296875
168.0649805884327	40.10100173950195	128631.7890625
138.0316931382761	279.5679931640625	128346.625
410.67521217078803	549.906982421875	128329.3515625
137.87040145044105	1338.3399658203125	128271.421875
266.11549801492106	241.77699279785156	128089.421875
175.0667170957295	285.91400146484375	127884.4921875
79.96580813092486	1361.31005859375	127241.9609375
168.06499109410018	627.0449829101562	126644.59375
240.06707937042694	218.531005859375	126032.7890625
144.92293216667258	800.3699951171875	125176.5078125
151.02451653686444	485.51800537109375	124996.0625
168.96814155489076	1331.760009765625	123614.734375
299.80371180214337	1348.6600341796875	123407.875
238.08773359014657	245.55799865722656	122739.25
382.7418856780574	1348.6600341796875	122428.3828125
170.09441812508823	273.3080139160156	122085.9453125
169.01739200267514	370.3970031738281	121792.15625
613.8044333136302	1327.989990234375	121610.234375
312.1762823005741	1438.6600341796875	121316.9765625
328.33435045799877	231.4290008544922	120999.3046875
122.0731758809472	270.71600341796875	120774.6484375
261.1364673509426	1392.550048828125	120213.5390625
447.64690168733006	549.906982421875	120028.75
166.04822807956555	217.24099731445312	119986.6640625
206.05854296027104	293.4490051269531	119842.859375
125.99867871221132	517.0590209960938	119635.9140625
156.01719424322548	491.81298828125	119576.625
105.00608592552265	566.531005859375	119316.703125
175.99340442768624	266.96099853515625	118689.3203125
179.88110520536864	1342.0999755859375	118592.2109375
168.06497569447203	1331.760009765625	117871.7421875
452.4595887308121	204.6529998779297	117482.1953125
214.0245384740367	562.6060180664062	117337.9921875
130.02665559862635	701.47900390625	117301.0859375
295.18671687307915	219.77699279785156	116984.453125
314.74370605561234	542.4240112304688	116890.7109375
101.01112516801462	445.1650085449219	116522.609375
190.06115642272354	584.2890014648438	116462.9609375
214.84547475075735	1333.18994140625	116104.125
242.1156071557596	264.4630126953125	115964.3046875
312.17624359442743	210.98300170898438	115417.421875
131.0299577565133	451.4639892578125	114093.625
386.70319781738914	1336.9200439453125	113670.75
145.04563547261995	1365.1099853515625	113052.296875
190.0477902235092	565.281982421875	112780.5546875
285.2750562154173	1432.300048828125	112699.2578125
243.18367485800724	254.38299560546875	112422.5625
210.10224768583245	231.4290008544922	112343.4375
119.94928221125713	705.2730102539062	112324.8046875
181.06689090525052	606.8930053710938	112036.140625
179.82260592004124	625.7960205078125	111375.3125
214.02455659982687	539.7670288085938	110169.046875
352.07668825283645	273.3080139160156	109802.28125
197.03248731717858	259.37701416015625	109018.3515625
209.94198953150462	1406.800048828125	108978.28125
115.99712400810081	265.71099853515625	108323.9921875
203.09821925421613	243.06399536132812	108173.9921875
89.05541625836416	386.8399963378906	107864.5
108.05745183826106	283.4119873046875	107618.0625
101.95325016717838	299.66900634765625	106495.1015625
306.96343579592883	546.18798828125	106364.8515625
150.06809096537938	278.31500244140625	106341.21875
180.06346168321437	565.281982421875	106146.75
449.6456213580464	548.6690063476562	105226.25
174.97727601512014	1346.0	104880.296875
132.0786936761162	295.93499755859375	104722.7578125
78.97635757081748	678.7440185546875	104571.5
256.20404044971065	224.95199584960938	103872.1953125
314.08615798123185	217.24099731445312	103755.34375
355.8856804036771	1347.239990234375	103729.40625
255.1551800417333	229.99400329589844	103233.109375
141.00624974222652	1347.239990234375	103192.890625
161.97220322657205	1344.760009765625	103071.53125
286.2871156405689	234.11099243164062	103007.8203125
164.0838389803133	264.4630126953125	102666.28125
170.85690961272553	627.0449829101562	102625.3046875
98.99143841394968	1363.8699951171875	102042.4453125
313.01863826871903	1414.3699951171875	101625.953125
218.0402437820299	595.5780029296875	101166.0625
179.82267845356486	474.17999267578125	100412.6015625
386.17298304796924	240.3459930419922	100223.046875
163.03038701954242	415.8529968261719	98615.5703125
687.107708402409	536.02099609375	98415.984375
228.80089490157002	1342.0999755859375	98360.578125
242.18837112682635	224.95199584960938	98119.40625
178.09946214045792	239.0989990234375	97860.71875
240.02403321925811	643.469970703125	97480.328125
159.0168032524316	704.0230102539062	97446.53125
200.14140879377698	243.06399536132812	97393.0078125
246.0840300187662	443.9159851074219	97159.0625
195.07433779796102	625.7960205078125	97051.7421875
194.0579337584602	280.82000732421875	96225.3125
292.90263322226093	529.5759887695312	95961.8203125
198.12575034085467	240.3459930419922	95879.7890625
125.03863676256752	408.322998046875	95480.0078125
131.02999193629472	541.0139770507812	95458.46875
319.865344315276	852.14501953125	95401.6796875
164.04748009637098	1368.93994140625	95367.546875
270.25595475079683	1434.8599853515625	95087.3125
170.09444158125805	250.5540008544922	94806.3359375
146.11925793241107	253.13400268554688	93941.5625
138.94786415893813	1428.5400390625	92811.5
105.04248456819973	1058.3699951171875	92738.3359375
290.0372553631556	654.8140258789062	92557.2890625
507.83931054937887	1322.6400146484375	92497.3515625
397.70117159199896	1347.239990234375	91552.640625
271.8960770260057	816.7789916992188	91536.125
375.739280082047	1339.5799560546875	91305.7109375
133.03753237483002	615.718017578125	91157.3125
131.0663151933529	377.9949951171875	90991.875
261.13645344076514	1419.56005859375	90122.25
79.98104972980643	1358.800048828125	90035.9375
211.89460607331335	548.6690063476562	89906.4609375
103.07128591334009	322.3970031738281	89696.8203125
229.8060188103138	539.7670288085938	89558.53125
136.03724830098938	561.3579711914062	89534.234375
241.09512595950497	222.27000427246094	89454.765625
287.2459892357744	246.80799865722656	89263.09375
168.06498004794523	654.8140258789062	89232.9765625
298.05460724398773	227.4949951171875	89086.9140625
115.90900785864746	1329.22998046875	88732.984375
327.32185867643443	209.73800659179688	88548.984375
825.7332296773964	1324.0699462890625	88523.6796875
110.05919714781577	410.8059997558594	87539.875
825.7321697521496	548.6690063476562	87539.7734375
235.95218490860722	1334.4300537109375	87510.640625
172.8550914401441	1336.9200439453125	87505.3359375
402.1678447073064	248.0570068359375	87270.4453125
177.82467787719958	625.7960205078125	86811.1484375
314.8180261436691	1340.8199462890625	86502.4296875
212.1778400256062	222.27000427246094	86229.625
743.139310160586	542.4240112304688	85964.2421875
113.05891935990476	499.39898681640625	85836.453125
119.95886370242467	1346.0	85787.7109375
150.03169651727518	316.09100341796875	85454.203125
293.80912574212874	308.4949951171875	84936.484375
700.3056177803551	222.27000427246094	84684.0859375
113.04769547230647	575.4929809570312	84157.21875
931.6991216453066	389.3370056152344	82894.1171875
306.7708523372487	307.2430114746094	82669.03125
369.3688399982388	208.49099731445312	82644.9375
78.976354962388	645.9710083007812	82628.59375
150.10446305284324	255.6300048828125	82438.7109375
236.17774718646388	235.35800170898438	82108.6171875
329.1630261132313	343.9119873046875	81989.15625
145.0456604220721	171.75799560546875	81852.5546875
90.94798283675603	1331.760009765625	81628.21875
209.1053589912469	245.55799865722656	81606.3046875
141.92659824381954	1346.0	81474.0
200.02982292901808	452.75299072265625	81461.0390625
498.1091879836559	669.906005859375	81182.40625
387.18940030561134	237.85299682617188	81179.3125
100.05224257445417	213.4720001220703	81152.6875
559.072179200282	603.1480102539062	81039.359375
157.95141615619207	1398.949951171875	81027.90625
105.0425010364107	730.6740112304688	81014.953125
100.05222904801492	97.0468978881836	80931.25
261.03301285723444	635.8800048828125	80705.0625
200.10500505301457	280.82000732421875	80547.828125
410.115525497428	254.38299560546875	80003.03125
143.99022257465077	1365.1099853515625	79930.7265625
146.06919730521335	634.6309814453125	79866.5078125
145.04563105413658	145.14199829101562	79756.9609375
96.02087755972708	609.3900146484375	79447.5234375
116.94062604182857	1434.8599853515625	79163.2109375
186.02956845098794	605.6439819335938	78769.4609375
112.02729469224485	493.1029968261719	78756.53125
272.0024162275202	232.86300659179688	78678.2421875
226.08423104299766	348.9259948730469	78297.7265625
145.04563078084237	112.24299621582031	77455.484375
168.06501911996006	716.6279907226562	77408.234375
287.91922255563634	605.6439819335938	77043.6640625
219.0404972249433	605.6439819335938	76978.7890625
305.0237173476467	575.4929809570312	76879.0859375
226.08430441715322	394.36700439453125	76853.703125
233.0276192681638	585.530029296875	76673.734375
145.0456452291449	155.2689971923828	76505.0546875
261.1365574418377	1434.8599853515625	76353.71875
441.8674394205965	1336.9200439453125	76352.2421875
139.86746100615824	606.8930053710938	75859.8828125
438.4439942184073	207.1999969482422	75721.9296875
100.05221661124371	183.14100646972656	74958.1484375
257.79156633725063	1334.4300537109375	74860.2109375
210.1620527913815	232.86300659179688	74682.7890625
229.80590524119594	560.0770263671875	74641.546875
329.1630475012516	256.87799072265625	74460.4765625
329.1630508117885	303.4930114746094	74339.0
226.08429204722003	377.9949951171875	73993.3984375
179.82259283439296	590.5089721679688	73848.359375
115.90903785536695	775.073974609375	73626.2578125
133.93674186371948	385.5929870605469	73613.5
208.05856682738482	297.17999267578125	73363.6484375
219.95721328514475	1322.6400146484375	73314.9921875
396.39682501932776	205.90499877929688	73312.0546875
168.06500922008564	685.0850219726562	73230.7109375
146.0943351884973	273.3080139160156	73201.0390625
167.90478734944332	544.947998046875	73086.9375
78.97634250976415	735.7269897460938	72825.2265625
135.0545733169395	499.39898681640625	72721.0546875
231.01781705322253	371.6919860839844	72541.421875
186.12568527958643	255.6300048828125	72114.3515625
329.1630291301146	282.1159973144531	72011.78125
195.074321909127	590.5089721679688	72003.6328125
202.1569640050026	237.85299682617188	71930.96875
163.98973465840947	227.4949951171875	71869.0859375
203.0440361807656	354.0220031738281	71827.140625
226.15701013509462	235.35800170898438	71548.5625
98.07295270109529	346.41900634765625	71255.3984375
100.05221919440966	126.18299865722656	71164.578125
190.8447893180226	1331.760009765625	70921.7109375
205.09506439330147	522.0499877929688	70915.125
179.0511711782998	539.7670288085938	70850.890625
126.03169633682562	351.47698974609375	70832.671875
228.80104159287782	601.8610229492188	70830.3203125
168.8588729669407	629.5469970703125	70821.390625
146.12180829097335	254.38299560546875	70815.0
236.14135292009422	228.74400329589844	70703.453125
119.01201231182226	1342.0999755859375	70630.7109375
231.1293867617624	226.2449951171875	70557.859375
136.00178979228775	294.6919860839844	70548.28125
240.0747626240762	208.49099731445312	70468.953125
273.2386311833672	223.7030029296875	70449.9375
168.0649522314412	1206.6600341796875	70402.578125
378.99027766314913	1413.1199951171875	70124.0390625
613.1554467242946	656.0640258789062	69943.2265625
411.415654867369	207.1999969482422	69815.2734375
109.98594265047501	284.6629943847656	69315.078125
329.162997670657	322.3970031738281	69307.765625
300.7737432313012	543.7050170898438	69235.296875
100.05222839419703	141.375	69173.7734375
265.1161200893275	523.3309936523438	69158.0234375
89.99492689702085	706.5239868164062	68946.7578125
366.28132750650474	40.10100173950195	68765.2578125
254.003784752437	553.6909790039062	68759.8046875
494.50646988254846	205.90499877929688	68679.7109375
194.0249650177609	622.0089721679688	68527.2734375
105.04250380940078	900.4210205078125	68254.5703125
144.92292369512103	1329.22998046875	68058.859375
87.03971993806697	394.36700439453125	67961.4296875
103.99566585763573	1296.8399658203125	67913.8359375
228.17270893486142	229.99400329589844	67895.0078125
169.96888200864112	1330.47998046875	67574.796875
441.86722632285785	1437.4100341796875	67355.4375
283.25916060283794	1429.800048828125	67321.6328125
226.0842609769232	333.7959899902344	67267.40625
173.99994160358352	1348.6600341796875	67217.3671875
138.0567052864947	300.9159851074219	67195.90625
195.9472638100146	616.968017578125	66814.390625
329.1630506481778	244.31100463867188	66267.7109375
241.04354181378457	509.4840087890625	66200.421875
213.11159256132095	1375.3299560546875	66182.4765625
105.04250031181759	776.3319702148438	66032.28125
168.06496145483854	1227.469970703125	65785.4296875
169.0376088171581	284.6629943847656	65683.25
214.0227868288925	237.85299682617188	65651.46875
92.94616698070804	1331.760009765625	65621.7265625
354.20774963013287	1428.5400390625	65574.21875
168.06495453262332	1285.280029296875	65411.1953125
117.04261493601648	523.3309936523438	65256.359375
238.05130779693891	282.1159973144531	65193.81640625
229.8786167349028	1336.9200439453125	65165.7265625
306.57793166392685	654.8140258789062	64985.7109375
382.706936393816	1335.6700439453125	64780.03515625
239.89922944609242	844.5339965820312	64631.984375
100.05221017381646	109.73100280761719	64610.7578125
168.0649777772827	1251.949951171875	64447.109375
251.15229580909295	235.35800170898438	64387.75390625
188.10496462876478	496.89898681640625	64359.796875
284.198758831402	221.0229949951172	64276.9609375
166.94668331761983	335.04901123046875	64180.84765625
118.06301294271397	465.343994140625	64127.98046875
100.05221904558118	164.14100646972656	64093.234375
202.12070750013834	253.13400268554688	63979.5078125
100.02706202636483	1432.300048828125	63709.87109375
275.1190952496156	431.2900085449219	63530.65625
100.05222696266242	74.23249816894531	62995.91015625
349.09879242859836	520.802978515625	62618.796875
168.06495889282633	1179.6300048828125	62169.3984375
377.737785440227	1339.5799560546875	61986.02734375
142.06304963193472	575.4929809570312	61355.3359375
424.42810404212497	204.6529998779297	61306.0859375
338.99223885423095	585.530029296875	61272.34375
104.03489093276227	1438.6600341796875	61236.2109375
74.02468321143044	552.4149780273438	61221.01171875
141.99353768908148	514.5239868164062	61004.58203125
226.08428047466643	309.7460021972656	60681.52734375
169.0045920799614	645.9710083007812	60563.90625
391.41097746833407	371.6919860839844	60537.828125
188.10499975264068	263.2120056152344	60370.3359375
268.15109453404483	204.6529998779297	60080.83203125
203.04403370882534	284.6629943847656	60025.62109375
221.05453567011293	350.17999267578125	59973.921875
299.29041625171834	213.4720001220703	59859.54296875
230.22464152729148	245.55799865722656	59735.6796875
100.0522207990995	45.1156005859375	59687.65625
466.474760456441	205.90499877929688	59675.5234375
117.9698579511479	1427.2900390625	59634.4921875
272.10430448188816	1405.550048828125	59600.0234375
241.04351315058608	566.531005859375	59596.875
175.011763897855	243.06399536132812	59564.07421875
352.86771622374073	809.22802734375	59527.55078125
111.98304718976719	433.8330078125	59486.57421875
168.06501269239791	790.2550048828125	58942.45703125
188.17775372711955	255.6300048828125	58877.2421875
194.06153877234095	232.86300659179688	58677.72265625
269.05875162722856	654.8140258789062	58567.84765625
297.80545482612814	310.99700927734375	58465.44140625
112.01604735171409	566.531005859375	58338.7109375
168.06501871022715	866.0460205078125	57982.75390625
270.051018564732	656.0640258789062	57645.59765625
259.16049330796767	219.77699279785156	57642.66796875
492.49051406200886	203.3990020751953	57159.7109375
419.1660988401514	255.6300048828125	57054.8203125
422.0674650513241	287.1659851074219	56990.90234375
189.08252058774414	256.87799072265625	56663.2109375
243.2199863600948	248.0570068359375	56588.90234375
168.06498754330468	995.1820068359375	56516.5390625
175.03033587700065	372.9849853515625	56387.484375
168.06498435016437	1186.1700439453125	56349.0
216.1726640439135	229.99400329589844	56228.90234375
146.09433749716897	263.2120056152344	56115.578125
272.27161202207884	237.85299682617188	56095.890625
152.06858888271935	589.2620239257812	56069.34765625
174.12563894502986	263.2120056152344	55830.8828125
181.82030798442713	628.2969970703125	55700.51953125
318.73910704984627	539.7670288085938	55697.41015625
226.08428767229125	465.343994140625	55633.421875
80.04497490315914	408.322998046875	55416.80078125
135.05457245067487	474.17999267578125	55272.98828125
160.1100143263707	354.0220031738281	55256.62890625
168.0649958463584	845.7880249023438	55126.43359375
125.97907699162985	1335.6700439453125	55071.62109375
188.1050129985859	297.17999267578125	55026.75390625
398.8665152187662	1313.6600341796875	54980.9140625
168.06496036094478	824.3579711914062	54971.83984375
168.06498507703722	946.5819702148438	54513.75390625
217.1137031507625	231.4290008544922	54479.2109375
168.06494860714085	1165.47998046875	54447.01171875
168.06497763604017	1067.43994140625	54382.0625
226.08428488998425	426.28399658203125	54333.62890625
264.11102091894963	359.03399658203125	53722.80078125
105.04247688840472	831.9329833984375	53699.01171875
211.9647772744461	409.56500244140625	53307.98046875
105.04248415650008	787.7479858398438	53210.59375
250.7893168013467	1333.18994140625	53169.34765625
195.05310612551452	361.5830078125	53051.8359375
136.0105994177426	289.66400146484375	53002.48828125
138.05917255797291	303.4930114746094	52950.4921875
365.88011988717875	541.0139770507812	52849.6953125
168.06497136072343	1006.739990234375	52584.87890625
444.65005307005913	551.176025390625	52568.5234375
245.97190652684984	199.63499450683594	52468.3671875
183.05336403199442	293.4490051269531	52294.01953125
152.97317994242098	1329.22998046875	52154.390625
187.0481516076109	442.62701416015625	52094.98046875
394.38140133916056	207.1999969482422	52073.66015625
370.38108175074507	228.74400329589844	51801.21484375
226.08426844808122	435.0830078125	51543.76171875
125.0146906493158	642.177978515625	51362.85546875
176.14134648493265	292.1669921875	51270.7109375
91.0347220915097	610.6400146484375	51218.77734375
418.86263155694206	1308.4200439453125	51149.13671875
79.92565220617567	629.5469970703125	51087.859375
168.0649749947223	1083.1199951171875	51061.1875
168.0649708212839	1130.06005859375	51060.0234375
75.03954461483433	438.87701416015625	50730.1953125
186.8756350196297	1325.3199462890625	50711.4921875
197.01817553721085	525.8259887695312	50687.73046875
219.83551395110703	600.5689697265625	50020.71875
179.98274535042407	1326.56005859375	50019.609375
480.4902648635122	205.90499877929688	49909.09765625
547.8315988809875	1318.8499755859375	49847.5703125
104.0835876673063	347.67401123046875	49774.2890625
207.1107695718952	831.9329833984375	49706.35546875
172.05662122651387	585.530029296875	49699.9375
115.03504268809262	609.3900146484375	48980.4375
102.04276012005072	1431.050048828125	48948.25
199.011798273221	300.9159851074219	48942.32421875
173.06870049289995	289.66400146484375	48867.25
242.15197314543713	241.77699279785156	48716.6328125
135.02499420096564	648.4739990234375	48491.890625
168.06498411212422	1096.199951171875	47939.390625
184.10997009417898	300.9159851074219	47891.546875
339.8856205682542	1437.4100341796875	47874.03125
191.91695872772388	549.906982421875	47718.10546875
92.06220783023065	302.2070007324219	47502.734375
180.01883824350054	335.04901123046875	47481.671875
157.04573827301215	164.14100646972656	47367.26953125
134.09434807893564	317.3429870605469	47359.28125
203.09486455127472	294.6919860839844	47314.171875
152.03343905836272	539.7670288085938	47239.69921875
168.064998511046	888.8770141601562	47208.96875
342.277281138339	207.1999969482422	47208.66015625
444.3925672290288	367.8919982910156	47139.9609375
196.14642510628897	231.4290008544922	46658.9921875
245.24365694337624	241.77699279785156	46582.12109375
131.09463494663612	522.0499877929688	46531.41796875
412.4282057612645	224.95199584960938	46454.640625
317.0102265946106	586.77197265625	46428.578125
212.04910700294644	586.77197265625	46315.48828125
200.05090186246258	234.11099243164062	46245.62109375
261.98733627511035	606.8930053710938	46245.41796875
260.06626003729775	451.4639892578125	46231.07421875
222.0563191791777	228.74400329589844	46157.63671875
226.0843120111039	474.17999267578125	45859.97265625
84.03191707570996	152.75999450683594	45591.640625
157.04573176387566	138.86500549316406	45342.7421875
157.04575375129807	19.8612003326416	45298.1640625
141.0426708356259	275.81201171875	45022.5625
157.04572869957946	148.99400329589844	44794.5078125
100.9328830984494	223.7030029296875	44755.296875
100.08861780784093	241.77699279785156	44727.203125
242.11558230713968	253.13400268554688	44715.15234375
334.0845468025446	248.0570068359375	44662.078125
277.8063749502091	307.2430114746094	44495.0703125
131.0468589043982	486.8110046386719	44374.9296875
157.04574526222547	102.11100006103516	44206.2109375
314.3188663848262	229.99400329589844	43946.34375
212.1049670739866	265.71099853515625	43908.26953125
77.01885276173425	379.24700927734375	43881.67578125
122.04805158371362	404.5979919433594	43791.1484375
163.02450469750522	408.322998046875	43639.11328125
300.0338317878927	229.99400329589844	43543.8125
185.14983603288826	228.74400329589844	43390.12890625
325.30688131370624	207.1999969482422	43386.75
231.0201730269479	357.77899169921875	43356.88671875
177.94922639550765	1344.760009765625	43302.4140625
231.09296063728956	240.3459930419922	43114.59765625
411.4069580756777	371.6919860839844	42983.62890625
282.01164295934495	637.1309814453125	42890.81640625
144.00340160551073	522.0499877929688	42853.6484375
168.06500471823927	913.3179931640625	42608.94921875
359.882010964809	1438.6600341796875	42582.5078125
259.98945453611054	604.39697265625	42497.5703125
174.08920912016532	532.2340087890625	42358.0390625
163.05629886023945	609.3900146484375	42266.28125
266.17119834429485	235.35800170898438	41965.171875
409.3999968479059	207.1999969482422	41948.64453125
367.3531181461215	205.90499877929688	41499.98046875
453.4628873657816	203.3990020751953	41222.12109375
251.06505011965638	293.4490051269531	41142.61328125
97.01611920151558	610.6400146484375	40964.98828125
159.93269220505525	850.8469848632812	40899.18359375
132.05345514720082	642.177978515625	40792.6484375
173.99884849017272	266.96099853515625	40707.78125
287.09804807737606	522.0499877929688	40598.28515625
197.07692130795127	285.91400146484375	40571.6953125
290.0944224234732	260.62701416015625	40486.8359375
259.9496182004649	1326.56005859375	40419.19140625
157.04572859397024	36.29819869995117	40400.31640625
193.07404488995857	309.7460021972656	39972.46484375
145.1103423723331	523.3309936523438	39929.79296875
373.87503502106307	1437.4100341796875	39855.28125
142.02670482634795	452.75299072265625	39768.3515625
117.04263384299709	1433.5999755859375	39750.4765625
114.0429559065577	151.50399780273438	39660.82421875
154.0242493959382	609.3900146484375	39371.734375
199.08454137304034	1431.050048828125	39321.9375
355.3533634560795	205.90499877929688	39253.44921875
226.08432819382529	533.5230102539062	39210.89453125
507.83923620605015	1035.1800537109375	39013.12890625
435.862289997772	1438.6600341796875	38947.60546875
110.03678091486871	265.71099853515625	38799.87109375
214.97124440171152	264.4630126953125	38577.63671875
560.8211056408873	1325.3199462890625	38512.0625
122.04802828098944	579.2410278320312	38401.98046875
157.0562860661751	354.0220031738281	38398.6875
410.118655776755	278.31500244140625	38373.6484375
170.07731232549528	693.927978515625	38227.08984375
522.537404762702	205.90499877929688	38182.484375
388.7010566946607	1338.3399658203125	38093.796875
300.1210906435697	355.27301025390625	37931.41796875
205.87957637853629	310.99700927734375	37813.77734375
152.01437869810192	384.3429870605469	37740.87890625
226.084306916124	500.64898681640625	37093.96875
161.04061580475943	539.7670288085938	37014.4140625
361.06778866871497	285.91400146484375	36791.1484375
375.73942764956803	309.7460021972656	36514.75
91.03470651511353	335.04901123046875	36487.859375
667.1307106442495	536.02099609375	36430.15234375
102.04276105645476	152.75999450683594	36375.765625
244.16746537550424	265.71099853515625	36335.0078125
274.06243424196435	424.843994140625	36309.25
229.16790992798522	265.71099853515625	36271.1796875
168.0423316172966	299.66900634765625	36250.62890625
305.77701860216854	1346.0	36249.640625
236.92850575188953	679.9959716796875	36176.09765625
139.97782265659956	717.8800048828125	36006.921875
134.93820777745924	1326.56005859375	35956.9609375
381.9691064936712	622.0089721679688	35721.44140625
168.1515041587903	241.77699279785156	35707.3515625
313.15301040494177	205.90499877929688	35560.29296875
199.09585092003368	524.5789794921875	35516.9140625
188.02394273339533	292.1669921875	35342.66796875
87.0009199034289	1318.8499755859375	35017.7734375
138.06807398814266	316.09100341796875	34994.3515625
224.1414771942485	245.55799865722656	34959.171875
301.9118085260098	696.4299926757812	34837.87890625
168.04540930560094	234.11099243164062	34693.47265625
237.0493858798505	289.66400146484375	34656.70703125
133.01981415075696	654.8140258789062	34457.671875
134.05794856583853	375.489013671875	34367.53125
221.12647815387515	522.0499877929688	34130.36328125
318.73909678089484	561.3579711914062	34039.2890625
156.05361518483357	1432.300048828125	33872.3515625
663.1086388620305	577.9929809570312	33864.44921875
258.1468710424744	246.80799865722656	33811.44140625
204.0999853265892	264.4630126953125	33800.21875
269.98675118276344	232.86300659179688	33794.34375
117.05075950056182	418.5450134277344	33793.8984375
189.04605346365537	354.0220031738281	33774.125
134.95205670983566	151.50399780273438	33490.25
120.07864351596642	441.37701416015625	33390.3515625
485.85721264442407	1321.3900146484375	33387.796875
451.84856611750155	1308.4200439453125	33371.421875
251.13110694278862	1406.800048828125	33314.96484375
369.87851432184533	836.9340209960938	33238.48828125
168.94487963587676	337.5580139160156	33136.265625
213.08268805431447	245.55799865722656	33070.35546875
159.94187705449528	705.2730102539062	32839.421875
289.9162672133201	604.39697265625	32689.29296875
103.0267780993158	152.75999450683594	32672.546875
113.02255199285001	1433.5999755859375	32608.337890625
230.94254142478715	1321.3900146484375	32554.69140625
148.07365493880357	381.79998779296875	32463.34375
206.04263546945404	686.3350219726562	32423.720703125
226.0690924178414	608.1420288085938	32381.712890625
135.0156364418501	435.0830078125	32364.337890625
132.03323389821117	623.2969970703125	32355.05078125
196.04066225894215	404.5979919433594	32142.576171875
377.73761493717313	305.9930114746094	32133.400390625
259.1244126441313	229.99400329589844	31807.001953125
214.12067616996742	260.62701416015625	31555.376953125
153.04022209889246	576.7420043945312	31437.49609375
145.11839557435005	1439.9200439453125	31360.294921875
280.1707596923458	204.6529998779297	31316.951171875
314.1005438800754	447.7099914550781	31062.232421875
299.76828062710086	283.4119873046875	31009.830078125
192.11520966174402	244.31100463867188	31008.96484375
508.5216611090247	204.6529998779297	30806.095703125
147.13413803398413	277.0639953613281	30561.330078125
666.2221311116817	679.9959716796875	30370.8515625
418.8687648817283	1439.9200439453125	30177.18359375
192.13629868787373	280.82000732421875	30093.787109375
175.09567378077264	656.0640258789062	30046.056640625
184.92056824935818	1057.1099853515625	29924.095703125
99.96299950710505	707.7750244140625	29435.70703125
338.4286150937442	370.3970031738281	29384.07421875
471.49971003857564	534.77197265625	29378.81640625
244.06959494714036	501.89898681640625	29332.078125
284.1260758616129	348.9259948730469	29216.4921875
641.7861139782469	1437.4100341796875	29197.52734375
346.02734802643477	533.5230102539062	28851.572265625
98.07294547238506	576.7420043945312	28522.408203125
159.0644533669673	1432.300048828125	28496.228515625
188.02670439233515	603.1480102539062	28164.88671875
111.04326512614317	228.74400329589844	27882.775390625
171.13418333902075	232.86300659179688	27778.3515625
251.94732925114135	1321.3900146484375	27725.46875
117.02488203312666	534.77197265625	27309.72265625
187.02790011376584	371.6919860839844	26914.130859375
152.00856138745513	452.75299072265625	26875.91015625
128.0585682642958	4.054319858551025	26372.205078125
100.01346117390239	520.802978515625	26311.8046875
495.51024645845325	204.6529998779297	26310.951171875
134.95203549064533	374.23699951171875	26203.13671875
159.9514199448044	1336.9200439453125	25724.697265625
118.93885909697562	388.0899963378906	25713.50390625
160.89415305916614	506.9830017089844	25509.52734375
666.7849477759592	1313.6600341796875	25355.890625
114.0429285158119	1012.010009765625	25326.857421875
309.1064665248311	575.4929809570312	24867.046875
240.17258578130708	222.27000427246094	24343.248046875
254.12668123266909	395.61700439453125	24308.12890625
107.94651373451848	1334.4300537109375	24193.748046875
163.0470652138081	324.9419860839844	23562.056640625
172.0930443990753	383.09100341796875	23499.873046875
290.8031687920964	29.98509979248047	23316.783203125
101.05554775054894	357.77899169921875	22626.953125
111.04330711364943	1429.800048828125	21503.294921875
344.87725736067705	1295.5799560546875	20621.736328125
148.03479270181978	369.14300537109375	19650.515625
189.99378024293708	294.6919860839844	19506.33203125
161.8566362165848	624.5469970703125	19392.955078125
190.95015444703685	993.9229736328125	19377.39453125
83.98168022002199	1314.9200439453125	18974.62890625
215.0665136724358	305.9930114746094	18281.80859375
302.2093041021133	224.95199584960938	18031.232421875
224.0357906776379	231.4290008544922	18011.404296875
225.91379748632343	706.5239868164062	17009.474609375
211.0150463403798	654.8140258789062	16825.333984375
425.4318525323163	207.1999969482422	16178.8046875
118.0880593779729	279.5679931640625	15705.640625
90.06770230136618	371.6919860839844	15349.650390625
104.07220726087758	336.3009948730469	15339.6943359375
175.9124515672326	437.62701416015625	15163.0947265625
205.07742783881494	351.47698974609375	14683.9365234375
686.7834427919108	1321.3900146484375	14683.8076171875
177.93927333916386	457.79901123046875	14538.7568359375
353.8646291771286	829.3920288085938	14381.5615234375
289.9989067372784	522.0499877929688	14321.103515625
130.03972898449993	486.8110046386719	14186.095703125
367.8519313588788	645.9710083007812	13957.3837890625
209.07231686709684	388.0899963378906	13905.5966796875
329.99025136219893	229.99400329589844	13813.6640625
200.10499073386015	1423.3499755859375	13719.470703125
156.0534659516101	326.1940002441406	13703.7041015625
145.03506565145506	662.3599853515625	13625.892578125
155.0442170859068	561.3579711914062	13548.5673828125
172.01949936244296	284.6629943847656	13544.607421875
73.02388508340285	605.6439819335938	13502.447265625
397.87285186864244	1184.9100341796875	13296.9921875
136.08890620596864	4.054319858551025	13296.26171875
134.02322347732323	433.8330078125	13188.375
205.97796022114127	1318.8499755859375	12927.70703125
191.11590036239647	826.8569946289062	12656.7080078125
296.91414146971215	1316.1700439453125	12645.92578125
195.00240076663158	533.5230102539062	12545.8017578125
138.99402577035178	569.030029296875	12343.4560546875
157.91556050743856	985.0230102539062	11839.3974609375
127.06336942816749	821.8610229492188	11819.7041015625
231.074484698455	310.99700927734375	11364.568359375
80.00917360724341	335.04901123046875	10475.6708984375
159.06446361443477	1014.530029296875	9412.2099609375
193.11030739381312	112.24299621582031	9028.7353515625
250.8983988428734	1280.1600341796875	8730.341796875
233.94435750600238	1096.199951171875	5696.22265625
253.09503297181098	1075.1099853515625	5453.8994140625
124.02734412448412	1149.8699951171875	4975.01416015625
