	RT	Std3_1in100
95.987608038845	1358.4200439453125	2.74726656E8
256.2403375786334	214.35400390625	1.16768664E8
116.01087260162231	553.8720092773438	9.1683528E7
173.96520965793647	1354.6199951171875	6.7127552E7
115.94355911131223	1381.4200439453125	4.9741828E7
115.94356239790555	1371.0999755859375	4.9317512E7
127.91225583753612	548.6950073242188	4.4556156E7
284.27152345026633	211.86500549316406	4.450738E7
117.94177819258952	1382.8399658203125	2.3302356E7
257.2436943130957	214.35400390625	2.028869E7
77.97678126624143	1354.6199951171875	1.6987612E7
136.0524888220196	302.2640075683594	1.6585114E7
144.1150314302359	253.09100341796875	1.6060871E7
96.98719042393803	1355.8599853515625	1.5362525E7
123.03205380343613	408.7590026855469	1.482792E7
97.98448351828253	1357.0899658203125	1.1294238E7
256.24035291786635	1358.4200439453125	1.1123877E7
233.93205927815373	1354.6199951171875	1.0494964E7
285.27489171110864	213.11000061035156	8770355.0
189.06377175765692	585.7730102539062	8412754.0
130.0266661610777	622.2869873046875	8349348.5
72.02046761211321	553.8720092773438	7863983.0
155.9547279585004	1354.6199951171875	7395180.0
122.03680600650318	352.88800048828125	7341922.5
195.9131661656456	821.2919921875	7323002.0
174.9648017205985	1354.6199951171875	7256429.0
116.08372191671693	284.64599609375	6892162.0
216.8449383524767	552.4520263671875	6778443.0
135.98046918318897	1353.3800048828125	6667973.0
204.87627523408872	1358.4200439453125	6654101.0
158.13068663621007	237.81199645996094	6183724.5
117.93582853090065	819.9959716796875	5617359.0
206.87449556391581	1358.4200439453125	5014005.0
215.840142394903	1343.1400146484375	4847536.0
284.2715692293717	1358.4200439453125	4752348.5
196.0583489833866	595.8400268554688	4544260.5
311.9096055684799	1354.6199951171875	4519623.0
200.17773450447766	223.52000427246094	4393351.5
175.96204286672332	1357.0899658203125	4392447.5
124.90931267507301	1334.050048828125	4359896.5
213.8421532256602	1344.3800048828125	4321896.0
115.94356554044182	389.5	4202604.0
209.94200303104998	1352.030029296875	4178298.5
228.20910214306636	216.88099670410156	4176499.5
407.9097906555193	1358.4200439453125	4076298.75
117.0142317927365	553.8720092773438	3964299.25
284.27156804856156	1371.0999755859375	3923746.5
195.91319765825872	1352.030029296875	3887773.0
102.0679127604847	336.40899658203125	3743460.25
141.9934435569204	1353.3800048828125	3725554.75
130.09944077894335	263.1730041503906	3579407.0
189.91272192663627	548.6950073242188	3540901.5
172.14643383648598	231.38900756835938	2973924.25
218.8431392320059	548.6950073242188	2973572.5
329.9325550564379	1353.3800048828125	2910537.25
136.9523820639897	1362.1700439453125	2861584.5
95.99996731016556	1369.8199462890625	2835174.25
97.99186902669756	1354.6199951171875	2810056.5
195.9472260557766	1354.6199951171875	2801064.75
251.9550617711176	1371.0999755859375	2736694.25
141.99344913581623	1367.22998046875	2722556.5
205.05955358035266	295.9779968261719	2672533.0
242.22475295683253	215.59800720214844	2651264.25
173.97753401984798	1362.1700439453125	2615106.5
94.04157681924609	297.2250061035156	2503577.0
317.74642824300423	552.4520263671875	2474078.0
219.97075066528478	1353.3800048828125	2295523.25
156.1151170111599	239.05799865722656	2268275.5
212.14138362475256	240.30299377441406	2240690.25
257.24369629237384	1353.3800048828125	2234926.0
195.8759516483345	1337.9599609375	2221018.75
233.9320466955008	699.2369995117188	2184353.5
266.1552227661255	1360.8900146484375	2162643.0
293.89888233902536	1354.6199951171875	2124412.0
233.9320374733676	690.3900146484375	2112304.75
172.00425266516427	1352.030029296875	2080470.0
195.91318981641712	1381.4200439453125	2058173.875
88.05204333031807	388.25	2018905.5
159.07180102675122	295.9779968261719	1975285.0
129.04263441094002	486.364990234375	1956172.625
228.20911645643275	1360.8900146484375	1955272.5
206.16712403909796	235.31700134277344	1941269.875
197.8741745688708	1335.2900390625	1932447.25
117.94178536854871	388.25	1918988.75
234.9316469562083	1355.8599853515625	1906814.375
254.2247155170367	1364.75	1878926.625
217.83772445315515	1334.050048828125	1850729.5
76.0154797120837	379.39599609375	1835080.0
117.94178055510697	8.011870384216309	1759790.125
287.919330731911	1352.030029296875	1744192.125
698.2997401375133	222.08900451660156	1732522.75
117.94178705756512	309.8210144042969	1697884.625
233.93205033567665	742.5490112304688	1676558.5
258.24714257963467	214.35400390625	1649324.75
371.87626837535714	1354.6199951171875	1623760.375
211.93901018701519	1353.3800048828125	1562050.875
141.99343860321343	1385.3199462890625	1558683.125
145.11841452397312	253.09100341796875	1509487.625
233.9320483852177	647.5050048828125	1484549.625
117.93591832802403	1350.760009765625	1480103.5
126.90737306394799	1331.3900146484375	1472002.5
86.03636279961144	394.5889892578125	1463505.125
137.0557727716901	302.2640075683594	1444606.75
266.15520465308646	204.28500366210938	1428501.0
273.8905526283953	813.7340087890625	1415976.25
151.96976412933316	1323.68994140625	1386922.75
163.9675586709438	1327.4300537109375	1383396.625
195.87596359494202	2.795880079269409	1381038.125
195.87596650379612	306.0610046386719	1329094.125
242.2247676185434	1354.6199951171875	1322861.875
282.25590097480386	1359.6600341796875	1305418.375
116.94692679333929	1358.4200439453125	1293153.25
235.92893154648752	1354.6199951171875	1291662.0
195.91315824119167	1285.5	1280725.375
155.95472231940002	700.489013671875	1271589.5
195.87596522960453	71.58190155029297	1269880.625
174.96478459169418	694.2319946289062	1256493.25
130.06305394706453	375.63299560546875	1256475.625
116.94693709907096	1381.4200439453125	1240545.875
86.03636394759576	622.2869873046875	1238713.875
102.06791370146388	318.6860046386719	1236571.875
196.91315809102178	831.3980102539062	1230149.0
214.19344458894886	220.65899658203125	1221274.25
295.80720772171117	1346.8599853515625	1213444.375
195.87597178072764	83.1583023071289	1211564.25
195.87597084204333	263.1730041503906	1189004.625
236.961013753602	1348.280029296875	1183313.75
140.01436991723716	1365.989990234375	1168004.5
304.7729226043921	1344.3800048828125	1159086.75
285.2749552749519	1357.0899658203125	1152587.375
233.93205332471425	1426.030029296875	1150327.625
155.95471842002988	663.9400024414062	1144040.5
186.16202704527464	226.01800537109375	1141675.0
117.9359831529009	1386.56005859375	1141661.75
208.8726848323496	1350.760009765625	1128681.875
208.8727062614885	1363.510009765625	1126775.625
312.90913812365835	1355.8599853515625	1119256.125
195.87596405199014	341.4700012207031	1104420.5
155.95472361552956	742.5490112304688	1088767.625
138.9478565970513	1365.989990234375	1084489.0
195.87597047085123	143.1840057373047	1073168.0
74.03618217572104	438.093994140625	1066497.0
148.03722547928916	588.2670288085938	1061141.75
393.87065663184063	1358.4200439453125	1047867.375
174.96478271168976	739.9979858398438	1046391.5625
312.1761973584229	1360.8900146484375	1033080.6875
155.95472296869713	633.6649780273438	1027455.0
136.95237875248014	1410.8499755859375	1026291.125
97.97669691620992	1371.0999755859375	1021150.625
233.93203429737076	850.3389892578125	1020437.6875
319.7446294785612	548.6950073242188	1019982.0625
270.2196391977707	216.88099670410156	1010002.5625
198.16206345609314	222.08900451660156	1006132.75
78.97636237920375	1353.3800048828125	996436.1875
249.08741084248865	1358.4200439453125	992528.375
124.03541515958491	408.7590026855469	990890.125
270.2558989468207	213.11000061035156	982771.8125
195.875970639596	172.4739990234375	975415.875
117.93591896380704	1407.1099853515625	975293.4375
134.02155442422475	650.0079956054688	973037.5625
200.17775916131424	1357.0899658203125	971017.3125
195.91318399486997	1419.6800537109375	966999.6875
326.19182045330405	1358.4200439453125	954016.5625
155.95472222324213	752.6669921875	932884.8125
206.83971453495337	1334.050048828125	930547.0
174.96478802803222	774.3510131835938	913837.625
401.87529792653675	6.756229877471924	912790.6875
133.87516345923092	604.6649780273438	910441.5
293.80908233499525	1349.52001953125	910232.875
273.89052884444556	1352.030029296875	907292.5625
97.97672459869439	1358.4200439453125	904255.4375
293.8988775853405	1381.4200439453125	902819.6875
401.87529566628257	213.11000061035156	897193.125
195.8759695340026	421.4960021972656	894964.9375
175.96943364005205	1353.3800048828125	894885.375
240.20910885235523	216.88099670410156	894721.0625
174.96479653668078	1423.530029296875	891967.125
204.84171475929142	1335.2900390625	890327.8125
175.96202570875366	697.9860229492188	886551.75
285.27490670448987	1377.47998046875	882945.6875
314.93845763123585	1352.030029296875	878241.0
118.01515225688145	553.8720092773438	872766.75
126.90739558771914	604.6649780273438	871125.0625
233.932039971357	968.0919799804688	868058.1875
236.07196820920163	220.65899658203125	866563.875
401.87530473059525	235.31700134277344	849220.5625
310.1816745383885	1362.1700439453125	846046.1875
179.97028526460653	1358.4200439453125	845023.25
78.97636063706439	1367.22998046875	835667.0625
191.96237384972298	1321.1600341796875	831531.0625
97.97669289424499	1382.8399658203125	822679.375
161.0841182317943	1386.56005859375	820356.875
289.91634246648596	1352.030029296875	808391.1875
408.9093776361657	1355.8599853515625	806781.125
306.7708527952637	1344.3800048828125	800333.0625
282.2559831321641	211.86500549316406	788199.4375
286.27811615459024	210.62100219726562	786585.5
216.04023229511841	605.9140014648438	779876.25
295.7724008366351	1336.5400390625	767139.125
146.99087278617088	43.746299743652344	761008.625
234.93162170875806	1377.47998046875	752448.1875
699.302954469838	222.08900451660156	750550.8125
157.96230435893173	1350.760009765625	748949.875
90.03134543340694	471.0409851074219	746779.25
146.99087562165678	118.96499633789062	743219.625
146.99087562350843	28.563499450683594	742329.875
146.99087725572772	92.18099975585938	735530.5625
238.1318321490196	1365.989990234375	731838.0625
302.77482769630694	1345.6199951171875	727220.5625
201.95234643966333	1352.030029296875	726879.6875
174.96477591483986	889.8389892578125	723900.875
155.96716012479237	1367.22998046875	723117.5
146.99087612550454	111.197998046875	717667.625
146.9908738090207	407.3340148925781	712308.75
155.9547140710835	873.218994140625	711526.625
146.99087813156711	167.25999450683594	710598.5625
294.18673088593323	1363.510009765625	710100.3125
196.91324647701475	1353.3800048828125	709217.5625
208.87267741026483	1381.4200439453125	708706.125
204.87626956167688	215.59800720214844	708414.6875
146.99087775963946	319.9389953613281	706873.375
90.03134677726494	608.4110107421875	699087.75
204.8762740920055	307.31500244140625	696693.125
174.96478785459655	837.7050170898438	693937.8125
270.25598898228316	1357.0899658203125	693001.125
302.24591959132397	213.11000061035156	691397.375
147.9732965270232	1346.8599853515625	691064.3125
146.99087629114797	289.656005859375	689087.625
156.95433747854105	1355.8599853515625	689030.375
131.05823388159834	576.958984375	684728.5
155.95472095179503	947.4420166015625	683459.75
213.8421602793513	422.7489929199219	683364.9375
204.876281276794	22.200599670410156	677369.8125
179.97027100582397	1367.22998046875	676130.5
206.83972602298036	440.5989990234375	674714.875
190.06711418865595	585.7730102539062	672779.6875
79.97365011876053	1359.6600341796875	667905.1875
126.90739188416987	570.489990234375	664883.0
148.03720465784212	543.6820068359375	659941.0625
244.08828197703122	443.10400390625	659769.1875
128.90461016264734	1332.81005859375	656163.1875
286.80682964130744	1337.9599609375	653869.125
174.9647769443792	946.1829833984375	653638.25
294.1833513114593	220.65899658203125	652514.9375
175.9620356867469	751.4130249023438	648635.4375
118.93598723764978	822.5440063476562	645997.1875
138.94785209594795	1381.4200439453125	644919.75
213.8421651254777	211.86500549316406	643542.0
133.87516517890944	528.572021484375	641044.4375
213.8421637045189	309.8210144042969	639172.375
206.87449571258986	70.32530212402344	637210.6875
117.96985588375031	1359.6600341796875	632729.4375
155.95471042028356	976.9509887695312	632712.875
169.9803607289756	1322.4100341796875	632023.5
206.87449241414905	2.795880079269409	628397.875
340.20734140570505	1359.6600341796875	626377.1875
206.87450190043236	309.8210144042969	620192.75
326.1918386579833	1384.0799560546875	618820.9375
313.90635129716736	1357.0899658203125	617611.25
354.20776098325257	1358.4200439453125	615229.625
229.21227351609235	216.88099670410156	614446.5
116.04734992658652	420.24200439453125	606022.9375
118.94514102343123	1362.1700439453125	602209.125
159.13406952868053	240.30299377441406	601871.8125
92.01063438783245	1322.4100341796875	598018.125
206.87451348691923	211.86500549316406	596480.6875
195.8759596873256	486.364990234375	595086.875
252.10324072258354	213.11000061035156	594229.25
254.1519298864982	229.9550018310547	594031.3125
123.99528229287814	1367.22998046875	592727.5625
156.95430459026264	1371.0999755859375	590705.4375
123.0401764613356	352.88800048828125	588670.1875
127.0245192173329	260.5849914550781	586995.6875
146.99087253425307	450.7030029296875	584862.0
206.83973620941578	306.0610046386719	584592.9375
204.87628232780258	237.81199645996094	584360.6875
213.842161380756	184.00999450683594	578550.125
409.9063686397085	1363.510009765625	576671.9375
135.98046324263262	1423.530029296875	573245.625
161.08410602859996	1354.6199951171875	570671.75
224.80565443495945	1334.050048828125	560614.75
157.95146152049233	1354.6199951171875	557038.8125
294.898557302381	1354.6199951171875	556558.625
204.87627337551234	1439.9200439453125	556363.4375
139.02696967097555	1352.030029296875	550103.5
175.96204752885097	1426.030029296875	549050.0625
382.21064410658727	1362.1700439453125	547887.875
133.87515548259665	580.7080078125	546963.0
204.87627901020437	341.4700012207031	543060.5
206.87449829196058	131.7530059814453	541004.5625
312.3031341217326	209.37600708007812	540170.9375
297.8054593782909	1349.52001953125	539122.6875
133.87515864154963	1334.050048828125	535894.5625
130.02666797349968	451.9549865722656	535185.0
201.18106219951292	223.52000427246094	534616.6875
207.84464550282232	544.926025390625	534578.9375
206.87450104062597	177.54100036621094	533693.625
213.84216743545934	152.01699829101562	529640.625
213.84216909138888	277.0419921875	528765.375
158.9964334510077	1359.6600341796875	525618.5
225.8108185322101	559.0269775390625	524650.1875
207.84460960943275	557.6010131835938	523970.1875
213.84216862554794	259.3340148925781	522333.53125
146.9908764408242	469.78900146484375	520110.71875
134.07320254097607	1371.0999755859375	512977.125
116.94063348561714	1381.4200439453125	511794.9375
280.2402330938117	1358.4200439453125	511542.96875
207.05418760276464	1385.3199462890625	508007.84375
372.87577659582183	1357.0899658203125	507664.9375
175.01172934742522	241.73399353027344	506686.5
204.84170892195363	565.489013671875	505775.21875
206.83971074852815	590.7630004882812	505182.09375
118.02663800393155	622.2869873046875	505093.6875
206.8744894537061	1436.1500244140625	504954.96875
97.96713094412388	708.0869750976562	503450.96875
131.0299606140696	622.2869873046875	503125.96875
255.91401023203107	1357.0899658203125	502673.46875
91.97830565286998	1293.300048828125	499340.1875
96.99180342581947	1354.6199951171875	496509.25
206.8397349429324	622.2869873046875	495487.25
293.7746224254159	1334.050048828125	492626.9375
289.0652426276494	1355.8599853515625	491545.90625
146.13071284311633	278.2950134277344	490627.15625
298.1603637484315	1355.8599853515625	487089.9375
257.09348225088655	1384.0799560546875	485691.1875
168.0649750234114	1387.97998046875	485633.375
213.84218840023317	1363.510009765625	484981.09375
204.87626898535578	375.63299560546875	483194.5
175.96204271430668	811.1849975585938	480440.71875
100.05223708552843	356.64801025390625	479242.3125
215.84014109209343	567.989013671875	477838.15625
365.8965273827685	1352.030029296875	475875.4375
180.06348246249098	607.1619873046875	474674.375
199.87238715891766	1335.2900390625	471710.53125
289.0652763225565	1372.3399658203125	471166.15625
206.83974904664313	642.4619750976562	467125.15625
298.2510004997246	213.11000061035156	462804.53125
210.9415581474318	1352.030029296875	459598.03125
213.84216453673034	603.416015625	459532.125
368.88947532532444	214.35400390625	458807.59375
268.2402823720713	1355.8599853515625	455402.46875
117.08709160893723	280.79901123046875	454070.0
225.81086168207284	542.43701171875	451579.625
147.0354327415465	370.5299987792969	451307.3125
163.97540263740203	1358.4200439453125	450208.84375
408.9093987759307	1377.47998046875	450062.1875
284.8086409423962	1340.43994140625	442664.71875
146.99088267576855	497.8500061035156	439870.53125
297.80549753427493	1360.8900146484375	435642.90625
116.94065452097603	1364.75	434027.875
222.807882701578	1334.050048828125	432618.125
206.8397287036153	210.62100219726562	432498.875
213.84215833250008	574.4580078125	430434.0
91.97831005157528	1051.47998046875	424921.9375
213.8421593986975	92.18099975585938	423602.03125
92.01067122735746	1369.8199462890625	423014.40625
175.96943125112242	1377.47998046875	421898.1875
243.22810815149003	216.88099670410156	419345.5
251.04400442127775	1354.6199951171875	419086.3125
91.97830880535365	960.448974609375	418878.96875
91.97830652658395	1004.1300048828125	415811.8125
91.97831104559161	929.6329956054688	413094.78125
233.9320333533601	1222.4100341796875	412481.1875
138.94786386619546	1410.8499755859375	411995.0625
297.77038189625057	1337.9599609375	411772.25
485.88686740403483	1360.8900146484375	411761.875
91.97831265601661	739.9979858398438	410510.09375
201.95229186445547	1373.760009765625	409716.0625
91.9783105614221	801.0239868164062	408167.96875
326.3187665362695	210.62100219726562	406381.6875
431.84276943376005	1355.8599853515625	406042.78125
97.99187128208804	1426.030029296875	405595.90625
91.97830791945607	874.4769897460938	405095.59375
331.9294114939966	1354.6199951171875	404393.03125
279.93734729681574	1354.6199951171875	404309.40625
91.97830830994634	721.9979858398438	403809.5
100.05224200833726	266.9280090332031	399752.8125
148.03728583781796	1364.75	396294.09375
235.94011857438252	1357.0899658203125	393113.625
136.9799844081358	1359.6600341796875	390949.4375
206.83974176322712	134.30799865722656	390886.21875
251.0440970404077	1371.0999755859375	390550.5625
229.21234170153838	1358.4200439453125	387561.03125
169.05747562558213	1353.3800048828125	387397.71875
195.8759547377028	629.8289794921875	387044.1875
220.9703576623004	1358.4200439453125	386166.46875
206.83972895853185	679.0399780273438	384172.78125
273.89053905347373	1369.8199462890625	384146.4375
298.28731309395715	210.62100219726562	382713.53125
172.1100612224437	261.8789978027344	382557.40625
161.08411556113109	1417.1800537109375	381919.15625
178.04779921644865	451.9549865722656	379994.4375
213.84215927962657	60.19459915161133	379753.625
91.97831140918613	758.9810180664062	378631.875
178.0477559764917	555.114990234375	377398.5
175.95422889472505	1360.8900146484375	375895.46875
174.9647769330621	1234.02001953125	373385.65625
146.9908139837818	556.3569946289062	372016.0625
315.89348753767575	1362.1700439453125	371819.46875
177.9432879994843	1354.6199951171875	371675.5
137.99869865722155	1359.6600341796875	371560.375
272.23522200458603	222.08900451660156	369529.65625
91.9783148176367	708.0869750976562	365691.40625
114.03173997343843	609.6610107421875	362404.5625
135.8724664914482	522.1430053710938	361722.59375
224.8056819454822	605.9140014648438	361230.59375
288.91882906777977	1353.3800048828125	359589.65625
91.97831227373031	660.0999755859375	358063.6875
213.84215532273544	13.224200248718262	357768.15625
91.97830949784188	646.2540283203125	356961.125
305.77774392899767	548.6950073242188	355804.40625
280.24025145642133	1381.4200439453125	355592.8125
208.83744872344872	1336.5400390625	355089.78125
197.87418481231944	1377.47998046875	354772.8125
178.04778135692766	543.6820068359375	354055.59375
398.2337498390099	1360.8900146484375	347297.40625
121.9795960912176	1344.3800048828125	346818.15625
92.02904000350313	346.5329895019531	344705.8125
226.80332334218423	1332.81005859375	344341.84375
298.7755828736702	544.926025390625	344024.46875
197.06174496597552	594.5919799804688	342558.21875
354.2077299014405	1381.4200439453125	341771.5
139.97776826734597	1353.3800048828125	340766.78125
227.8086061759343	559.0269775390625	340763.28125
173.14979106517842	231.38900756835938	340734.28125
255.22801498026155	1355.8599853515625	339295.375
241.95276528103977	1352.030029296875	338783.90625
115.94135158015517	817.489990234375	337954.375
267.1586168620783	1359.6600341796875	336784.59375
104.01083112567295	643.7529907226562	336436.09375
324.0451700125687	534.8660278320312	336231.6875
219.83552543825647	1346.8599853515625	333627.21875
289.06525309436694	1384.0799560546875	327808.15625
252.95460754848486	1362.1700439453125	326311.96875
255.22806744482415	1364.75	325321.53125
305.96017368358554	552.4520263671875	324700.09375
386.1859403075772	239.05799865722656	323959.34375
148.03723382760765	1385.3199462890625	322357.59375
157.9504166031865	1308.5	321939.15625
204.87626847271883	395.84100341796875	321525.90625
239.11592497136942	1363.510009765625	320540.0
227.80862237944936	541.1900024414062	317931.28125
150.0081910780167	336.40899658203125	317710.90625
92.047029914884	518.3590087890625	316570.65625
315.893367982786	1382.8399658203125	316257.90625
213.1447204716439	241.73399353027344	314094.59375
338.2129522524165	1359.6600341796875	313659.5
274.8904028445871	821.2919921875	313142.9375
147.97329949063632	506.8349914550781	312982.375
296.77732055516384	556.3569946289062	312818.5625
127.91231542163361	1362.1700439453125	311625.09375
196.94684414270392	1357.0899658203125	311473.0
131.102734097864	263.1730041503906	310025.375
158.13067274947454	1348.280029296875	309095.875
330.277229417514	211.86500549316406	309067.5
288.8050363000376	1337.9599609375	303543.65625
91.97831766980056	626.0770263671875	303499.65625
368.36551940152145	209.37600708007812	302186.4375
207.17045181975374	234.07000732421875	300571.5
255.8894217028704	1352.030029296875	298952.15625
153.98544686526338	1323.68994140625	296969.375
201.9726944001162	1355.8599853515625	294849.8125
73.02382980471045	553.8720092773438	294594.65625
188.01439974250437	241.73399353027344	294424.90625
100.0158445318653	369.2760009765625	293262.15625
257.9341471959948	1326.18994140625	292709.28125
206.83969650310553	742.5490112304688	291646.21875
214.1934956805833	1360.8900146484375	291263.5
365.2781112931302	34.877601623535156	291088.125
160.14639061708718	269.4330139160156	289884.9375
166.02661276681653	595.8400268554688	289023.78125
137.9772791528465	1353.3800048828125	288219.21875
97.97683768696434	604.6649780273438	287035.0
207.87785126654785	1365.989990234375	285427.15625
213.8421574322119	675.2839965820312	284798.625
157.96228952185726	1384.0799560546875	284397.75
266.15524224199623	1429.7900390625	283424.0
135.99288243869736	1337.9599609375	282804.40625
140.94541785936343	1362.1700439453125	281493.90625
307.77595096038993	548.6950073242188	280968.125
260.029720741543	637.416015625	280330.1875
251.04404214603926	1423.530029296875	278629.6875
195.95963608446405	1345.6199951171875	278409.375
283.25923145545255	1358.4200439453125	277233.71875
197.87419230937047	1412.1400146484375	276492.21875
170.85693593947775	1332.81005859375	276429.0
91.97831083840796	590.7630004882812	274943.96875
206.8744942574347	401.0820007324219	274260.46875
302.2458637481445	1354.6199951171875	273475.625
213.84215812173255	661.39599609375	273212.875
169.05746159800975	1418.4300537109375	272545.34375
141.9934420560356	1417.1800537109375	272182.125
119.01634641687237	1376.239990234375	271331.25
128.0473621424997	399.7850036621094	270389.9375
186.0529324805782	1367.22998046875	270383.09375
97.99188041552911	694.2319946289062	269823.8125
172.1464205679527	1353.3800048828125	269650.34375
313.1795095309728	1363.510009765625	268522.3125
222.80789279651012	605.9140014648438	268518.90625
81.92362710397886	1353.3800048828125	265627.34375
209.94198934559176	605.9140014648438	265493.78125
218.0371685809059	605.9140014648438	265321.84375
226.19337621654157	1360.8900146484375	262988.125
225.88520375791845	1335.2900390625	262125.71875
249.58893375142443	1358.4200439453125	260181.0625
125.99047856518523	1331.3900146484375	260000.875
324.30304549680494	208.1280059814453	256740.4375
139.0269643504613	289.656005859375	255192.09375
219.97075388380864	695.4819946289062	251616.9375
165.0427340548145	1363.510009765625	251085.734375
279.93740169353356	1368.5899658203125	251007.65625
142.9310600481334	224.7689971923828	250925.125
162.05287645183859	607.1619873046875	250905.765625
197.87418877704442	1394.4100341796875	250185.671875
255.9264781435431	1373.760009765625	248877.484375
118.06302103300578	374.3789978027344	248872.0
142.99288016676778	1355.8599853515625	248611.625
238.08769245288434	232.82000732421875	248241.390625
195.94723006909652	1410.8499755859375	247345.03125
238.08771851614603	249.26199340820312	246213.453125
326.19181754303486	1399.4000244140625	245390.140625
258.2468979516645	1367.22998046875	244354.671875
418.1629259942289	254.33900451660156	243979.765625
408.67722494601514	551.2119750976562	243467.734375
219.97075182496422	733.5469970703125	242624.359375
127.91233289505298	1353.3800048828125	242064.84375
333.89160812059	1364.75	242003.90625
380.25938154073594	1359.6600341796875	240720.25
166.04822202064454	231.38900756835938	237482.109375
171.07186973281026	294.73199462890625	237323.515625
156.00922638587843	1367.22998046875	237197.15625
176.96164012517247	1354.6199951171875	237082.515625
118.93600065289215	1352.030029296875	236931.875
507.8395808772096	55.128501892089844	236243.390625
97.9918801225005	657.5989990234375	235973.21875
282.2558908926304	1436.1500244140625	234996.453125
157.95041360629546	876.989990234375	233996.625
213.84215057627185	696.7340087890625	232966.125
244.24026617521253	241.73399353027344	232860.21875
206.0628910568007	295.9779968261719	232834.921875
182.07922304630682	615.9929809570312	231581.484375
507.8396100959097	80.64520263671875	231213.640625
224.80567088175206	567.989013671875	231068.828125
226.1933507224393	216.88099670410156	230338.203125
208.87270568094397	1405.8599853515625	230075.96875
72.02050809456092	607.1619873046875	228749.875
144.07866392917782	350.2950134277344	228191.609375
95.04494439497962	297.2250061035156	227102.28125
166.04820543831443	256.83599853515625	227042.65625
226.80336802992704	605.9140014648438	226917.0
160.03722772080658	450.7030029296875	226835.3125
102.03150478963464	608.4110107421875	226298.75
157.11839630958556	237.81199645996094	225013.171875
240.1364099827279	215.59800720214844	224527.921875
102.98797609517543	1332.81005859375	224401.46875
213.84214664301317	737.3070068359375	223759.375
157.95048731106417	677.7869873046875	223240.9375
172.07369363311844	1380.1400146484375	223041.3125
507.83945179732035	209.37600708007812	222323.265625
665.1256588347278	536.1179809570312	222019.359375
507.8395995666379	10.52649974822998	220618.6875
156.07873141393074	261.8789978027344	220050.546875
393.70554556055237	1344.3800048828125	219162.5625
201.18113696467893	1352.030029296875	217519.859375
308.768692354853	1343.1400146484375	217238.796875
218.0613161984827	245.51400756835938	216837.3125
184.14635662908177	227.45599365234375	215812.515625
123.99526407157298	1290.550048828125	214968.40625
95.0449199596916	1355.8599853515625	214731.875
175.96942554844426	671.489990234375	212459.5625
507.8396322953661	158.3820037841797	212387.734375
507.8395316906731	140.62899780273438	209956.46875
507.8395203223451	50.06230163574219	209899.296875
116.9469312968145	1419.6800537109375	209866.578125
219.97074193239752	662.68701171875	208691.359375
213.11144233631438	1367.22998046875	208293.421875
268.24056358504333	213.11000061035156	208214.1875
103.07129382245266	337.6629943847656	207644.984375
209.84279103673677	556.3569946289062	207352.796875
213.84215885706442	718.197021484375	207308.34375
201.9523580902673	1386.56005859375	206360.28125
219.97074731096382	760.2349853515625	205557.03125
175.96940203650072	699.2369995117188	204970.578125
127.912322531807	1381.4200439453125	204282.140625
254.22481908278556	215.59800720214844	203819.53125
406.6789177110742	548.6950073242188	203768.421875
157.9504351398267	788.3889770507812	203516.828125
119.01636717352518	1385.3199462890625	201909.0625
209.84288522490098	544.926025390625	201669.34375
214.0631517008935	306.0610046386719	200208.78125
175.96944557899386	1396.9000244140625	199168.3125
294.18678852874854	204.28500366210938	197837.609375
382.2390836590528	1368.5899658203125	197692.0
219.97075646563985	773.0969848632812	196694.171875
329.9325530793002	1409.5999755859375	196353.703125
109.01391124989794	1343.1400146484375	196350.515625
241.21251247310175	215.59800720214844	195877.5625
157.95039865449465	1134.3599853515625	195329.734375
168.8588685664271	1332.81005859375	195052.171875
271.2230356660489	216.88099670410156	194922.90625
395.7034156921503	1344.3800048828125	194767.265625
410.4125706287998	206.8350067138672	194374.6875
219.9707481832125	952.7080078125	194369.625
105.04249684809983	656.3480224609375	194326.65625
329.1628523750435	1385.3199462890625	194128.96875
135.98046839569272	695.4819946289062	193865.828125
217.83766829667297	565.489013671875	193375.078125
168.8588833338284	1348.280029296875	193346.453125
393.85903241184036	1357.0899658203125	192693.96875
237.96052950087272	1348.280029296875	192396.578125
234.93163342283728	1424.780029296875	192169.390625
219.97073246893711	871.9199829101562	192066.734375
311.18519724102214	1365.989990234375	191587.59375
202.1934698582669	253.09100341796875	190210.78125
356.1754725468003	240.30299377441406	189440.390625
207.87783537122368	1345.6199951171875	189359.453125
175.96942325050003	713.1849975585938	188982.75
353.86560902005164	1368.5899658203125	188356.59375
165.04274424083837	1346.8599853515625	188057.625
219.97073189405646	970.6099853515625	187436.765625
253.89144582959426	1348.280029296875	186541.28125
384.7397576306723	1349.52001953125	186020.53125
445.20597990561345	1348.280029296875	184974.15625
171.08963688176158	390.75201416015625	184725.96875
207.05419536575872	194.1490020751953	184706.09375
219.97073833708453	900.1309814453125	184683.171875
267.1587071530474	204.28500366210938	183534.6875
171.08964266666422	379.39599609375	183505.546875
219.97072989957286	1005.3900146484375	183494.390625
183.93867124760388	618.4940185546875	182290.796875
201.9601671321056	1368.5899658203125	181346.953125
115.90901800634043	583.2780151367188	181105.71875
114.99618418973382	266.9280090332031	181061.515625
219.97074150780622	819.9959716796875	180835.71875
240.13636152669727	231.38900756835938	180782.390625
271.25926707554447	213.11000061035156	180605.421875
183.93867294349522	609.6610107421875	179193.359375
250.15692829081232	208.1280059814453	177776.875
165.0097179155059	443.10400390625	177743.046875
151.97795169793923	1348.280029296875	176487.84375
201.02751229033905	218.16799926757812	176386.734375
186.0528588718139	210.62100219726562	175470.484375
216.84424321790738	1335.2900390625	174768.828125
326.19184961452663	204.28500366210938	173009.296875
183.93866121176387	642.4619750976562	173004.90625
298.0545598677531	228.70599365234375	172252.84375
368.8893462427335	1318.6099853515625	172199.46875
219.97073875623215	836.4500122070312	172030.796875
119.05830711198848	638.6669921875	171961.03125
174.0164962578586	700.489013671875	171876.796875
179.05836315525826	352.88800048828125	171757.4375
208.87271587041084	2.795880079269409	171732.875
315.73633035387013	1345.6199951171875	171460.234375
207.05421083178706	222.08900451660156	171428.890625
194.04269954788393	658.8489990234375	170487.671875
386.70323162029473	1335.2900390625	169864.359375
340.33419014993444	209.37600708007812	169835.0625
99.95614520194152	300.97100830078125	169606.09375
128.08376886438873	268.1809997558594	168986.859375
79.92566348038005	1348.280029296875	167894.609375
313.7385858194022	1345.6199951171875	167565.328125
219.97074087520875	925.85498046875	167168.484375
268.0552047274048	656.3480224609375	167057.1875
300.26669136178054	218.16799926757812	166797.046875
219.9707266946567	1028.280029296875	166588.5
183.93866732529784	657.5989990234375	166422.921875
125.99868896956508	516.927978515625	164954.609375
132.0786898799151	297.2250061035156	164639.515625
700.3052580012055	223.52000427246094	164626.0625
613.8044744854072	549.9359741210938	163997.4375
98.00016613947145	352.88800048828125	163932.734375
329.162927582809	1346.8599853515625	163816.375
183.93868826391395	587.02001953125	163639.53125
186.0528476046991	89.66940307617188	162947.84375
181.04097439964437	219.41400146484375	162419.0625
195.94723790295708	696.7340087890625	161541.5625
134.01349204561848	290.906005859375	161401.125
215.19667566213366	220.65899658203125	161153.171875
175.96943029482674	733.5469970703125	160990.734375
215.840167347527	1409.5999755859375	160846.375
206.8397321364897	769.1019897460938	160832.265625
219.9707506232771	847.8259887695312	160460.03125
186.0892738518719	264.4230041503906	160318.796875
157.9504030281598	556.3569946289062	159179.640625
207.0541901035446	168.70399475097656	159075.65625
312.17617238395786	204.28500366210938	158125.171875
343.14204552810713	1346.8599853515625	157816.859375
175.96943226796873	643.7529907226562	156790.859375
174.97722213386066	1378.9000244140625	156758.5
136.03716943072638	552.4520263671875	156242.234375
166.04780154619536	584.5269775390625	154692.609375
201.96470096321423	1340.43994140625	154583.1875
162.08746784119953	1381.4200439453125	154155.328125
114.06811944671821	263.1730041503906	153569.984375
219.9707513756262	1045.1199951171875	153094.625
186.05285681427983	174.98500061035156	153071.421875
207.05420641139546	129.24099731445312	152544.578125
170.13073484199896	232.82000732421875	152504.625
131.93847787068708	1385.3199462890625	152096.234375
207.05420027796924	158.3820037841797	151745.203125
79.04162887553383	408.7590026855469	147884.3125
208.87272733902915	312.37298583984375	147595.515625
354.35001563229224	210.62100219726562	147536.84375
207.05418411500725	37.42959976196289	146969.921875
428.21551353569663	1382.8399658203125	146869.03125
274.8904835384336	1346.8599853515625	146738.71875
284.0752845227509	206.8350067138672	145817.421875
160.10998656428507	304.8089904785156	144451.328125
73.99980787143693	448.197998046875	144437.203125
392.9159663484137	1349.52001953125	144282.296875
208.87271783460506	125.42900085449219	144144.3125
221.96757121869467	1358.4200439453125	143437.4375
219.9707404768366	1261.0	142948.5
316.74148062228966	544.926025390625	142707.875
102.98800458338808	508.08599853515625	142166.453125
144.92291919130867	817.489990234375	141760.796875
186.05284741108636	168.70399475097656	140818.046875
171.05326831575826	585.7730102539062	139546.140625
285.2749075984678	1436.1500244140625	139408.671875
219.97072304627056	1209.52001953125	139225.125
219.97072838759468	1209.52001953125	139225.125
131.96465972978808	1357.0899658203125	138654.46875
316.7413609389836	555.114990234375	137129.515625
119.97351627646553	1311.010009765625	136562.046875
219.97076250594682	1055.300048828125	136513.703125
181.87927436028627	1334.050048828125	135833.296875
199.1654730997912	222.08900451660156	135685.703125
261.1364531835505	1391.75	135124.21875
452.4596768096301	205.5399932861328	134822.953125
219.97073938761227	1184.8599853515625	134631.625
187.1653599883222	226.01800537109375	134033.84375
138.03171091605896	1348.280029296875	133952.5
275.88782846753793	806.1270141601562	133948.234375
214.97123869738058	1358.4200439453125	133325.078125
210.10231163653322	229.9550018310547	133321.71875
175.96943462050518	779.3709716796875	133278.640625
259.7894705519945	1334.050048828125	133210.796875
219.97073479600513	1151.280029296875	132940.21875
101.01113197978198	445.6080017089844	132928.84375
384.74003144335455	1381.4200439453125	132567.65625
175.96944544178942	856.708984375	131527.859375
175.96944055098612	856.708984375	131527.859375
301.8774398793412	552.4520263671875	131413.8125
314.74365934685574	544.926025390625	129882.5625
312.17635620556894	1437.4100341796875	129070.828125
183.93863653913183	675.2839965820312	128979.84375
166.0482434454306	215.59800720214844	128937.0625
194.0613986811563	232.82000732421875	128326.0234375
208.8727199424485	174.98500061035156	128308.859375
131.93848538775592	389.5	127621.921875
295.18664570467735	222.08900451660156	126973.6640625
235.9289404630653	1422.22998046875	126375.0546875
142.09943890022868	246.76199340820312	126289.859375
194.05796327006112	278.2950134277344	126107.4921875
408.3967885976388	206.8350067138672	126098.515625
174.08920586494435	299.72198486328125	125858.859375
100.08862182510444	244.26600646972656	124469.953125
175.96938891950205	832.6920166015625	124457.4765625
391.70759948958437	1346.8599853515625	123812.71875
115.0633154474895	580.7080078125	123331.125
118.9451292794689	1432.3399658203125	122351.7734375
116.01095815056318	650.0079956054688	120616.203125
130.04602864075937	487.614990234375	119980.09375
250.06239825171625	589.5150146484375	119953.0390625
179.8810504854157	1334.050048828125	119897.0234375
175.96942720059695	874.4769897460938	119522.375
123.98286065860896	1364.75	118027.7578125
138.03168516438436	280.79901123046875	117614.7421875
240.07478782120958	208.1280059814453	117163.078125
161.06763918129744	294.73199462890625	116824.640625
175.96940804696578	817.489990234375	116317.125
382.3811438597319	206.8350067138672	116019.90625
208.87267878225967	1433.6400146484375	115400.4921875
146.1307282650311	1346.8599853515625	115391.375
280.24019913099164	1399.4000244140625	115338.3125
386.1731248553313	241.73399353027344	115311.5234375
266.11548316971897	239.05799865722656	115295.65625
228.1363587443048	237.81199645996094	115099.28125
326.1917766447314	1436.1500244140625	114909.5234375
219.97078440072187	1422.22998046875	114712.96875
100.05221802948176	210.62100219726562	114658.75
183.9386470597905	699.2369995117188	114519.8671875
219.97074689699673	1140.8800048828125	114110.125
243.05916913758358	609.6610107421875	113804.640625
613.8043491517612	1324.93994140625	113743.171875
178.9864057794133	1358.4200439453125	113369.40625
183.93865932195442	1334.050048828125	113194.0625
243.18361393255964	254.33900451660156	112969.4453125
224.1414165597508	218.16799926757812	112950.3671875
255.15528110054944	231.38900756835938	112703.9296875
214.08430643640628	124.17400360107422	112485.0234375
387.18937031967846	237.81199645996094	112463.0078125
188.10499251214117	499.10198974609375	111838.1640625
161.9721749313483	1339.199951171875	111654.9765625
150.06807551285073	280.79901123046875	111635.40625
133.01977428384413	434.25299072265625	110242.6953125
133.03751826832234	618.4940185546875	110127.6015625
211.939042330197	604.6649780273438	109636.90625
240.06714662372005	216.88099670410156	109612.734375
79.96580133646573	1368.5899658203125	109609.4375
205.9206410599532	1340.43994140625	109127.2109375
214.08430968615116	195.406005859375	108886.3046875
122.0731816654511	271.9840087890625	108539.1875
214.084323573344	85.6697006225586	107726.3125
396.3967121763226	209.37600708007812	107660.296875
214.1569760649711	240.30299377441406	107547.9765625
211.0456844206621	587.02001953125	107470.0390625
311.7406528100309	1344.3800048828125	107422.671875
242.18844590189963	224.7689971923828	107087.0546875
214.08431659192325	13.224200248718262	107079.7109375
175.96943183487232	1005.3900146484375	106890.609375
178.09944609277915	237.81199645996094	106429.203125
170.09442719569108	270.68798828125	105955.7265625
99.97392438936927	604.6649780273438	105912.8515625
160.07505331253014	295.9779968261719	105588.3046875
214.08430057358228	162.1510009765625	105588.0546875
176.9690288838504	1355.8599853515625	104605.53125
168.96808200277258	1330.0999755859375	103682.0546875
158.99643835031932	1398.1500244140625	103169.2265625
159.01681805590863	703.0770263671875	101489.359375
340.2073019394195	203.02999877929688	100478.4609375
180.0635056684501	564.239990234375	100476.359375
98.03657036987589	312.37298583984375	100120.796875
106.02651304130428	541.1900024414062	99796.8359375
201.9523563918577	1424.780029296875	99740.0078125
157.95144066771564	1396.9000244140625	99618.828125
366.3498819492621	206.8350067138672	99360.375
175.96944779485094	937.281982421875	99352.21875
175.96941446795933	947.4420166015625	99332.3359375
145.0738679222612	587.02001953125	99000.5546875
719.7682290937554	1328.8599853515625	98459.8671875
183.93866502403645	743.801025390625	98370.8515625
327.32183052638345	209.37600708007812	98254.609375
214.08428708703067	78.13240051269531	97759.7890625
198.12569107660812	240.30299377441406	97525.4609375
313.30665086367407	209.37600708007812	97459.078125
401.874729941222	1428.5400390625	96927.7421875
108.0574619384694	283.3919982910156	95758.0
295.1422570046034	206.8350067138672	95738.8828125
448.14171844487544	220.65899658203125	95399.6171875
682.3045081722076	223.52000427246094	95178.1171875
300.7737166854679	548.6950073242188	95089.609375
175.96941923060524	1034.81005859375	94756.8046875
113.05894194171546	500.35198974609375	94134.4140625
397.70138824130936	1344.3800048828125	93523.9453125
175.96946469665184	595.8400268554688	93373.9921875
205.87336859408992	1345.6199951171875	93097.7734375
175.96940650394504	957.9310302734375	92895.0234375
110.0592155670025	415.00299072265625	92348.6875
89.0554062373587	388.25	92043.1484375
160.11000379386948	352.88800048828125	91269.3125
202.1206984724197	256.83599853515625	91268.7109375
286.2872308184886	234.07000732421875	91031.6640625
410.1155040551747	253.09100341796875	89928.359375
271.89617256046944	799.7689819335938	89346.6796875
228.80087749775262	1334.050048828125	89100.3984375
119.94932015390049	705.5819702148438	88602.71875
75.9976814481826	341.4700012207031	88458.6171875
131.0663212845857	375.63299560546875	88267.75
156.01721186127048	492.8450012207031	87924.140625
340.20727609448653	1429.7900390625	87595.578125
150.0317012710237	314.9230041503906	87495.234375
328.3344058595811	231.38900756835938	86904.890625
188.177777371139	255.58599853515625	86292.515625
164.0838892020622	263.1730041503906	86126.1875
126.03169767023354	351.5929870605469	85732.1328125
351.8775349946567	657.5989990234375	85490.890625
210.16203316543647	232.82000732421875	85391.078125
175.96945014102988	1054.0400390625	84674.0625
186.12565441697544	255.58599853515625	84512.7734375
90.9479924116217	1330.0999755859375	84385.640625
382.70698976594275	1344.3800048828125	84006.9453125
183.93868153949023	789.6439819335938	83819.4453125
115.94134460338053	961.7520141601562	83784.28125
200.14140729949662	240.30299377441406	83523.234375
183.9386602890083	832.6920166015625	83287.2890625
172.8550410616737	1337.9599609375	83140.9296875
825.732471607051	1323.68994140625	82811.1015625
181.82021271077056	1334.050048828125	82765.6015625
150.10445721853662	255.58599853515625	82516.328125
507.83956022746105	1313.5999755859375	82370.90625
369.3689764799078	206.8350067138672	81816.015625
183.9386787878096	794.7529907226562	81265.28125
100.0522212447696	122.91799926757812	81060.65625
331.280621443217	213.11000061035156	80449.5
402.16812112587746	246.76199340820312	80437.046875
192.06344702265173	560.2750244140625	80435.6953125
144.92289466233936	1332.81005859375	80148.4921875
319.86560629158225	854.1950073242188	79986.6953125
191.06772396416426	587.02001953125	79968.375
146.12183230911376	253.09100341796875	79522.9609375
146.05795474880503	176.28599548339844	79024.234375
215.0585561853779	246.76199340820312	77868.1953125
100.05222513904472	149.5070037841797	77805.2890625
217.0434982583148	607.1619873046875	77749.6015625
236.17768401898863	235.31700134277344	77555.4765625
100.0522251507349	66.55940246582031	77530.5234375
183.93866596497918	923.3380126953125	77447.7109375
217.84830248585675	546.1690063476562	77439.8671875
287.24623780061205	245.51400756835938	77391.90625
237.07546041386792	220.65899658203125	77048.7421875
179.97032050276036	1424.780029296875	77012.9453125
115.90902683589648	1326.18994140625	76804.9140625
210.83528973187737	1334.050048828125	76796.4765625
388.7008424371313	1336.5400390625	76641.5546875
268.1511235170988	206.8350067138672	75960.6640625
200.0508834685183	235.31700134277344	75796.1796875
309.7742286563768	549.9359741210938	75757.3828125
99.9738977363085	1343.1400146484375	75669.5859375
352.33449933882713	208.1280059814453	75235.2421875
112.02729879731797	491.5539855957031	75140.5078125
100.05222260218373	11.78279972076416	74887.9609375
287.9191368334057	604.6649780273438	74251.21875
146.05795431624261	204.28500366210938	73654.3125
226.15706105751565	236.56399536132812	73417.1953125
115.02693212424832	355.3949890136719	73242.6640625
145.03753821499544	383.2439880371094	72972.875
222.05641608519633	231.38900756835938	72901.5703125
103.07129179946904	319.9389953613281	72645.65625
351.8775375152383	711.8900146484375	72473.71875
208.87276223922635	410.0039978027344	72443.40625
157.0457464473769	350.2950134277344	72339.265625
198.12566052006312	253.09100341796875	72254.65625
183.93866339328045	875.7329711914062	72178.6328125
146.06920356859672	632.3740234375	72086.75
146.057951560311	144.44000244140625	71866.046875
78.01340605182709	335.1549987792969	71733.96875
100.05221649568739	95.95069885253906	71705.6640625
366.2813560269577	32.32709884643555	71190.1953125
124.05249005067114	1398.1500244140625	71153.9375
138.0566742603428	302.2640075683594	71140.015625
100.05224312712637	81.90070343017578	71098.8359375
100.05221854019166	177.54100036621094	70996.96875
173.9999838754221	1341.719970703125	70972.1953125
229.80600859662687	541.1900024414062	70778.5234375
355.3533083947568	209.37600708007812	70737.671875
219.95718157235177	1326.18994140625	70653.203125
132.03087012969726	622.2869873046875	70477.171875
424.42807951519944	208.1280059814453	70290.3515625
438.44394100241794	206.8350067138672	69905.640625
739.7648394088286	130.49600219726562	69642.4453125
183.93867057027848	983.52197265625	69414.796875
135.0545827595663	500.35198974609375	68999.6875
196.07370927978343	275.78900146484375	68962.2109375
101.95325607388126	299.72198486328125	68882.609375
411.41572393127603	206.8350067138672	68302.28125
203.0947606609054	292.197998046875	68268.078125
163.98780364280455	1336.5400390625	68261.9453125
146.05794967402585	79.38970184326172	68230.2578125
139.97778175160622	1426.030029296875	67774.0
163.98975744066058	227.45599365234375	67717.78125
100.932898792557	226.01800537109375	67488.96875
235.9521541044277	1339.199951171875	67205.8359375
92.94617986278884	1327.4300537109375	66851.1640625
177.82467744410428	508.08599853515625	66751.8984375
225.86913778895573	1334.050048828125	66303.1171875
146.0943456786849	277.0419921875	65840.6640625
188.10497280123386	264.4230041503906	65717.9609375
169.00461715938414	647.5050048828125	65518.96875
183.93869048285524	1014.2899780273438	65357.56640625
175.96946635947694	1077.2900390625	65214.3125
351.87761291954644	687.885986328125	64747.22265625
385.88314935719796	80.64520263671875	64703.28515625
200.10499856064297	271.9840087890625	64499.421875
188.84688452285027	1331.3900146484375	64467.6015625
183.9386476278675	960.448974609375	64123.7265625
181.8202335701253	624.8270263671875	63873.0078125
245.09163558784175	444.3559875488281	63869.171875
118.06303234308396	465.989990234375	63648.43359375
169.96888439452272	1331.3900146484375	63644.87890625
298.1605473769546	206.8350067138672	63538.2109375
295.80716995778727	1436.1500244140625	63526.0546875
146.09431909310396	258.0849914550781	63518.08203125
198.06259153790015	595.8400268554688	63420.36328125
146.05796398597388	57.68299865722656	62861.65234375
117.96984197436434	1427.280029296875	62651.1875
378.9902294963179	1414.6800537109375	62592.99609375
209.10538501600388	246.76199340820312	62506.16015625
280.2401543231415	1438.6600341796875	62210.24609375
87.03972622822529	393.3349914550781	62192.70703125
243.22013648292938	246.76199340820312	62146.09375
100.01582206813531	562.989990234375	62128.15234375
100.05223527292854	32.32709884643555	62056.18359375
166.04784594466787	561.5599975585938	61440.5
212.1778174444447	223.52000427246094	61335.30078125
202.15699465547183	237.81199645996094	61026.7890625
224.03579126554646	235.31700134277344	60991.09765625
175.9694328446838	1197.75	60202.234375
332.56261050206666	537.3679809570312	60124.8828125
158.99641411731716	1420.9300537109375	59920.67578125
78.01338512843354	435.5069885253906	59550.234375
251.152269332431	235.31700134277344	59539.16015625
226.12077674166375	251.80099487304688	59298.328125
133.93669839075517	1386.56005859375	59243.21875
240.0671261774706	237.81199645996094	59101.43359375
198.8776334984691	1334.050048828125	59025.84375
272.00254440442393	232.82000732421875	58940.16796875
190.84491404901945	1334.050048828125	58836.75
230.2246463126364	246.76199340820312	58826.55859375
146.05795375858224	43.746299743652344	58706.60546875
194.02489078594627	285.89898681640625	58616.57421875
666.1290114655648	536.1179809570312	58599.0546875
242.11565038742083	260.5849914550781	58548.8984375
214.02458238861234	544.926025390625	58440.671875
299.254326983859	211.86500549316406	58371.23828125
89.9949587044849	706.8330078125	58062.90234375
188.079792027887	494.09698486328125	57923.19140625
146.1192836398927	254.33900451660156	57919.27734375
236.14137197991485	228.70599365234375	57753.50390625
183.93866625259773	1157.7900390625	57752.953125
228.17278352596313	228.70599365234375	57632.8984375
183.93865835454937	1282.97998046875	57562.09375
362.88463980533646	1434.9000244140625	57395.05859375
135.0545788241562	474.9779968261719	57350.90625
146.0579592548213	19.688100814819336	57291.890625
133.93671926096923	390.75201416015625	57137.26953125
150.05279352495728	610.9099731445312	56659.640625
385.88317799760864	33.62350082397461	56626.9609375
269.9316852748782	42.44879913330078	56387.140625
239.89918349741313	847.8259887695312	56308.7421875
213.8421857221716	871.9199829101562	56280.04296875
146.05796373237794	4.055880069732666	56190.7734375
100.01584568218243	451.9549865722656	56047.03515625
299.8035732240797	1346.8599853515625	56035.796875
152.06852478184118	589.5150146484375	55828.375
196.0406919423071	404.8389892578125	55759.63671875
177.82467034852257	570.489990234375	55691.08203125
264.1110480481435	356.64801025390625	55659.2265625
318.7390990421119	548.6950073242188	55573.16015625
142.06310011869323	575.7080078125	55325.890625
95.03683550769041	408.7590026855469	55295.8203125
175.96946136462938	584.5269775390625	55226.33203125
134.99907073803982	390.75201416015625	55211.046875
90.94797101749393	1323.68994140625	54919.5078125
152.01438720315912	384.49700927734375	54819.421875
536.5536018272992	204.28500366210938	54733.8984375
104.08357086144993	347.7879943847656	54380.72265625
147.03207940237536	1408.3499755859375	54297.1640625
119.95873859508065	1339.199951171875	54092.03125
250.03962206064796	234.07000732421875	53713.1953125
152.0086271423137	622.2869873046875	53549.125
183.93867303055063	1065.489990234375	53537.9921875
118.01732696835114	556.3569946289062	53462.04296875
325.30620415928695	206.8350067138672	53442.13671875
183.93866623706907	1219.8399658203125	53310.90234375
141.04267272082106	274.5360107421875	53108.96875
314.08610186312643	220.65899658203125	52802.29296875
403.8904963315396	1324.93994140625	52690.53515625
188.10499427370752	306.0610046386719	52638.52734375
138.0591700019171	303.5580139160156	52544.71875
535.8218701385216	1436.1500244140625	52513.62890625
183.93867072014584	1251.949951171875	52482.45703125
612.1520963607344	661.39599609375	52354.1015625
273.2386003046283	223.52000427246094	52329.9453125
210.83527072089313	519.6090087890625	52059.1328125
429.85745405551427	1434.9000244140625	51977.85546875
385.88322032704633	22.200599670410156	51894.19140625
125.0362555787502	408.7590026855469	51816.92578125
183.9386682671133	1056.56005859375	51653.49609375
119.93416835246094	1332.81005859375	51600.046875
135.02493117423495	648.7559814453125	51416.140625
132.07866617538187	435.5069885253906	51305.99609375
259.94959363978313	1323.68994140625	51255.57421875
281.0577912030167	287.1510009765625	51218.71875
196.14647074000808	228.70599365234375	51126.93359375
213.8421671455093	905.2080078125	50804.84375
180.0188468094981	332.6050109863281	50650.75390625
161.05109779733496	323.7850036621094	50598.671875
290.09455568315303	256.83599853515625	50410.390625
370.3812472227697	228.70599365234375	50371.53125
136.0106616942792	290.906005859375	50268.31640625
134.09435079755426	319.9389953613281	50186.91015625
342.2773113362023	204.28500366210938	49906.23828125
183.93868130350845	1118.550048828125	49782.45703125
272.2716902975109	236.56399536132812	49650.18359375
175.96945582242319	1284.239990234375	49551.86328125
87.03970992133631	623.5770263671875	49522.37890625
357.17876381000684	236.56399536132812	49472.734375
195.05316207987457	364.2569885253906	49222.18359375
174.12559638555038	258.0849914550781	48991.29296875
192.11513522748834	241.73399353027344	48971.3046875
134.09436161714822	394.5889892578125	48807.0625
240.1727537038529	224.7689971923828	48747.8515625
117.90726536479262	1327.4300537109375	48741.19921875
466.4753241718497	205.5399932861328	48662.44921875
168.04550966741434	234.07000732421875	48450.078125
206.05844853169026	294.73199462890625	48444.42578125
245.24356173803213	243.0189971923828	47586.9453125
306.0762401057882	658.8489990234375	47508.76953125
175.9694632148123	1251.949951171875	47248.1875
188.14137654131702	229.9550018310547	47176.22265625
152.03345355353864	542.43701171875	47157.76953125
300.0339098009433	232.82000732421875	46996.76171875
134.95206931578383	352.88800048828125	46803.4609375
329.8983491139462	1431.0899658203125	46802.03515625
173.11343863826303	258.0849914550781	46295.70703125
513.4030950793318	223.52000427246094	46244.85546875
138.06809383528542	316.177001953125	46015.5703125
92.06220687339429	302.2640075683594	45922.52734375
168.07867866279784	264.4230041503906	45832.5390625
173.99875808999806	265.67498779296875	45756.609375
147.1341541237879	277.0419921875	45614.328125
157.9623412969659	685.3820190429688	45587.70703125
132.05347527204245	638.6669921875	45544.3125
469.8624758617374	1314.8599853515625	45527.265625
218.84296517670577	1328.8599853515625	45435.58984375
169.065969232027	1386.56005859375	45286.9296875
125.01465991047607	641.2109985351562	45137.9375
106.04491350505563	275.78900146484375	44679.76953125
267.93636646716135	1330.0999755859375	44661.6875
124.02911443605042	408.7590026855469	44239.90234375
266.082474989618	235.31700134277344	44077.859375
314.3190197805002	232.82000732421875	43334.96484375
175.9695105688072	570.489990234375	43249.15625
199.0118312366618	302.2640075683594	43159.48828125
160.11000268547517	328.8009948730469	43075.82421875
566.2049667082464	229.9550018310547	42942.77734375
507.8378457489798	1439.9200439453125	42909.953125
222.1619954955747	237.81199645996094	42906.6796875
187.04819011599432	441.85101318359375	42681.87109375
140.08377428163948	260.5849914550781	42518.1953125
126.10448439999587	255.58599853515625	42401.25
334.08448316877434	244.26600646972656	42354.140625
197.061827864069	581.9929809570312	42321.26171875
242.15195623203303	240.30299377441406	42145.65234375
449.1816988670976	240.30299377441406	42113.8984375
77.01884051177595	380.6510009765625	41947.015625
185.99290606270873	677.7869873046875	41471.65234375
115.99711040540663	266.9280090332031	41236.6015625
513.8393263496525	1439.9200439453125	40895.81640625
412.4283910191837	224.7689971923828	40847.6015625
931.6946670185025	1323.68994140625	40754.83984375
213.08263719405053	248.01100158691406	40588.93359375
492.49075308718614	204.28500366210938	40262.44921875
284.19881883655927	226.01800537109375	40166.2109375
225.91381204520945	705.5819702148438	40140.17578125
134.95205861349297	145.69500732421875	40066.58203125
186.87565018137477	1326.18994140625	39956.0390625
193.07402504227093	311.1199951171875	39827.24609375
223.8707085362666	1327.4300537109375	39807.69140625
300.1208648099873	355.3949890136719	39800.91796875
359.0720706671953	287.1510009765625	39505.97265625
389.8649787100353	1439.9200439453125	39490.17578125
152.97317260368615	1324.93994140625	39383.41796875
203.1967579589053	251.80099487304688	39296.5703125
342.11635426769175	639.9180297851562	39167.40625
240.02392257813784	645.0040283203125	38894.484375
162.08926548662197	441.85101318359375	38819.4296875
184.92055842302625	1070.72998046875	38533.5546875
184.10993357455283	292.197998046875	38053.07421875
101.05562752713254	357.90301513671875	37657.47265625
155.94985184111525	1330.0999755859375	37367.05859375
132.06162085249795	578.2080078125	37354.7265625
175.99334410720988	268.1809997558594	37338.22265625
389.8647682371182	689.1380004882812	37285.12109375
117.05073674460775	418.989013671875	37229.99609375
111.9652438783707	440.5989990234375	37170.64453125
508.5212726947058	205.5399932861328	37112.7421875
230.1154944686746	255.58599853515625	37099.48828125
140.02219126924516	1336.5400390625	36804.3046875
148.0736445729937	378.1419982910156	36776.80859375
120.98339738838486	380.6510009765625	36763.68359375
125.91267628429021	1336.5400390625	36628.828125
595.7888141661713	686.635009765625	36602.75
230.94257229565073	1324.93994140625	36445.9765625
168.1515148511655	239.05799865722656	36435.41796875
186.97874231220018	1326.18994140625	35918.22265625
258.1469212941022	240.30299377441406	35915.96875
138.99398849613243	573.208984375	35830.7578125
84.03190418781142	354.1419982910156	35431.7890625
454.8577895344844	1321.1600341796875	35414.0546875
84.05704141356057	398.5320129394531	34816.73828125
181.06687358067293	607.1619873046875	34791.3125
155.04439886593886	562.989990234375	34784.69921875
190.060663451379	585.7730102539062	34731.65625
190.12066801703747	289.656005859375	34584.40234375
170.02154575734608	597.0889892578125	34310.296875
446.20923331435546	1336.5400390625	34276.453125
683.3070936850377	223.52000427246094	34134.96875
162.08941133342864	347.7879943847656	34029.1328125
156.11515826051428	275.78900146484375	33788.10546875
312.1213158775289	467.2860107421875	33675.7109375
111.0432634056233	350.2950134277344	33670.234375
140.01122375373734	275.78900146484375	33611.0625
120.07861216259394	441.85101318359375	33596.32421875
159.94183843472013	708.0869750976562	33527.484375
1037.6605496034854	380.6510009765625	33466.71875
110.03677010681082	265.67498779296875	33448.60546875
218.04255002567143	564.239990234375	33442.7421875
138.06808260467827	263.1730041503906	33401.2890625
208.0585336142934	294.73199462890625	33398.16015625
191.9508508774127	1321.1600341796875	33182.51953125
305.7769816377741	1335.2900390625	32999.60546875
75.03953063061374	440.5989990234375	32962.81640625
204.04577071573925	271.9840087890625	32958.05859375
203.04395538605593	352.88800048828125	32823.45703125
134.9520417377069	398.5320129394531	32455.3203125
214.97131090844414	265.67498779296875	32313.564453125
415.8663240950496	1434.9000244140625	32190.890625
160.8941748470091	509.3370056152344	32091.83203125
210.0166181697721	765.2960205078125	31990.541015625
212.10506846334337	265.67498779296875	31837.455078125
218.11542541800395	265.67498779296875	31830.1953125
160.1376023393921	237.81199645996094	31746.615234375
241.96512609391618	1339.199951171875	31662.2578125
175.09572439127254	657.5989990234375	31534.3203125
246.08399420391441	443.10400390625	31488.6796875
595.7882951894412	1434.9000244140625	31375.447265625
560.8211135965362	1318.6099853515625	31267.234375
265.16794597161817	231.38900756835938	30897.798828125
106.96755099496158	235.31700134277344	30853.271484375
409.4000309708374	205.5399932861328	30791.66015625
101.01116294959701	1340.43994140625	30739.02734375
295.19005578750705	204.28500366210938	30691.08203125
143.93127298805243	226.01800537109375	30482.98828125
435.8622001494657	995.0830078125	30471.4609375
187.97948401706918	1322.4100341796875	30423.814453125
134.05796932272668	444.3559875488281	30149.826171875
253.09489647242646	1336.5400390625	29885.283203125
244.06953969567166	501.7900085449219	29720.361328125
436.4277535081759	204.28500366210938	29666.31640625
559.0711122911737	602.1290283203125	29481.6171875
803.7486917950043	357.90301513671875	29476.453125
402.37643565262726	1319.8599853515625	29444.876953125
369.87855504376245	801.0239868164062	29438.70703125
142.03791719678287	656.3480224609375	29394.728515625
215.066492027759	306.0610046386719	29382.87109375
96.05725036842423	264.4230041503906	29369.40234375
325.0485345690583	534.8660278320312	29247.494140625
96.02086412320321	608.4110107421875	28910.47265625
176.14130405630763	292.197998046875	28831.11328125
743.1384226173017	542.43701171875	28719.625
176.06848338467822	1335.2900390625	28572.533203125
185.14979093146516	226.01800537109375	28563.697265625
221.054453342097	350.2950134277344	28185.10546875
124.98791349080606	876.989990234375	27837.876953125
352.07628644859585	271.9840087890625	27806.7109375
291.0954359962081	541.1900024414062	27755.939453125
165.98546062308213	1322.4100341796875	27704.75
112.0073215616904	1334.050048828125	27685.1328125
484.9538560203851	548.6950073242188	27394.46484375
109.9859524228062	288.4049987792969	27137.673828125
181.037648784999	410.0039978027344	27115.349609375
174.01658343207032	732.2949829101562	26895.279296875
214.12073020842064	260.5849914550781	26886.404296875
153.9936359960141	385.74798583984375	26801.296875
87.0009271880681	1321.1600341796875	26797.373046875
167.90483059066213	548.6950073242188	26642.8515625
508.3942048891233	95.95069885253906	26627.236328125
328.1162481289391	460.8009948730469	26576.474609375
177.07914549712766	101.06199645996094	25803.193359375
223.88487193258987	146.99600219726562	25753.791015625
255.0779869131783	495.3479919433594	25437.37109375
209.0724434031527	387.0	25385.568359375
122.04799484364895	403.5880126953125	24881.669921875
136.97830187598103	313.6700134277344	24446.05078125
102.04277296712267	896.1719970703125	23754.765625
326.0412961891763	534.8660278320312	23523.66015625
168.00936727580628	496.6000061035156	23329.984375
272.10439311623657	1428.5400390625	22018.8203125
418.9829144516456	1424.780029296875	20078.3828125
155.07086882644896	240.30299377441406	19897.12109375
287.99741795055064	232.82000732421875	19553.060546875
223.900212800131	547.4130249023438	19264.693359375
281.12630431260635	1428.5400390625	19258.01953125
208.07707099116843	232.82000732421875	19212.232421875
251.94721612890802	1309.760009765625	19208.8828125
379.89302693532613	1433.6400146484375	18751.033203125
290.0371026409257	657.5989990234375	18427.181640625
168.1150857456788	259.3340148925781	17551.689453125
203.04409785726276	285.89898681640625	17322.80078125
159.96606813075695	1304.72998046875	17161.216796875
214.0301149364624	260.5849914550781	16840.634765625
119.99985951438033	226.01800537109375	16591.4453125
590.9189031914507	1439.9200439453125	16305.3271484375
286.9032870856359	1434.9000244140625	16270.12109375
431.84246815377116	681.5850219726562	15291.4072265625
166.94670914798675	335.1549987792969	15191.08203125
522.4104131871699	117.70899963378906	15168.4638671875
188.11607625137364	631.1240234375	15148.08203125
281.1261006101261	387.0	15084.029296875
113.0225784247424	283.3919982910156	15028.16796875
201.94044259604667	1318.6099853515625	14838.7353515625
146.97800268538393	856.708984375	14743.4990234375
282.11032376304706	287.1510009765625	14705.19921875
241.16791314523329	237.81199645996094	14685.0703125
111.98302796610196	433.0	14255.876953125
75.96865004792298	605.9140014648438	14179.8486328125
269.9087451719852	605.9140014648438	14129.654296875
286.01831915677434	231.38900756835938	13910.71875
255.8894183493903	629.8289794921875	13883.0517578125
172.09306983260106	376.8890075683594	13849.9169921875
168.00114326834125	1319.8599853515625	13834.7685546875
166.0488588748388	451.9549865722656	13801.3037109375
132.1036193264663	261.8789978027344	13710.310546875
128.08376486188445	864.3359985351562	13569.759765625
662.6945386871278	205.5399932861328	13459.5537109375
129.0539073243575	350.2950134277344	13448.478515625
150.05275619341157	1057.8299560546875	13421.74609375
98.04778478129977	33.62350082397461	13213.552734375
128.00290426979817	290.906005859375	13134.3740234375
114.10450063122398	275.78900146484375	13131.1845703125
171.1341537670313	232.82000732421875	13051.404296875
141.99346668816688	115.15299987792969	12850.38671875
404.0273988221493	270.68798828125	12720.3388671875
149.03135962084207	369.2760009765625	12701.4755859375
173.9243343324128	947.4420166015625	12378.6025390625
687.283667252251	371.8269958496094	11341.408203125
161.07700651535367	506.8349914550781	10960.478515625
104.07223555233963	332.6050109863281	10914.8720703125
157.9156138066725	982.0750122070312	10849.103515625
335.17374661565805	196.7050018310547	10830.21875
426.85018437440493	531.114990234375	10598.333984375
387.1892322282706	1186.1199951171875	10136.9833984375
153.97401717440218	1312.31005859375	10092.7861328125
161.91874061776602	261.8789978027344	9775.5
194.09445492268517	338.9169921875	9087.7978515625
281.9051617575406	1144.9100341796875	8014.60400390625
