	RT	Std3_1in1000
95.98761108905785	1355.0400390625	2.76092096E8
256.24033093028663	214.2779998779297	1.17320312E8
173.9652123819191	1353.800048828125	6.1701288E7
115.94356366977881	1365.3900146484375	5.0831432E7
115.94355627893354	1382.219970703125	5.0766896E7
284.27151301019245	213.03500366210938	4.2943324E7
117.94178250993974	1365.3900146484375	2.3443398E7
117.94177136300287	1382.219970703125	2.2258892E7
257.2436836468857	214.2779998779297	2.0017946E7
136.0524874830857	302.4119873046875	1.7444248E7
77.97678342682586	1353.800048828125	1.6594325E7
96.98719374087024	1355.0400390625	1.5512592E7
97.98448316552793	1356.31005859375	1.2013975E7
144.11503418867068	253.03900146484375	1.134057E7
256.2403527443148	1362.9100341796875	1.1002193E7
233.9320692622523	1356.31005859375	1.0477766E7
116.01094692701825	554.9019775390625	1.0292886E7
285.2748770839213	211.79200744628906	7988258.0
195.91316849367013	830.4829711914062	7400384.5
174.96479862147234	1353.800048828125	7000208.0
135.98047182687122	1355.0400390625	6144322.5
204.87628385734303	1348.760009765625	6058239.0
155.95473496203735	1356.31005859375	5858418.5
206.87449787652253	1348.760009765625	5670230.5
158.1306832918593	240.24400329589844	5624486.5
215.84014073211054	1334.5	4854297.0
284.2715715624289	1364.1500244140625	4660129.5
175.96205952480128	1356.31005859375	4629998.0
228.209115387075	216.80599975585938	4603030.0
213.84216070234143	1338.43994140625	4496811.0
195.91315870555763	1183.5899658203125	4477215.0
122.03680104088768	353.5299987792969	4301400.5
124.90931954336355	1334.5	4299151.0
209.94200203586968	1353.800048828125	4252429.0
116.08372577435894	284.6080017089844	4186875.5
311.9096024546665	1355.0400390625	4033559.5
200.1777451392059	223.4530029296875	3965659.25
195.913201828572	1351.239990234375	3963700.25
407.9097753139694	1355.0400390625	3727520.25
141.9934514433967	1355.0400390625	3432046.25
130.09943636218873	265.625	3339262.25
102.0679167058056	335.64300537109375	3297712.0
127.9123202958686	549.8410034179688	3082441.5
242.22475948303284	215.5240020751953	3024410.5
95.99993453072895	1362.9100341796875	3020630.25
233.93203502033137	1344.8199462890625	2945668.0
173.97751534218347	1362.9100341796875	2898297.5
195.9472325786081	1353.800048828125	2758448.5
97.9918726210649	1356.31005859375	2753499.0
329.93255529941433	1357.550048828125	2685654.5
252.10328430580407	214.2779998779297	2682618.25
251.95507322765235	1362.9100341796875	2676648.25
141.9934321662003	1365.3900146484375	2668451.0
172.14643215174453	231.32400512695312	2630194.25
136.95237999222536	1362.9100341796875	2500518.0
219.97074784403304	1355.0400390625	2409894.0
94.0415744614393	298.65899658203125	2307292.5
293.89891994966024	1355.0400390625	2292335.5
266.1552264198785	1360.1199951171875	2236017.75
233.93204904091505	692.2999877929688	2194419.0
284.075255197714	208.052001953125	2175502.0
257.24371568072985	1355.0400390625	2162246.75
156.11511588195663	238.9980010986328	2109702.75
195.87594128680473	1337.02001953125	2091727.5
212.14136639613068	240.24400329589844	2074194.625
217.83771732537792	1337.02001953125	1954685.25
123.03208511833628	409.1499938964844	1949596.0
195.91318366784844	1386.1199951171875	1905282.0
172.00425319958018	1351.239990234375	1885740.125
284.2715591270253	1399.1400146484375	1875520.375
407.9097774059673	1374.56005859375	1871553.375
197.8741674588087	1337.02001953125	1865946.125
211.93901875361888	1353.800048828125	1840754.25
76.01548277452716	380.0539855957031	1809611.625
254.2247196699804	1362.9100341796875	1771480.375
287.9193573124548	1352.47998046875	1761846.25
234.93163957396865	1356.31005859375	1746211.875
195.91316667629837	957.8900146484375	1742690.0
117.94178452480574	32.5265998840332	1741120.625
228.20911519463542	1360.1199951171875	1730957.875
206.16711096962035	236.5030059814453	1717473.875
126.90742868649082	1333.260009765625	1697045.0
141.99343447622508	1374.56005859375	1661572.875
137.0557721592029	302.4119873046875	1613507.75
258.24710185630965	213.03500366210938	1587870.875
216.84499389015886	548.593017578125	1574478.25
88.05204705140612	387.6610107421875	1570493.5
95.99999550185197	1342.1600341796875	1567330.625
266.15520264154407	205.46200561523438	1553892.125
371.87624329054324	1356.31005859375	1483547.625
163.96756131981155	1333.260009765625	1461336.0
151.96976211066143	1325.3900146484375	1455480.375
242.2247649368968	1362.9100341796875	1427293.0
117.94179010969553	386.4079895019531	1392147.375
273.8905549550727	825.4229736328125	1388069.0
86.03636546663314	395.2699890136719	1387314.0
214.19346360095597	220.58900451660156	1372437.125
174.96477861575667	693.5960083007812	1352457.0
295.8072028844974	1364.1500244140625	1349570.125
97.99186888539603	1384.8800048828125	1337620.375
233.93205163619916	770.8510131835938	1317218.375
155.95471953165406	693.5960083007812	1272400.875
233.9320489641708	1405.4200439453125	1258623.75
196.91316124797427	824.1690063476562	1257175.25
282.2559249088723	1364.1500244140625	1248181.0
116.94692874587751	1365.3900146484375	1246744.75
236.96097475151242	1351.239990234375	1234950.25
129.0426371863519	486.4840087890625	1209811.875
174.96478255192665	716.3060302734375	1201290.125
208.87270286166725	1362.9100341796875	1185664.875
312.9091773120415	1356.31005859375	1171842.75
130.06305613394673	376.2919921875	1169700.0
304.7728557694894	1339.6800537109375	1137998.875
138.94785244807906	1365.3900146484375	1136532.25
148.03723296605824	590.1179809570312	1132567.875
134.021550350353	649.3690185546875	1102825.25
196.05837093373643	595.1959838867188	1087736.125
393.87065324091094	1358.8800048828125	1082768.375
285.2749275353546	1358.8800048828125	1076374.25
204.87627527717908	1410.780029296875	1071297.25
209.94196260513883	1362.9100341796875	1049290.75
140.0143636324459	1360.1199951171875	1047164.125
235.92892164764612	1352.47998046875	1043380.9375
186.16203820124954	227.38999938964844	1037199.3125
312.1762325032126	1357.550048828125	1027823.1875
326.1917749831186	1360.1199951171875	1024958.8125
270.21964329994637	216.80599975585938	1024954.75
270.25590453432835	214.2779998779297	1023186.375
233.93203283928526	836.7990112304688	1018275.5
293.8091457795782	1348.760009765625	1017896.6875
155.95472524303858	639.2760009765625	1005439.9375
200.17776076945572	1357.550048828125	1002570.75
282.25589366097716	1380.93994140625	999859.5
240.20913453903285	216.80599975585938	999111.5625
74.03618660324345	438.54901123046875	992819.375
242.22473501043893	1379.699951171875	986090.3125
198.16207105545305	222.02000427246094	978059.5
233.9320323568141	869.77197265625	968776.75
175.9694352273684	1355.0400390625	967243.5625
233.9320343980071	915.7849731445312	965520.5
145.118415107855	254.28700256347656	963919.6875
236.07201892851035	220.58900451660156	958701.5625
286.27817603199014	211.79200744628906	957983.0625
174.96479117281348	639.2760009765625	955817.0625
206.83970529723052	1335.739990234375	951844.4375
206.87449134360844	1410.780029296875	948057.4375
174.9647924975201	763.1329956054688	932644.9375
126.90738341985204	605.2739868164062	923625.875
233.9320359816293	957.8900146484375	919917.5625
195.91318742778404	1423.510009765625	918510.75
204.84171054846914	1331.8399658203125	914921.0
161.0841118393157	1387.3599853515625	906621.3125
235.9289162741604	1364.1500244140625	900483.3125
97.97671859651953	1364.1500244140625	895479.75
78.9763587705477	1356.31005859375	887003.25
133.87516318862572	602.7769775390625	883419.8125
408.9092772102397	1360.1199951171875	867137.1875
195.9472349085716	1383.6400146484375	866921.25
72.02050492149345	553.6539916992188	862680.125
130.02666844108592	622.9340209960938	856353.75
175.96202077631966	698.6019897460938	853352.625
157.96231978447955	1351.239990234375	851203.75
179.97029232970667	1352.47998046875	847458.375
249.08734922368535	1355.0400390625	824056.3125
285.27492628971123	1383.6400146484375	821722.625
191.96237895573123	1322.8900146484375	793932.0
310.1816891359924	1365.3900146484375	793355.5
126.90735873846465	465.04901123046875	785074.9375
155.954727518834	793.801025390625	783552.25
206.83973326007936	467.552001953125	781594.6875
196.91318888531742	1352.47998046875	781395.3125
238.1318295859218	1355.0400390625	778032.1875
270.2559464561192	1358.8800048828125	768258.3125
282.2559121917885	214.2779998779297	766366.25
302.24598700317034	213.03500366210938	760712.375
293.8988918586601	1377.0400390625	759042.6875
204.87629117402153	213.03500366210938	757623.6875
146.99087991664734	216.80599975585938	754501.25
172.11004965026095	259.2829895019531	752748.25
146.99087772067537	47.762001037597656	752637.25
229.21226004182967	218.09500122070312	743966.25
238.13186129900268	1370.47998046875	731916.375
314.93849619574814	1350.0	729113.3125
156.9543477463096	1355.0400390625	726294.25
698.2997666328035	222.02000427246094	724677.6875
146.99087188897187	172.5469970703125	723988.0
90.03134330629076	470.0929870605469	719462.5
161.08411418532424	1365.3900146484375	717375.375
161.08411820375122	1353.800048828125	711047.4375
204.8762849416147	26.210800170898438	710743.6875
204.87627023526625	5.315690040588379	710002.75
218.8432187220854	548.593017578125	709186.5
289.9164145346847	1352.47998046875	708322.625
128.90461105490579	1334.5	706916.4375
174.96478302588073	829.22900390625	704265.875
189.063797951571	586.3709716796875	698900.6875
146.9908821648262	412.9930114746094	696795.875
326.19183031860825	1378.4599609375	694816.5625
146.9908760500776	199.1840057373047	693414.25
173.97754564896942	1409.530029296875	690253.0625
196.9131650217694	1183.5899658203125	689828.1875
295.7724667113141	1337.02001953125	686260.5625
206.87449208278875	214.2779998779297	680227.5625
213.8421646009469	473.8890075683594	678657.625
79.97366632983726	1352.47998046875	678007.1875
146.99087957035462	392.76300048828125	676343.9375
306.7708648423876	1344.8199462890625	674415.75
273.89057450468215	1351.239990234375	669989.1875
174.96478314510526	968.1900024414062	666235.625
174.96477386923084	932.2890014648438	664694.875
302.7749008281712	1344.8199462890625	662748.4375
213.8421710043964	436.00201416015625	662419.3125
155.95472245320485	840.6069946289062	661349.0625
155.95471729497208	890.06201171875	659395.9375
118.9359895376017	819.1079711914062	657344.4375
147.9732877011067	1342.1600341796875	655413.8125
294.1867646483389	1355.0400390625	652325.5
155.95471590820753	968.1900024414062	649704.6875
117.96984517181016	1355.0400390625	648421.375
313.9064791553074	1355.0400390625	643953.4375
224.80568048160941	1334.5	642536.25
382.21059582921976	1387.3599853515625	640681.1875
204.8417373644151	443.6000061035156	638764.25
204.876273897266	138.35800170898438	638607.1875
155.96716404333029	1366.6300048828125	637219.1875
159.13405676819175	240.24400329589844	635527.875
204.8762868903335	51.52980041503906	626657.4375
286.8067919689096	1338.43994140625	623794.1875
133.87516065403054	509.2070007324219	618464.125
206.8397239641436	511.7550048828125	618150.125
163.975377468353	1352.47998046875	613189.875
204.8762751490771	91.10060119628906	612489.9375
254.1519365499844	231.32400512695312	611012.8125
213.84215657125876	369.92999267578125	608119.375
201.18109278405504	223.4530029296875	602382.125
243.22815564096626	215.5240020751953	601396.125
213.84218447789635	401.5880126953125	600523.9375
130.02667387023587	543.593994140625	600383.5
133.87515939155807	576.302001953125	600263.625
213.84216440372307	173.802001953125	598883.3125
116.04735434673954	419.4429931640625	597050.3125
206.87450089409683	63.1067008972168	594678.0625
206.87450252307485	6.758689880371094	592802.125
161.08411208313635	1396.469970703125	592281.625
294.1832124168239	220.58900451660156	588719.5
340.207409807231	1360.1199951171875	587999.625
175.96203236867836	770.8510131835938	582567.3125
213.84216759304886	340.6619873046875	582205.375
204.87628201569404	1439.97998046875	579270.1875
133.87516199462053	478.9309997558594	578780.875
174.96477971984476	1024.0899658203125	578723.3125
169.98037145730373	1321.4599609375	573942.8125
139.0269682145879	1353.800048828125	573061.875
365.8966538441961	1353.800048828125	571727.9375
118.9451481662449	1361.5400390625	571473.0625
297.8054035127213	1348.760009765625	567435.6875
204.84173801946588	419.4429931640625	564509.75
127.02451815009235	263.12298583984375	556810.75
92.0106302254421	1311.2099609375	556104.1875
206.83971940377356	521.8469848632812	555513.1875
206.87450164428392	130.73300170898438	552564.1875
123.99529593157035	1365.3900146484375	545118.875
204.8762787323703	263.12298583984375	544686.375
204.84173248748652	514.2559814453125	543715.875
175.96203820160292	1423.510009765625	542746.5625
204.8417576202421	399.0329895019531	541751.9375
213.84216144214182	290.87701416015625	537092.9375
206.83972199630267	369.92999267578125	533915.8125
215.84015982473372	602.7769775390625	532362.8125
201.9523502640959	1351.239990234375	532220.875
298.25095378169044	213.03500366210938	532056.5625
96.9917864380648	1355.0400390625	531376.0
146.99087627043497	465.04901123046875	530060.6875
409.90636746770025	1355.0400390625	529575.75
126.90741298590302	419.4429931640625	528752.75
280.24020754546564	1356.31005859375	526545.625
206.83971034686496	321.5320129394531	522118.46875
213.84215726418986	527.0360107421875	521698.71875
204.84173967875614	325.3370056152344	521386.84375
348.89327392459097	75.89859771728516	520533.8125
204.84172849956454	590.1179809570312	520447.75
312.30309634261005	210.5449981689453	519913.9375
91.9783078575494	1246.699951171875	518296.0
175.96204263616488	807.72998046875	514257.375
207.05418380280736	1388.7900390625	511426.875
348.8932772219459	177.61300659179688	511296.9375
91.97830378208653	1296.9200439453125	507488.25
330.93212021330805	1357.550048828125	507367.0625
204.87628006678312	342.1059875488281	505597.15625
206.83972231430818	575.052978515625	504902.9375
117.01429506371346	553.6539916992188	504273.84375
293.77452814325727	1335.739990234375	504037.96875
206.83972135748607	271.93701171875	503888.625
207.0541862541637	1373.3199462890625	494635.4375
206.83973116268325	595.1959838867188	493093.84375
158.99644490753226	1355.0400390625	491124.8125
175.96201910013383	988.5150146484375	489981.21875
204.84174411374636	372.4840087890625	485082.53125
294.89847081304924	1357.550048828125	484262.90625
204.8762845999962	324.0830078125	483049.8125
257.09352786395834	1351.239990234375	480439.34375
207.05417757961115	1355.0400390625	480320.0
348.89331324016433	46.46310043334961	478866.03125
175.96201946268218	864.7000122070312	476894.5
348.8932855461744	96.21209716796875	473174.90625
348.89329083015417	14.488800048828125	471698.40625
97.9671269615014	707.4550170898438	470918.34375
354.2078866854566	1360.1199951171875	470142.28125
100.05223274051218	357.29400634765625	468238.3125
118.93599121275099	1183.5899658203125	466371.0
147.97328228294745	507.95599365234375	464841.28125
255.9140760210137	1352.47998046875	463376.09375
204.84173489066464	288.3699951171875	462896.1875
206.87449972711084	299.9100036621094	461666.28125
126.90744602595966	406.64801025390625	459932.46875
91.978307011951	1169.239990234375	458936.8125
326.31871029996546	210.5449981689453	456918.53125
133.87516480652232	638.0239868164062	456026.65625
242.07934056099828	1365.3900146484375	454719.71875
136.97996962107058	1357.550048828125	451448.15625
118.02663631308326	622.9340209960938	449058.75
204.876270897206	361.1029968261719	445838.78125
206.83972995753444	614.0999755859375	445193.90625
210.94162892173202	1353.800048828125	445122.8125
175.96202860994296	957.8900146484375	443146.15625
206.83972190511776	208.052001953125	440899.75
206.83975795351134	249.20700073242188	440227.46875
146.99087839648544	492.8219909667969	439792.9375
289.0652246747606	1353.800048828125	439147.46875
213.84216257397836	605.2739868164062	437410.6875
330.2772861186556	211.79200744628906	431010.40625
298.16046273119423	1357.550048828125	427481.96875
213.84216220944649	75.89859771728516	427302.84375
126.90750359714711	211.79200744628906	426384.03125
251.04407090953706	1384.8800048828125	425324.75
222.80789054488642	1334.5	424611.40625
233.93203197227717	1209.3399658203125	422894.65625
133.87515988220397	1333.260009765625	419014.40625
91.97830268329359	1035.7099609375	418806.03125
157.95145304407993	1358.8800048828125	416092.375
148.03725317242052	1360.1199951171875	415704.46875
284.8086215596713	1337.02001953125	415330.21875
137.9987085556622	1350.0	415230.25
100.05224203386254	268.1319885253906	414802.46875
134.07320135648223	1388.7900390625	414796.625
241.95280367938363	1355.0400390625	414072.59375
297.77041651127223	1334.5	411816.4375
289.065220612262	1369.239990234375	411247.90625
134.0732331745131	1370.47998046875	408206.34375
134.07320907106208	1370.47998046875	408206.34375
206.83973246165786	75.89859771728516	407232.0625
204.84172874304244	208.052001953125	405981.4375
313.9063225908519	1365.3900146484375	405306.21875
193.9187071516376	827.9739990234375	403257.59375
206.83975016068038	138.35800170898438	402834.875
126.90745728907811	390.1679992675781	402772.5625
204.84174144853978	140.8719940185547	402722.375
91.9783077114477	982.1740112304688	402389.28125
91.97830797387202	896.5809936523438	401943.15625
97.99187503827721	1419.75	401095.25
155.96712962513314	1383.6400146484375	400393.625
91.97829795025642	1314.969970703125	400376.40625
251.04400430856649	1364.1500244140625	399401.0
199.872393406171	1337.02001953125	399137.1875
92.01066911379745	1351.239990234375	399130.21875
206.8397254077082	96.21209716796875	398856.21875
204.84173750208095	177.61300659179688	397678.875
116.94064439165241	1358.8800048828125	397069.25
225.81089381981923	546.093994140625	396952.84375
372.87574904558494	1355.0400390625	395331.6875
233.9320375679776	1165.27001953125	394751.125
204.84174006975329	88.58799743652344	394452.53125
233.93203409429603	1256.8699951171875	393470.90625
91.97830923413278	819.1079711914062	389557.5625
161.08411382243276	1421.0	389291.90625
91.97830653799781	867.2150268554688	389158.53125
91.97830955214907	713.802001953125	389104.1875
206.83974594846856	665.8079833984375	385444.6875
126.90745779075493	334.3890075683594	385342.75
206.83970999701168	187.79100036621094	383079.96875
239.11582640270188	1364.1500244140625	381966.375
91.9783145997505	753.0089721679688	381854.6875
133.87516064622665	664.5579833984375	379845.78125
91.97831199262781	843.1619873046875	379642.09375
315.89349700934326	1361.5400390625	377774.65625
206.83973465836723	701.1500244140625	377235.96875
174.96478735656902	1075.969970703125	374854.125
123.04016388055022	353.5299987792969	372932.59375
133.87516316552984	446.10400390625	371534.09375
208.8374218448874	1335.739990234375	370020.78125
331.9294075777512	1360.1199951171875	368792.34375
272.23524221392285	223.4530029296875	367426.5
126.90747378645898	306.39599609375	366201.78125
255.92645843851525	1344.8199462890625	366053.28125
255.22805152312972	1355.0400390625	364364.15625
126.9074873453316	261.8290100097656	364022.375
148.03722798076117	1368.0	362709.25
91.97830761510453	675.905029296875	359651.3125
373.87320109825373	1355.0400390625	359417.09375
126.90747156833399	172.5469970703125	359013.3125
174.96477856031467	1210.5999755859375	358851.8125
126.90748375679148	279.5050048828125	357871.46875
352.22840835970464	1355.0400390625	356627.53125
91.9783087302612	663.3060302734375	355070.25
268.2402610071266	1352.47998046875	352558.65625
207.054166002751	1418.5	347535.25
234.93161135028558	701.1500244140625	346917.625
196.9468711799352	1353.800048828125	345790.375
338.2129277923916	1355.0400390625	344315.5
240.2091527718858	1358.8800048828125	343143.71875
315.89354156559017	1348.760009765625	343098.25
92.01067142475529	1384.8800048828125	343040.1875
224.80568091484668	605.2739868164062	342987.34375
92.01066389546415	1373.3199462890625	340829.53125
204.87627213027872	399.0329895019531	337970.0
126.90747492407307	153.5290069580078	337203.0625
204.8417486796814	46.46310043334961	335856.375
280.2402280885091	1387.3599853515625	333023.71875
157.95041974564816	1324.1400146484375	332134.09375
140.01437901454008	304.9580078125	331813.625
284.27157199336085	5.315690040588379	329939.9375
219.83549021334284	1337.02001953125	329593.8125
123.99529387839975	1340.9200439453125	327903.4375
104.01083924992966	644.364013671875	327762.8125
220.18279333380093	241.677001953125	325641.65625
279.9374415495072	1353.800048828125	325320.1875
213.14468753232282	240.24400329589844	324964.4375
284.27159491108205	378.8009948730469	323234.0625
252.95462338235197	1365.3900146484375	323052.25
126.90747896513291	145.8990020751953	322053.65625
177.94335548990873	1353.800048828125	320891.15625
226.80334955831776	1334.5	320871.0625
175.95423989678983	1353.800048828125	320300.375
206.87451871475307	399.0329895019531	320036.5
173.14977760947818	231.32400512695312	319949.9375
398.2338329942766	1370.47998046875	317814.53125
201.96031975192187	1355.0400390625	317030.75
267.1586133846965	1358.8800048828125	316060.6875
298.2871787131397	213.03500366210938	315244.3125
133.87515663625902	689.7540283203125	313886.34375
139.0269642761867	290.87701416015625	312641.34375
295.8956746060908	1353.800048828125	312040.3125
274.8904273666901	817.85400390625	310083.4375
195.875958241122	1414.52001953125	308023.9375
243.22807625929465	1352.47998046875	307901.0625
121.97958015155176	1339.6800537109375	307373.78125
244.24023434108432	244.20899963378906	306540.5625
386.18591200579004	238.9980010986328	306236.03125
214.1935181460372	1358.8800048828125	305273.8125
128.04737775902976	399.0329895019531	304216.75
368.3656369564917	208.052001953125	303855.53125
91.97831087064165	638.0239868164062	303208.0625
201.97265394896067	1353.800048828125	302325.3125
137.9772831974288	1351.239990234375	301748.53125
157.96233111684887	1386.1199951171875	301688.84375
207.17042105481735	236.5030059814453	301452.78125
134.07322086778137	1350.0	301285.75
226.19345545873568	216.80599975585938	300939.28125
207.8447069718815	548.593017578125	300748.78125
254.22476582314226	215.5240020751953	300100.21875
117.08708242267836	283.3529968261719	299958.53125
76.01548020097854	1362.9100341796875	299711.78125
253.10659284411594	213.03500366210938	298246.34375
166.02662368378185	597.6950073242188	296641.875
156.0092445957749	1355.0400390625	296438.3125
79.97364571686727	1384.8800048828125	295015.40625
226.1934894827249	1358.8800048828125	294405.125
201.02750140520075	219.3419952392578	294321.71875
146.99087063720114	553.6539916992188	293881.625
127.91230408969878	1352.47998046875	292110.0
135.99287650687214	1337.02001953125	291861.78125
220.97037954024796	1353.800048828125	290171.1875
333.9038077326965	1348.760009765625	288383.5
500.1570038764162	1355.0400390625	287505.1875
365.2781578557828	36.33430099487305	286272.84375
195.95963338668048	1340.9200439453125	285932.78125
126.90749043474756	63.1067008972168	281895.625
227.80864260274106	551.1209716796875	279148.15625
141.993434834254	1423.510009765625	278630.1875
150.0081922152232	333.1340026855469	278240.78125
172.11005544146633	276.99700927734375	277718.34375
99.03177543681396	1366.6300048828125	277636.0625
699.3028781302514	222.02000427246094	275492.9375
199.87240879582356	32.5265998840332	275258.40625
188.01441347578512	241.677001953125	274687.78125
229.212374483641	1357.550048828125	274344.28125
146.1307058523777	278.25201416015625	273397.125
251.04407178338408	1423.510009765625	273137.8125
92.04702590345767	519.302001953125	271937.3125
153.98544368530938	1325.3900146484375	271906.8125
133.8751619679204	214.2779998779297	271225.21875
257.93415069871395	1320.2099609375	270742.375
172.14643148686545	1350.0	270627.875
100.01584996746777	369.92999267578125	265485.90625
97.97684081228226	604.0260009765625	264939.40625
126.90747641757838	98.7249984741211	264592.03125
288.8050337771756	1338.43994140625	264118.0
219.97074455259494	704.948974609375	263770.25
139.97778025705247	1364.1500244140625	262788.9375
298.1604047291903	1375.800048828125	261996.84375
324.3030431505046	210.5449981689453	260810.015625
238.13187350790926	362.35699462890625	254821.0
134.0732180338928	1418.5	254688.8125
288.9189665285096	1352.47998046875	252812.96875
126.90751620287682	87.3323974609375	252503.5
118.06303523201336	375.0369873046875	252270.140625
238.13189118773673	399.0329895019531	252174.234375
135.87229224970196	1337.02001953125	252046.390625
185.0689052978283	1355.0400390625	251696.75
283.25923926728154	1362.9100341796875	251428.046875
97.99187288114919	701.1500244140625	248968.0625
157.95039870117387	1183.5899658203125	248629.15625
126.90750267916538	37.588199615478516	247719.875
205.05954863900217	294.718994140625	247557.71875
131.10272665712253	265.625	246008.953125
313.9065197775498	1375.800048828125	245646.09375
213.84216614267513	701.1500244140625	245386.234375
137.87054161581935	605.2739868164062	244346.203125
189.91276391796018	551.1209716796875	243485.0625
238.13187317841852	382.6059875488281	243277.671875
197.91043333873887	840.6069946289062	242364.390625
182.07916438986445	615.3489990234375	242189.578125
176.9616380202389	1366.6300048828125	241579.046875
283.25930528880815	1382.219970703125	241506.265625
170.85690831872142	1338.43994140625	240931.453125
317.7464898644037	549.8410034179688	239960.875
156.07872578134038	263.12298583984375	239216.640625
300.2665535779121	216.80599975585938	238866.578125
157.950398801196	1253.0899658203125	238675.90625
238.13186906417843	274.4909973144531	238367.859375
129.98785945695664	1322.8900146484375	237255.0
222.8078993316057	604.0260009765625	237233.078125
184.1463768961208	225.95199584960938	236700.21875
266.1552360965695	1427.300048828125	236232.484375
394.8699552135675	1365.3900146484375	233827.75
238.13187846459053	222.02000427246094	233787.546875
157.950465489006	751.708984375	232900.53125
125.99048033074125	1328.1099853515625	232834.296875
267.1586878436449	205.46200561523438	232533.109375
193.9187059665136	1183.5899658203125	232359.765625
255.8894147667301	1353.800048828125	232293.75
73.99980267831593	446.10400390625	231091.65625
294.18672599413816	204.20700073242188	230832.25
202.19345517348555	251.7480010986328	229088.5
176.96170067204235	1353.800048828125	227659.5625
179.05837128624376	353.5299987792969	225381.4375
157.9504331765264	793.801025390625	224373.296875
216.06358089948873	1361.5400390625	223740.359375
159.07181402982204	294.718994140625	223562.34375
92.02903863649247	339.4079895019531	222133.296875
105.0424910581931	659.4650268554688	221627.796875
157.1183767806378	238.9980010986328	221225.1875
142.09945804163655	247.95599365234375	220485.453125
115.94134014280881	1183.5899658203125	220060.734375
238.13188015124155	249.20700073242188	219044.53125
286.80681968169546	5.315690040588379	218929.9375
160.1099927508681	301.1610107421875	218416.578125
312.17619898746756	206.7570037841797	217845.09375
157.95041301600668	1024.0899658203125	217590.71875
102.98798830715373	1334.5	217294.609375
97.99528293780385	1328.1099853515625	217188.359375
219.97074160002734	972.010009765625	217099.375
219.97077234245512	731.4719848632812	216563.875
111.03205552368269	1370.47998046875	216275.359375
142.93107766240388	225.95199584960938	215968.25
157.9505279433922	692.2999877929688	214687.671875
119.01636628697595	1364.1500244140625	214403.421875
418.16309664787985	255.53500366210938	214361.796875
168.85884364968535	1333.260009765625	213619.140625
160.14637520424023	269.3840026855469	212949.203125
208.8727018084172	1409.530029296875	212896.0
225.88520095274993	1337.02001953125	211652.984375
238.1318771870578	301.1610107421875	211368.5625
271.22301374304504	216.80599975585938	210349.375
386.7032044823069	1335.739990234375	209975.84375
136.0372419397916	553.6539916992188	209222.09375
187.52574424595753	1368.0	208967.78125
103.07129867161433	336.8970031738281	208128.703125
238.1318750927725	231.32400512695312	207092.96875
209.94202135576884	605.2739868164062	205662.625
79.92566064681884	1350.0	205614.4375
238.13188644283252	264.3739929199219	205234.828125
211.9390252298496	1382.219970703125	204915.578125
157.95039350869513	1149.780029296875	203693.875
137.8705265606413	525.7830200195312	202927.53125
140.94549640383266	1366.6300048828125	202903.859375
393.7055842242447	1344.8199462890625	202838.859375
351.86792876758693	825.4229736328125	202391.75
139.02698482314463	1380.93994140625	202001.515625
138.031722056002	1347.3399658203125	200412.140625
238.13187874176697	78.4540023803711	200253.90625
157.95042176416212	857.0689697265625	200232.640625
201.95234907458095	1391.31005859375	199893.859375
128.08377131281773	263.12298583984375	199677.984375
116.94692961007267	1431.1099853515625	199464.984375
125.99868022452196	516.7589721679688	198243.140625
142.9929329127781	1364.1500244140625	198236.1875
445.20604704296403	1343.5799560546875	197964.75
155.0947258398889	1361.5400390625	197672.984375
274.8904193357298	1350.0	197590.359375
137.99869704277987	1384.8800048828125	197251.6875
326.19180858966735	205.46200561523438	196980.53125
226.80330672383454	604.0260009765625	195828.125
286.8067936820191	216.80599975585938	195654.875
144.0786469353399	348.427001953125	195034.796875
410.4126350144749	206.7570037841797	192110.671875
219.9707385687303	774.6599731445312	192066.28125
102.9880010987874	507.95599365234375	191890.234375
257.24368536839046	1436.1700439453125	190658.4375
197.94411932132348	1358.8800048828125	190315.65625
215.19679159508837	220.58900451660156	189978.5
219.97075408039507	994.85302734375	189149.71875
240.13638372543645	216.80599975585938	188849.234375
219.9707473089521	639.2760009765625	187918.015625
133.8751634478784	368.67498779296875	187511.859375
238.13187403856887	119.33499908447266	187291.390625
343.14211844906055	1351.239990234375	186687.109375
194.0426965598923	654.458984375	186491.9375
234.93161440433286	1421.0	183768.5625
215.05846919330781	249.20700073242188	181200.625
219.97073415583736	892.6209716796875	181164.171875
219.97074485234154	936.1099853515625	180940.5
172.11008148154363	210.5449981689453	180917.109375
238.13186349787512	6.758689880371094	180587.90625
286.80685687645763	241.677001953125	178766.09375
219.97073789515446	860.8839721679688	178308.875
95.04493409690845	298.65899658203125	177406.515625
283.25926966405393	214.2779998779297	175668.8125
250.15697375798473	209.2989959716797	174959.84375
185.06887443679724	1383.6400146484375	174071.71875
348.8932161836986	1333.260009765625	173276.546875
174.0164659329259	699.85400390625	172621.734375
235.94001770093652	1391.31005859375	172237.171875
151.97797833990097	1346.0999755859375	172214.171875
171.08964193441574	388.9150085449219	172018.125
166.04817647951293	256.7850036621094	171980.328125
234.93161222100252	887.5040283203125	171273.796875
219.97072620186526	821.6610107421875	171115.015625
210.0925829489371	211.79200744628906	169921.0625
241.2125807467888	215.5240020751953	169858.84375
392.91576537714684	1350.0	169645.53125
308.7686649488133	1343.5799560546875	169424.8125
313.30645739256204	211.79200744628906	168252.34375
219.9707466147742	1021.5700073242188	168247.5
238.13188197413012	462.5469970703125	167612.375
395.7033751740468	1343.5799560546875	167336.4375
286.07113606684544	208.052001953125	166294.34375
238.13184645011415	1183.5899658203125	166283.109375
214.0631508229619	304.9580078125	164984.65625
368.88935879938737	1318.949951171875	164956.296875
170.13072752309205	232.572998046875	163003.078125
271.2591840797203	215.5240020751953	162971.15625
186.08927012344267	264.3739929199219	162671.59375
137.87053348702327	566.2260131835938	162662.953125
384.7051925832391	1344.8199462890625	162134.171875
340.33429518739507	208.052001953125	161668.78125
176.96163322568304	1377.0400390625	161462.796875
195.94725045452174	694.8469848632812	161139.625
234.93159972322613	908.1439819335938	160513.40625
213.84216518887447	1390.030029296875	159444.96875
216.84444836213342	1334.5	158878.09375
295.18658481252396	219.3419952392578	158711.390625
81.92363399209641	1347.3399658203125	158650.234375
354.34999725796297	210.5449981689453	157282.421875
146.05794807996563	215.5240020751953	156730.703125
825.7326286220454	209.2989959716797	156123.703125
216.04020921995962	606.5239868164062	155405.28125
114.06811992217656	263.12298583984375	155209.15625
218.06132863703883	246.70599365234375	155122.3125
201.9646878126449	1334.5	154369.609375
135.98046987974035	640.5269775390625	153354.046875
228.13634958751166	240.24400329589844	153074.46875
219.9707453721401	1213.1700439453125	152988.859375
234.9316049740141	957.8900146484375	151435.78125
101.01113469659646	447.3559875488281	151351.359375
296.23516447131885	216.80599975585938	151346.203125
234.9316097788333	838.0969848632812	150702.515625
356.1753248112545	240.24400329589844	150274.171875
112.05245108498585	1377.0400390625	150001.015625
133.87515125185317	313.9639892578125	149781.125
133.87515985944444	172.5469970703125	148332.53125
238.13184077881434	1148.510009765625	148084.78125
299.7683689085988	1335.739990234375	147716.390625
137.8704556829787	1337.02001953125	147633.453125
238.08778119520022	232.572998046875	146986.21875
131.05825605129425	577.552978515625	146654.828125
160.11003364533656	352.23199462890625	145806.46875
238.13186315916076	1209.3399658203125	145630.5625
299.25435364010497	213.03500366210938	145461.5
315.73630316897544	1342.1600341796875	145395.390625
238.13184421972986	1317.699951171875	145389.703125
238.13185454831338	1197.7099609375	144791.78125
99.03175222293518	1410.780029296875	144287.53125
208.87271417881334	14.488800048828125	143800.921875
238.1318279987422	1030.4300537109375	143075.8125
221.9676773215333	1355.0400390625	141828.765625
268.2403939104169	211.79200744628906	141199.6875
295.14228509091095	205.46200561523438	140647.265625
166.04819944816686	231.32400512695312	140630.3125
407.9096901949693	1424.760009765625	139662.8125
238.13185801357912	1065.6199951171875	139263.65625
219.9707309870498	1164.010009765625	139253.71875
158.99641528567574	1395.219970703125	138377.8125
124.03544917198064	409.1499938964844	138287.078125
209.84295348548133	548.593017578125	138020.1875
234.9316025452163	982.1740112304688	137960.453125
255.15534283974645	231.32400512695312	137380.671875
219.9707333648855	1235.1199951171875	137352.5625
134.01348765301805	292.1719970703125	137202.90625
266.15523324324033	164.9239959716797	137128.4375
179.82265150359743	1334.5	136902.484375
181.040976806385	228.63900756835938	136635.0625
133.87517052505018	259.2829895019531	136428.765625
238.13185137256986	1127.6099853515625	136033.46875
166.04787823432395	585.1229858398438	135940.78125
238.08778610987707	250.45599365234375	134419.15625
187.16534859380263	227.38999938964844	133942.140625
158.09428947861886	288.3699951171875	133184.25
251.04410775754025	140.8719940185547	132759.171875
386.17312109502285	240.24400329589844	132696.4375
236.07196871030703	229.88900756835938	132684.265625
171.9500953865803	811.5369873046875	132593.390625
452.4597334823757	206.7570037841797	132572.359375
251.0440487953271	211.79200744628906	131900.78125
123.98289087760763	1355.0400390625	131390.609375
266.15527287532944	102.49500274658203	130823.9453125
238.13182520665893	1042.06005859375	130283.1484375
219.97075561885808	1073.43994140625	130152.3671875
178.09945116527075	240.24400329589844	128750.0859375
266.15527292998445	120.59100341796875	128665.3828125
79.9810522150756	1353.800048828125	128275.0390625
327.32181135815114	211.79200744628906	127945.8984375
99.03176709684756	1418.5	127729.703125
165.0097188242882	442.3489990234375	127683.515625
150.06806775351902	280.75799560546875	127119.703125
266.155254507282	10.716400146484375	127110.796875
198.125690991724	240.24400329589844	126908.203125
219.97074540380845	616.5989990234375	126619.0859375
310.1816954690708	206.7570037841797	126454.9375
310.2874256300501	209.2989959716797	126014.28125
137.87048061436104	636.7760009765625	125624.265625
251.0440778041853	96.21209716796875	124624.875
288.2300110291723	218.09500122070312	124496.171875
256.20399747325877	223.4530029296875	123857.2578125
238.13185441878605	1113.280029296875	123847.984375
133.87515128005822	282.0570068359375	123637.46875
214.84552911287932	1339.6800537109375	123124.6015625
326.19184946506573	1427.300048828125	122754.8515625
235.93995019375993	1426.010009765625	122556.046875
266.1552498876585	65.61810302734375	122511.453125
251.04407960037977	65.61810302734375	122436.296875
180.06350467993727	564.9769897460938	122350.953125
179.8810864988594	1338.43994140625	122222.8359375
157.9504384480619	554.9019775390625	121579.046875
296.777383128522	549.8410034179688	121334.734375
285.2749092664122	1421.0	120928.609375
139.9777625789063	1397.9000244140625	120251.6171875
175.0117297175007	244.20899963378906	120086.7265625
137.99869914101654	1409.530029296875	120056.2421875
118.01522338724394	553.6539916992188	119940.9140625
172.8551094681638	1334.5	118858.5234375
238.1318813251676	520.552978515625	118814.0
135.96851656747765	1035.7099609375	117953.921875
115.06334073795296	582.5880126953125	117932.859375
366.3498018747966	208.052001953125	117654.9296875
237.07544310545222	222.02000427246094	117592.0859375
316.81550218425826	1335.739990234375	117408.59375
199.1654490111001	222.02000427246094	117021.2109375
238.13191015470653	554.9019775390625	116795.1875
112.05244548181828	349.6809997558594	116688.5703125
181.87925571481065	1335.739990234375	116012.8359375
210.10223217218584	231.32400512695312	115949.2734375
166.04818302508974	215.5240020751953	115454.5546875
238.13184540540735	602.7769775390625	114803.9140625
133.87515582702366	140.8719940185547	114727.8046875
98.03656308413179	313.9639892578125	114663.75
192.06349078757597	557.3980102539062	114474.5546875
266.1154142879426	241.677001953125	114298.1953125
156.95431316869622	1422.260009765625	114274.2578125
159.01680819675937	703.697021484375	113962.203125
286.8068419303856	399.0329895019531	113848.921875
135.96852837786642	896.5809936523438	113743.6640625
613.8040641832106	1321.4599609375	113408.03125
298.7756903233046	551.1209716796875	112799.609375
179.8226444955516	626.6859741210938	112119.390625
201.95230154235253	1426.010009765625	111502.140625
214.15699901895837	237.7519989013672	111228.796875
297.92663487690805	1324.1400146484375	110273.3125
168.96812590027537	1333.260009765625	109909.3046875
287.24607093453	246.70599365234375	109890.0625
144.0786447898143	275.7439880371094	109678.8515625
114.06811096562444	293.4670104980469	108605.5390625
238.13183557711343	993.593994140625	107963.515625
224.1416180553804	218.09500122070312	107799.859375
170.0944025532926	271.93701171875	107456.109375
251.04407111131349	5.315690040588379	105573.28125
138.0316944751409	280.75799560546875	105427.8359375
382.38135621777	208.052001953125	104974.625
108.05746609094892	282.0570068359375	103884.71875
197.03244154944423	261.8290100097656	103714.6015625
286.2872538769036	234.0070037841797	103178.375
200.1414260298248	238.9980010986328	102910.453125
417.84930261886444	616.5989990234375	102736.203125
135.96853034899317	772.1500244140625	102291.09375
133.87515469841526	114.0780029296875	102072.8203125
243.18370359744597	255.53500366210938	101096.40625
311.7407261199261	1335.739990234375	100777.09375
130.0266634570745	701.1500244140625	100292.0859375
177.82467406556984	1334.5	100278.5703125
188.10500140069362	210.5449981689453	98904.53125
118.9451373879125	1427.300048828125	98863.671875
222.05632102881654	231.32400512695312	98791.5234375
417.849252472238	583.875	98773.9609375
238.1318405066581	922.1279907226562	98721.1484375
265.16773745133094	231.32400512695312	98124.328125
194.05789390069503	279.5050048828125	97894.1640625
238.13191580188123	736.530029296875	97754.390625
315.1474860342507	1343.5799560546875	97721.2890625
115.90901371585252	1333.260009765625	97272.6796875
79.97364941835677	1421.0	97226.03125
164.0838191952961	264.3739929199219	97080.8671875
209.1053031046378	246.70599365234375	96935.3203125
197.06175243393452	593.947998046875	95982.53125
238.13181504422275	658.2139892578125	95677.3359375
448.1420031094103	216.80599975585938	95247.34375
507.83946668046826	1325.3900146484375	94356.1328125
150.1044663169017	254.28700256347656	94262.109375
133.87516669964603	87.3323974609375	94185.2421875
174.08920961590889	297.4079895019531	93823.640625
319.744688296339	548.593017578125	93742.328125
271.8960674095193	833.0369873046875	93705.2890625
142.09945176680742	260.5360107421875	93384.3984375
238.13185212715857	704.948974609375	93093.265625
146.0691609849494	635.5250244140625	93079.859375
238.13185028889296	758.0239868164062	92438.1171875
78.97635068457546	689.7540283203125	92169.3359375
99.9739437153415	604.0260009765625	91635.375
119.94929040914828	707.4550170898438	91612.6640625
319.86540575889563	853.2999877929688	91521.875
257.9341432513172	959.1480102539062	90996.4921875
180.06346850031306	605.2739868164062	90953.859375
417.8493894506615	660.718017578125	90705.3984375
408.3970385708295	205.46200561523438	90380.0625
100.05223153877022	209.2989959716797	90364.8359375
102.04276410426539	1410.780029296875	89573.4296875
382.706894506449	1334.5	89179.53125
351.8679824340151	1353.800048828125	88701.8984375
110.05921364969628	414.24798583984375	88586.796875
310.1816393713693	1424.760009765625	88105.8125
122.07317804876395	270.6390075683594	88023.453125
90.94798053480855	1329.3499755859375	88018.0625
417.84942455302786	627.93798828125	87999.8046875
156.01718730547762	492.8219909667969	87997.984375
219.9707760263484	597.6950073242188	87957.265625
235.95214781756826	1335.739990234375	87696.03125
328.33442254696996	229.88900756835938	87609.078125
133.0375334124234	616.5989990234375	87563.171875
257.9341314599996	878.6619873046875	87356.5546875
494.5065843918918	205.46200561523438	87035.1484375
134.95203158215878	1409.530029296875	86816.8828125
238.13180655285575	674.6539916992188	86763.6640625
105.04251433771425	727.6669921875	86602.7109375
115.02691725799102	354.78399658203125	85507.15625
186.12568712956056	256.7850036621094	85083.03125
396.39686652108463	205.46200561523438	84606.9453125
78.97636768358385	718.81201171875	84477.6171875
337.33488088647283	231.32400512695312	83184.921875
257.93419563175195	852.0430297851562	83157.8984375
417.84940002260134	643.114013671875	82948.3203125
106.02652095149517	539.7689819335938	82742.4453125
199.01174413038135	302.4119873046875	82346.390625
130.02668888409286	442.3489990234375	82332.828125
223.87098847482864	1335.739990234375	82085.4375
105.04248182117819	1078.8699951171875	81567.4609375
131.06634324158347	376.2919921875	81514.6328125
161.97216465854615	1335.739990234375	81503.4375
278.1915228980315	209.2989959716797	81202.328125
95.01610619308728	1387.3599853515625	81037.40625
388.70112488766085	1335.739990234375	81014.5
270.25595083616247	1433.6199951171875	80873.3515625
211.93906068717115	604.0260009765625	80487.875
133.8751672377468	69.4302978515625	79974.109375
139.97777039163398	1408.280029296875	79952.0546875
210.1621416946501	232.572998046875	79840.140625
378.9902533097182	1432.3599853515625	79698.0078125
257.9341768963538	1056.5400390625	79694.703125
238.131840929479	802.6690063476562	79204.1953125
173.113429366481	258.03399658203125	79087.7109375
188.17778145163945	256.7850036621094	79024.6796875
238.13187040948822	890.06201171875	78759.2890625
113.05893243175547	499.114990234375	78412.21875
257.9341801321257	1029.1700439453125	78313.84375
143.9245195430856	1340.9200439453125	78308.7265625
212.17785874088526	220.58900451660156	77469.0390625
262.0430687436936	237.7519989013672	77427.0
103.07130002305253	320.27801513671875	77153.296875
78.97636378582493	627.93798828125	76022.3828125
144.92289511197842	1334.5	76014.0078125
130.0460342743576	485.2309875488281	75919.5859375
181.82036849903315	1334.5	75879.8671875
238.13185123234035	859.6270141601562	75793.859375
257.93414087200176	1231.1400146484375	75365.8828125
226.15703069367777	236.5030059814453	75281.3515625
354.207889442156	205.46200561523438	75264.8046875
257.93412842880514	1013.9299926757812	75248.21875
173.069040471738	1365.3900146484375	75161.5625
142.06305378056803	576.302001953125	74848.4375
236.14133265412735	227.38999938964844	74662.484375
352.3341067911773	208.052001953125	74561.46875
316.74154466543604	548.593017578125	74520.0
112.0273146679213	495.322998046875	74384.0625
257.9341818854073	1072.1300048828125	73939.609375
257.93416419078346	1139.4200439453125	73758.5703125
219.95725182246707	1322.8900146484375	73332.8046875
238.13184169237468	833.0369873046875	73315.0234375
135.05457015187278	473.8890075683594	73075.9609375
194.06149056174343	232.572998046875	72775.015625
239.89920823757802	844.4180297851562	72406.296875
178.0477996208473	542.3060302734375	72387.9296875
169.03760407773802	283.3529968261719	72361.4375
210.83519151418534	1338.43994140625	71941.8828125
272.2353392060449	1371.9000244140625	71578.8984375
257.9341751176012	1106.3699951171875	71159.6796875
268.1510669352636	204.20700073242188	70809.140625
307.7761643690654	551.1209716796875	70412.984375
411.4158533927259	206.7570037841797	70401.03125
190.95014530291567	1324.1400146484375	70166.671875
257.9341995750385	1117.0799560546875	70162.4609375
410.115474583734	256.7850036621094	70007.8125
87.03972494587921	392.76300048828125	70004.140625
236.1777319513177	236.5030059814453	69875.4453125
366.28126226829613	32.5265998840332	69226.84375
184.10997134621067	302.4119873046875	69187.15625
387.1894165380035	238.9980010986328	68940.6953125
402.1680172278449	246.70599365234375	68385.453125
100.05221969339088	88.58799743652344	68223.4453125
89.05542789432661	387.6610107421875	68025.53125
100.0522312907111	38.88629913330078	67997.6640625
100.05222888721588	38.88629913330078	67997.6640625
213.84216748339358	855.81298828125	67910.1640625
424.4281181519896	205.46200561523438	67828.8359375
314.74374779487164	554.9019775390625	67725.25
158.99641866430687	1412.030029296875	67622.234375
179.9827247835528	1337.02001953125	67573.6328125
114.99621707825523	265.625	67480.59375
257.93414915044684	1174.3299560546875	67297.4453125
242.1155785542207	266.8789978027344	67167.3515625
298.0546534981246	229.88900756835938	66996.125
180.0787757341983	256.7850036621094	66741.6875
186.8756020804852	1330.5899658203125	66624.34375
230.22463767813107	246.70599365234375	66430.0234375
186.1256813939692	242.96200561523438	66429.90625
190.84494298211982	1330.5899658203125	66359.4296875
188.10501294630336	497.8630065917969	66214.1875
280.2401615447258	1431.1099853515625	66163.09375
257.9341900357574	1192.47998046875	65700.0390625
260.0297267482946	638.0239868164062	65697.859375
366.2813065829987	38.88629913330078	65332.17578125
180.01890983165129	334.3890075683594	65248.5859375
138.05666535048337	303.70599365234375	65185.40234375
133.87515445352665	19.887300491333008	65099.38671875
114.04296979716962	1410.780029296875	65068.671875
264.11085600230905	358.5480041503906	64942.87109375
234.93160276366245	1256.8699951171875	64914.05078125
146.09433597658494	275.7439880371094	64461.390625
132.07869699530403	293.4670104980469	64418.22265625
78.97635007392543	834.291015625	64317.125
450.4438334992174	205.46200561523438	64077.5390625
257.93419624597374	1204.1099853515625	63980.35546875
126.03170475975776	350.93499755859375	63696.87890625
150.03171622796094	315.2179870605469	62635.12109375
200.0508308091503	236.5030059814453	62603.5703125
100.08861863472005	240.24400329589844	62553.921875
188.14129823333073	231.32400512695312	62522.59375
118.0630093789811	467.552001953125	62272.51953125
393.8704514299656	1414.52001953125	62237.66796875
200.1049593486629	276.99700927734375	61960.4140625
243.22001192539972	246.70599365234375	61893.91796875
100.05223019239763	110.30799865722656	61789.71875
100.02704222382779	1413.27001953125	61766.421875
141.99361367759715	511.7550048828125	61666.75390625
216.06340830091153	253.03900146484375	61631.14453125
228.17275359574361	225.95199584960938	61608.7578125
238.0511870562665	284.6080017089844	61462.51953125
221.18624752038383	238.9980010986328	61236.921875
152.0473901213344	324.0830078125	60781.14453125
124.953705559228	1183.5899658203125	60414.83984375
257.934164298897	1256.8699951171875	60409.90234375
100.9328018667402	821.6610107421875	60408.5703125
298.1603502700846	206.7570037841797	60313.23828125
240.06711964487008	236.5030059814453	60143.1640625
106.96761828689853	235.2550048828125	59929.3125
229.80603362761687	549.8410034179688	59376.11328125
124.9781722870313	1326.6800537109375	59111.67578125
273.23861189794815	223.4530029296875	59001.421875
536.5533347096261	202.9530029296875	58920.83203125
152.06848914387712	591.4110107421875	58770.70703125
234.93161982575384	1285.3499755859375	58630.578125
125.01461771137349	641.8200073242188	58216.75390625
251.1522573963503	235.2550048828125	57817.34375
305.77782238609547	546.093994140625	57794.1484375
535.8220244926038	1436.1700439453125	57365.203125
338.21288175882165	204.20700073242188	57298.9609375
104.08359784474418	345.9159851074219	57239.3359375
284.19871392348676	223.4530029296875	57126.484375
146.09431865300022	256.7850036621094	56795.51953125
138.05916808727864	303.70599365234375	56679.15625
105.04248883557807	887.5040283203125	56669.1015625
362.88433637096705	645.614990234375	56567.44140625
84.03191095209233	1414.52001953125	56332.59765625
169.96893114751518	1329.3499755859375	56264.83203125
292.2073340152937	208.052001953125	56057.08984375
78.97634110658284	808.9840087890625	55938.3046875
370.38124745787	228.63900756835938	55912.6328125
78.97634671735126	858.3699951171875	55874.1796875
240.0748082737848	208.052001953125	55821.6953125
152.03343938143917	539.7689819335938	55675.78125
105.04248595137199	878.6619873046875	55582.1328125
202.12066109144314	256.7850036621094	55560.95703125
226.12061319742799	250.45599365234375	55557.328125
117.04262945064168	1410.780029296875	54668.18359375
79.96579599475058	1379.699951171875	54487.65625
352.86778355484677	827.9739990234375	54453.25390625
117.04261280395055	523.281005859375	54283.4296875
135.0249610682877	649.3690185546875	54185.8125
119.94004293115474	829.22900390625	53948.609375
173.00759531049064	1343.5799560546875	53720.19140625
419.1661952827537	256.7850036621094	53620.140625
343.14222898445627	11.973299980163574	53168.46875
257.7915747320266	1333.260009765625	53129.63671875
385.8833764744494	906.885009765625	52957.640625
547.8317134009061	1325.3900146484375	52915.95703125
206.16722914806763	1390.030029296875	52204.54296875
480.49026171399396	206.7570037841797	52123.46484375
163.98981974990696	228.63900756835938	51936.2109375
202.15697538639012	236.5030059814453	51932.5546875
203.09475722357914	292.1719970703125	51679.04296875
92.0621930777699	302.4119873046875	51533.890625
288.05948303512025	552.3679809570312	51241.67578125
378.9901780006163	1408.280029296875	51233.57421875
190.0672239630427	585.1229858398438	51220.87890625
169.00469451964238	645.614990234375	50918.52734375
78.9763531660695	953.927001953125	50803.8515625
529.8142918434411	643.114013671875	50781.0625
77.01883915649057	378.8009948730469	50777.08203125
297.9266259726047	1064.3499755859375	50632.4140625
513.8396657963414	1438.72998046875	50291.94140625
134.9990786189181	388.9150085449219	50179.06640625
272.00245169949557	231.32400512695312	50156.08984375
142.03788905309344	1410.780029296875	50020.41015625
136.01062687513215	289.62298583984375	49831.53515625
174.08919727352418	532.083984375	49829.4453125
259.9495118625493	1329.3499755859375	49676.984375
79.92564282897496	626.6859741210938	49586.83203125
343.1422351828793	42.65299987792969	49489.453125
394.38124917444037	206.7570037841797	48840.59765625
159.9326790726278	853.2999877929688	48839.75
197.91775165265435	388.9150085449219	48837.05078125
173.9998032580449	1344.8199462890625	48733.12109375
398.8666726768836	1303.43994140625	48358.55078125
214.0227136260616	240.24400329589844	47628.34765625
174.12562782978367	246.70599365234375	47495.30859375
186.97867645446047	1322.8900146484375	47436.15625
156.07873915953493	292.1719970703125	47182.7734375
188.846834189099	1329.3499755859375	47162.58984375
241.03370497428327	307.64898681640625	47158.80859375
449.181730165882	240.24400329589844	46909.84765625
250.03959883249928	232.572998046875	46761.37109375
127.06333401827949	1410.780029296875	46552.75
297.926701988124	1042.06005859375	46495.17578125
92.94618938001491	1329.3499755859375	46450.484375
134.09434233347417	316.5159912109375	46189.00390625
125.97906077269104	1330.5899658203125	46135.4296875
138.0680999904141	319.02398681640625	45943.02734375
173.99878437290255	268.1319885253906	45887.58203125
146.11930601441293	255.53500366210938	45807.1796875
412.42825722327996	225.95199584960938	45782.6875
132.07866959235065	434.7489929199219	45713.1484375
89.99494607275344	703.697021484375	45649.14453125
377.73770799911836	1343.5799560546875	45386.8046875
168.15145068983048	240.24400329589844	45187.3203125
297.9266819662418	1216.949951171875	44925.56640625
407.8760709758685	1437.4300537109375	44863.76953125
313.1530318651317	204.20700073242188	44814.91015625
314.0861132940541	214.2779998779297	44699.71875
218.0371611047809	605.2739868164062	44501.73828125
140.01121987766226	275.7439880371094	44466.89453125
168.04555342227334	232.572998046875	44449.765625
297.92668319154586	1160.1300048828125	44413.078125
195.05316432625017	364.90899658203125	44337.90625
160.89412882550477	507.95599365234375	44099.109375
78.97634995085946	1031.739990234375	43864.515625
629.7785683539831	544.844970703125	43823.41015625
295.9188562948973	1340.9200439453125	43459.890625
196.14647398133644	229.88900756835938	43187.09375
245.24360347448064	242.96200561523438	43171.4140625
297.92666495924357	1131.6400146484375	43118.38671875
187.04819997766683	443.6000061035156	42956.12890625
213.08257504973164	246.70599365234375	42786.62890625
100.93290420362487	225.95199584960938	42758.98828125
154.09941206666042	256.7850036621094	42592.76171875
215.06653865179692	307.64898681640625	42577.73046875
214.83947805895588	1339.6800537109375	42518.69921875
219.97082264831764	576.302001953125	42311.28515625
372.16965697532595	240.24400329589844	42292.53515625
188.8737875611473	1326.6800537109375	42153.578125
229.167853502077	268.1319885253906	41876.78125
453.46253198438444	204.20700073242188	41745.3359375
240.09985772000442	1428.5999755859375	41546.796875
176.14135257941433	290.87701416015625	41228.21484375
295.190180132003	202.9530029296875	41117.87890625
192.13629374560483	283.3529968261719	40674.98046875
128.0837855563378	1436.1700439453125	40591.51953125
334.0844339502425	246.70599365234375	40290.3203125
127.96022588321297	388.9150085449219	40280.43359375
343.1422392280127	31.2726993560791	40140.16796875
297.9266722685088	1258.3199462890625	39956.69140625
272.2715835443402	235.2550048828125	39394.8125
318.14676126927924	204.20700073242188	39230.42578125
466.475331289422	206.7570037841797	39208.65234375
141.04264505936456	271.93701171875	39179.65625
484.9539442896762	1434.8699951171875	38603.08984375
397.3998574147715	206.7570037841797	38452.3828125
251.94742163149976	1320.2099609375	38354.66015625
155.07083099680455	241.677001953125	38324.00390625
185.1497709948473	227.38999938964844	38060.1328125
105.04248508849031	1259.5799560546875	37594.78125
153.04268701198265	275.7439880371094	36868.61328125
231.86374305476647	225.95199584960938	36598.25390625
225.86919525375768	1328.1099853515625	36565.15625
117.05072541453076	419.4429931640625	36495.9140625
102.04275826515504	385.1549987792969	36478.21484375
195.0895773990593	246.70599365234375	36390.85546875
214.97125915944486	266.8789978027344	36326.3359375
212.10505007083253	266.8789978027344	36276.61328125
522.5373779277492	204.20700073242188	36275.7890625
317.7340954799103	1337.02001953125	35968.44921875
87.00091469460655	1321.4599609375	35955.7421875
203.1968320839268	253.03900146484375	35804.86328125
84.0319178804744	383.9020080566406	35713.00390625
143.93126381320656	224.70199584960938	35447.72265625
291.0956163084445	543.593994140625	35440.3046875
152.97313984211348	1318.949951171875	35404.14453125
418.9828466292389	1431.1099853515625	35201.55078125
155.9499108206977	1334.5	35100.37109375
254.09026988283486	205.46200561523438	35037.34375
138.0680860069004	264.3739929199219	34949.03515625
666.2214779461084	682.2050170898438	34782.55859375
132.053505361283	639.2760009765625	34679.578125
492.4907087407298	202.9530029296875	34559.8203125
231.02030259328382	356.03900146484375	34443.84765625
367.3536220246438	206.7570037841797	34150.234375
297.92667311032915	1229.8399658203125	34100.12109375
224.14141621944202	240.24400329589844	33662.82421875
249.06726377340902	271.93701171875	33631.015625
230.94269861212155	1318.949951171875	33490.7109375
150.05286923213836	536.0170288085938	33394.1171875
99.96301421905885	707.4550170898438	33385.19140625
110.03672415435605	264.3739929199219	33283.8984375
134.95199000158692	382.6059875488281	33264.42578125
243.07455797127702	232.572998046875	33029.671875
168.07870032157285	264.3739929199219	32933.25390625
152.01436733337576	383.9020080566406	32599.359375
269.05695674372043	227.38999938964844	32326.720703125
155.04439688973798	561.1900024414062	31940.22265625
159.9418332735842	707.4550170898438	31919.017578125
78.97635204280598	1233.8599853515625	31895.580078125
238.0512021139202	238.9980010986328	31703.859375
83.98171943302377	1321.4599609375	31655.21484375
159.9660478801935	1318.949951171875	31479.1171875
300.7737344980275	552.3679809570312	31308.634765625
128.00289411678517	293.4670104980469	31127.1171875
146.12182739491902	254.28700256347656	30955.771484375
666.7860849414902	1320.2099609375	30901.822265625
147.98702398222127	1324.1400146484375	30844.044921875
255.8893693438656	629.1890258789062	30669.263671875
131.02997432022136	543.593994140625	30629.623046875
236.17778581771577	1408.280029296875	30600.33203125
249.98061191328813	287.114990234375	30368.953125
75.03955607467311	438.54901123046875	30321.052734375
387.17703620452903	238.9980010986328	30156.123046875
148.07367079429355	381.35101318359375	30113.716796875
188.07981150918866	494.0719909667969	30104.244140625
182.02501478544832	352.23199462890625	30084.302734375
176.0507925702042	274.4909973144531	29720.197265625
128.01097229145196	363.6549987792969	29573.744140625
357.91125409733377	1322.8900146484375	29460.10546875
187.97944436807606	1320.2099609375	29255.150390625
218.11555323722132	265.625	29142.763671875
165.98543455074014	1325.3900146484375	28749.98828125
451.84877745371654	1308.699951171875	28628.865234375
73.02386837117433	554.9019775390625	28348.03125
318.7395265678636	547.343017578125	28221.48046875
454.8573850022014	1317.699951171875	28088.802734375
119.99983531085415	227.38999938964844	28064.814453125
134.0579492305481	443.6000061035156	27946.044921875
286.21453412444924	229.88900756835938	27904.494140625
382.886821035949	1311.2099609375	27899.2265625
147.13412640125335	280.75799560546875	27751.48828125
78.9763522841845	1290.5699462890625	27264.62109375
134.93817450854303	1333.260009765625	26630.76953125
151.0245681093503	487.77398681640625	26270.8046875
113.02256237184164	1408.280029296875	26034.91796875
201.0638801523472	409.1499938964844	25869.58984375
184.0406328131299	372.4840087890625	25564.33203125
647.7948132187057	1312.4599609375	25464.1484375
181.9887176274139	327.88800048828125	24247.15625
120.07864427613758	439.8009948730469	24091.861328125
131.0581975584846	1409.530029296875	24091.798828125
504.83047182174005	1307.4000244140625	23830.01953125
84.02069740125454	587.6199951171875	23735.693359375
238.06759366035124	220.58900451660156	23613.673828125
186.91877064887643	1086.510009765625	23006.462890625
274.0688774624963	506.6659851074219	22469.673828125
126.03166099252691	1331.8399658203125	22357.255859375
88.00184241178152	1314.969970703125	22075.1796875
159.13728394485273	236.5030059814453	20699.224609375
221.18588093149097	1414.52001953125	20168.97265625
357.1790194752971	238.9980010986328	19445.943359375
246.1468051004585	251.7480010986328	19016.140625
114.0429434319972	643.114013671875	18543.189453125
179.94125491167978	644.364013671875	17700.078125
564.5844757306637	205.46200561523438	17396.0859375
371.8883847951674	778.6110229492188	17060.74609375
200.01442976646024	274.4909973144531	16832.76953125
286.9036202661123	689.7540283203125	16778.546875
225.91370857981966	704.948974609375	16704.927734375
208.97792432646074	703.697021484375	16551.28125
146.9780410670324	509.2070007324219	16546.80078125
189.99372017044504	292.1719970703125	16502.083984375
361.97973746011024	228.63900756835938	16202.9755859375
173.14978277066993	1427.300048828125	16114.5078125
161.14979364125136	268.1319885253906	16106.7783203125
176.14117767455085	258.03399658203125	16104.97265625
273.1363969467456	1428.5999755859375	15826.5869140625
201.18109389116506	1434.8699951171875	15731.0498046875
116.00891804014772	458.7510070800781	15654.267578125
170.0804687668902	383.9020080566406	15450.5625
287.9975150286156	232.572998046875	15049.8154296875
229.95936626536897	1318.949951171875	14948.65625
127.06334945536771	750.4110107421875	14624.6748046875
404.8749700783273	1437.4300537109375	14593.048828125
283.10549995891074	162.41000366210938	14194.1357421875
349.3944637698904	1317.699951171875	14185.2255859375
181.07723778136148	759.280029296875	14027.0634765625
129.087111477523	261.8290100097656	13303.6611328125
349.2829871287483	38.88629913330078	13252.1689453125
214.03027868249603	264.3739929199219	13109.9267578125
309.77404648657813	552.3679809570312	12820.375
230.1155440473144	253.03900146484375	12484.6533203125
300.12102692350106	358.5480041503906	12310.9765625
159.06431717494365	559.8980102539062	12206.7763671875
170.98387337585734	1317.699951171875	12054.8408203125
669.7696861935408	581.3389892578125	11802.9140625
143.02187350478212	372.4840087890625	11404.6708984375
312.1209564069211	101.23699951171875	11230.0791015625
359.90763020503607	769.594970703125	10857.2109375
248.0897512667983	496.5740051269531	10822.447265625
244.0692967662441	504.1629943847656	10778.337890625
127.0996886353138	390.1679992675781	10291.5546875
647.7885797687704	942.4509887695312	9938.4462890625
227.9614848253685	97.46869659423828	8962.7939453125
130.0378744312493	159.8979949951172	8448.6982421875
496.84166364288876	1019.010009765625	7141.76611328125
115.96542346973396	1273.9100341796875	6723.3359375
