	RT	Std3_1in10
116.01091435638065	554.6480102539062	5.2731056E8
95.98760585447617	1356.3900146484375	2.95408736E8
189.06375377725408	586.4940185546875	2.45055488E8
123.03194171916581	408.8370056152344	2.1000416E8
127.91227804947742	548.2960205078125	1.82431936E8
256.2403482955278	214.6820068359375	1.21782376E8
130.02659714837466	623.2119750976562	8.6050592E7
173.96520240680667	1356.3900146484375	7.103604E7
115.94356240171548	1370.6700439453125	4.8958108E7
196.0583036959257	595.4010009765625	4.86126E7
284.2715432669381	212.1959991455078	4.7261772E7
72.02050262938229	554.6480102539062	4.427372E7
205.0595472713976	294.73199462890625	2.7392E7
117.0142761697894	554.6480102539062	2.3728992E7
117.94178009205643	1360.18994140625	2.3439302E7
159.07180511594007	294.73199462890625	2.2592014E7
257.24369156566894	214.6820068359375	2.1317458E7
129.04261612304776	487.57501220703125	2.0801092E7
117.94177660757418	1385.1800537109375	1.9961106E7
190.0671156805732	586.4940185546875	1.9418732E7
77.9767768902437	1356.3900146484375	1.8694268E7
144.11503366981572	253.21299743652344	1.7133242E7
189.91276708124872	548.2960205078125	1.710759E7
136.0525025590684	302.2879943847656	1.6931018E7
96.98718710778377	1357.6300048828125	1.6538889E7
124.0352926648583	408.8370056152344	1.3873752E7
147.03543223220507	370.8399963378906	1.284079E7
97.9844794501605	1356.3900146484375	1.2358637E7
86.03633104021132	623.2119750976562	1.233477E7
173.96519122743706	695.208984375	1.2220977E7
216.0402096448005	606.833984375	1.2134094E7
256.2403542290857	1360.18994140625	1.1964787E7
131.05819338798682	576.3870239257812	1.1830767E7
233.93205324348122	1356.3900146484375	1.1673622E7
173.96518793461257	665.5390014648438	1.1086196E7
285.27492009636285	212.1959991455078	9200716.0
173.96518515268232	751.5570068359375	9164657.0
244.08821150846322	443.50799560546875	8986179.0
324.0451106440013	534.4149780273438	8943712.0
216.84499632636977	543.1610107421875	8150894.5
195.91316151775888	819.4010009765625	7850454.5
216.8449683649612	558.5430297851562	7825266.5
122.0368009580656	354.4930114746094	7298464.5
135.9804627988185	1353.8800048828125	7121753.5
155.954726447979	1357.6300048828125	7032529.0
174.96479070846536	1355.1199951171875	7008589.0
173.9651903396143	844.8469848632812	6718901.5
116.08372759052175	279.6610107421875	6488326.5
317.74650823204036	550.7730102539062	6290253.5
305.9602397560781	545.6400146484375	6220849.5
158.13069546310777	240.4770050048828	6010368.0
117.93582809986525	821.8920288085938	5890712.0
115.94356756745418	308.7449951171875	5823454.0
204.87627225963058	1360.18994140625	5721459.0
206.87448794114414	1360.18994140625	5696902.5
215.84012774152166	1346.1600341796875	5283363.0
284.2715711999761	1360.18994140625	5034888.5
213.8421513202623	1346.1600341796875	4987353.5
131.02989798306652	623.2119750976562	4908206.0
130.02666434544795	452.3299865722656	4878870.5
115.94356010469212	384.8819885253906	4778535.5
175.96203722068904	1355.1199951171875	4639699.0
260.0296885828502	635.9299926757812	4537831.0
195.91318719016388	1353.8800048828125	4522207.0
200.17773208254067	223.65899658203125	4511527.5
311.909588280792	1355.1199951171875	4484638.5
407.90978517723414	1360.18994140625	4367423.5
228.2090859308271	218.49600219726562	4366494.0
209.9419804423986	1353.8800048828125	4348944.0
124.90931712679783	1331.9300537109375	4225826.5
118.0152005623034	553.4080200195312	4161261.25
144.04226530120224	354.4930114746094	4124239.75
123.97487850288113	1328.199951171875	4087841.0
178.04780261284728	452.3299865722656	4027644.25
129.04263275753365	586.4940185546875	3909215.0
218.03712889425574	606.833984375	3751477.5
218.843207050711	541.8839721679688	3744342.75
218.84317702827073	558.5430297851562	3734261.25
130.09945229338294	263.2820129394531	3641747.25
102.06791553571419	338.0530090332031	3640737.5
124.9093136320277	601.6640014648438	3581421.0
171.05325148719206	586.4940185546875	3569112.25
141.99343539000355	1355.1199951171875	3566857.5
136.95238033090914	1362.949951171875	3472241.0
268.0551795982432	655.3140258789062	3375974.25
197.06167402819725	595.4010009765625	3352552.5
180.06345083568453	609.3280029296875	3187121.25
329.93255889907374	1364.1800537109375	2995855.5
665.1257003169834	536.906982421875	2976150.5
130.0266257089474	564.9639892578125	2965282.25
97.99187117954502	1356.3900146484375	2918774.5
141.99344603865632	1366.8399658203125	2840150.5
195.94721866764667	1355.1199951171875	2825330.75
117.9417850759404	307.49700927734375	2745035.25
95.99993268619097	1369.43994140625	2696995.0
172.1464380072882	232.6269989013672	2695148.75
88.05204346179684	388.6629943847656	2684859.75
94.04158081166915	295.9700012207031	2682757.75
242.2247457047782	217.20700073242188	2679080.25
95.99996062191447	1378.6199951171875	2640207.75
173.97751218925325	1364.1800537109375	2638622.25
207.05523719043177	294.73199462890625	2626070.75
145.07390724397965	586.4940185546875	2620503.75
211.04574039337317	586.4940185546875	2615840.0
251.95506070090124	1368.199951171875	2611076.25
191.06771002115892	586.4940185546875	2609771.75
173.96517718624744	581.5460205078125	2589919.5
319.7447302719444	548.2960205078125	2585514.75
130.02664736087058	539.39501953125	2574524.25
293.8989504266569	1360.18994140625	2544144.5
173.97753899998537	1374.550048828125	2488484.75
90.03132998616171	610.5770263671875	2472414.0
123.97481733705499	407.60198974609375	2435111.5
206.0629287324857	295.9700012207031	2424295.5
123.9748954138949	430.77301025390625	2412489.75
156.1151299971262	237.98599243164062	2395720.25
123.97488794832631	443.50799560546875	2386820.25
172.00425110337042	1353.8800048828125	2349601.5
219.9707458783859	1357.6300048828125	2331268.5
212.1413869916081	240.4770050048828	2308962.5
266.1552178077928	1360.18994140625	2291914.75
123.97489042332914	463.66400146484375	2281473.25
79.04157635679803	408.8370056152344	2265980.5
254.2247070415868	1360.18994140625	2252767.0
196.05830302723587	570.1339721679688	2237490.0
136.95238130679434	1382.52001953125	2233957.25
171.0718768354989	295.9700012207031	2156836.0
178.04776062456153	564.9639892578125	2140678.25
195.87597476124034	309.9939880371094	2134045.0
257.2436910498017	1361.6099853515625	2120748.75
117.94178039671675	383.635009765625	2113561.0
195.8759553999556	1338.52001953125	2111883.25
195.91319906754438	1385.1800537109375	2096323.0
123.97489768748844	486.3290100097656	2085272.25
287.9192965155792	1353.8800048828125	2070603.875
197.87416778643143	1338.52001953125	2008844.625
234.93161059787425	1355.1199951171875	2007651.625
86.03635817607434	394.9289855957031	1974525.5
197.87418005522	308.7449951171875	1953723.125
206.16712941499765	236.74000549316406	1948100.125
211.9389818807586	1353.8800048828125	1947541.875
228.209084503589	1360.18994140625	1936164.5
371.8761553723862	1360.18994140625	1923367.125
123.97489752437002	507.9159851074219	1879096.375
217.83770758354498	1346.1600341796875	1848890.625
178.04780610312807	539.39501953125	1848796.625
76.01548095010106	379.8450012207031	1819601.625
117.94178320434729	42.63240051269531	1817534.0
90.03134360170732	339.3039855957031	1793031.375
133.87514436543677	605.5859985351562	1767511.5
95.99998983475716	1342.239990234375	1765807.25
445.65052477898234	550.7730102539062	1751015.5
612.1527302211791	655.3140258789062	1739463.875
250.06241823665496	587.7639770507812	1720315.375
257.2436958514228	1375.7900390625	1707193.625
114.03172496991857	609.3280029296875	1683193.625
306.0762472959646	656.56201171875	1677362.5
282.2558922298925	1360.18994140625	1676947.375
258.2471551580096	213.43899536132812	1656505.25
73.02386202377895	554.6480102539062	1624564.125
123.97487521756167	546.8790283203125	1602546.5
233.9320220500069	649.0260009765625	1600950.375
123.97489275444575	531.8870239257812	1591769.875
204.87628418640134	308.7449951171875	1585552.125
236.96095612501983	1348.8199462890625	1581352.125
277.8064574707399	550.7730102539062	1578988.125
145.11841859951258	253.21299743652344	1569143.375
126.90742875372563	1331.9300537109375	1565679.625
160.07523260423838	295.9700012207031	1563273.5
266.1552355307077	205.875	1537838.0
214.19344821921072	220.98399353027344	1536047.5
163.96755986538568	1331.9300537109375	1500364.75
151.969765656503	1326.780029296875	1484202.5
114.99619620682199	267.0639953613281	1478197.75
148.037207195711	589.0009765625	1468323.125
117.93593382808201	1347.4000244140625	1432508.875
97.9766803750288	1365.4200439453125	1430256.375
137.05577769151165	302.2879943847656	1412526.125
295.80714858909573	1360.18994140625	1369522.5
90.03133676510889	469.95599365234375	1355631.5
126.90741137553545	601.6640014648438	1354539.625
206.874494047287	308.7449951171875	1334664.75
698.2996679063333	222.22999572753906	1334522.625
155.9547171058303	686.2269897460938	1333416.125
295.8071549581619	1351.300048828125	1321905.625
123.97489258065063	1434.02001953125	1311724.5
97.97669625410364	1360.18994140625	1298312.125
138.9478539170139	1364.1800537109375	1294827.875
304.77286762961523	1347.4000244140625	1290149.25
134.0215442105583	649.0260009765625	1281134.125
123.97489372726201	1418.9200439453125	1280878.625
196.91315282766016	815.6589965820312	1271955.5
196.07362351451118	283.4540100097656	1271318.875
213.84216742043958	1353.8800048828125	1266387.5
208.87268662957698	1348.8199462890625	1264264.0
133.01977508905745	433.46099853515625	1263272.25
242.22475176605954	1358.9599609375	1255682.0
130.0630581543106	377.343994140625	1252341.0
160.03721179835415	452.3299865722656	1248523.875
186.16203980162152	226.197998046875	1234251.125
175.96945664950883	1356.3900146484375	1225517.0
155.95471068290735	665.5390014648438	1224577.875
235.92894168069972	1357.6300048828125	1217063.75
116.94693313634289	1368.199951171875	1206039.0
447.64740455283373	550.7730102539062	1195234.25
74.03618712698757	438.49200439453125	1180504.0
326.19177309864824	1361.6099853515625	1143324.625
99.95615587556877	300.94500732421875	1139653.875
140.01434999277822	1356.3900146484375	1135428.125
147.9732788731409	1346.1600341796875	1133653.25
215.84015855561202	311.4280090332031	1128968.25
123.97487542738801	620.6409912109375	1127807.625
285.2748822387134	1356.3900146484375	1117618.875
200.1777457278597	1355.1199951171875	1104375.375
135.87245173961801	604.3400268554688	1102984.0
130.04598966284865	487.57501220703125	1102958.625
148.0372334715391	524.4000244140625	1095071.125
228.20911501429399	1378.6199951171875	1089800.625
293.8091671095019	1360.18994140625	1087548.375
72.02049860154847	610.5770263671875	1079012.125
161.06763075015715	294.73199462890625	1072081.375
393.87068220699837	1360.18994140625	1062570.5
270.2559478067192	214.6820068359375	1059757.125
123.97488319808438	642.405029296875	1058466.75
78.97635486399051	1364.1800537109375	1047344.75
117.93594019754647	1407.4200439453125	1043754.3125
240.2091163059482	214.6820068359375	1034752.5625
312.90910397885085	1356.3900146484375	1031089.875
179.97028594186094	1353.8800048828125	1029811.875
123.97489464525457	1405.989990234375	1025905.125
130.02665907585435	488.8599853515625	1018284.0
312.1762617337177	1364.1800537109375	1015127.4375
156.0423485011071	351.9549865722656	1000887.875
196.05831788112158	626.9520263671875	999731.1875
198.16207557045306	223.65899658203125	997070.25
213.84216022433975	308.7449951171875	993238.375
119.05828747724003	638.6110229492188	992521.5
147.05320223256268	585.2589721679688	987186.375
123.97488731865342	692.5250244140625	978252.75
249.08732836590852	1358.9599609375	969962.0
270.21962923221804	218.49600219726562	966832.6875
123.97489562733101	663.0380249023438	966034.125
162.052865372686	609.3280029296875	959549.4375
206.83971703681817	1338.52001953125	958549.25
314.9385346325087	1350.06005859375	956751.1875
125.03610859922534	408.8370056152344	953633.375
97.97682277435332	604.3400268554688	951498.5
204.8417140535276	1334.5899658203125	933088.8125
408.90939424647235	1355.1199951171875	927531.6875
155.9547221840617	758.0089721679688	919391.4375
123.97488270432372	720.7319946289062	918959.875
325.04898731838523	534.4149780273438	913451.75
245.09161401494495	443.50799560546875	907451.9375
146.99089116868518	214.6820068359375	906159.5625
108.94136368517154	1330.68994140625	899448.8125
206.8397251362727	311.4280090332031	892722.75
123.97488472057802	745.2059936523438	892387.0
123.97488837488748	768.4580078125	890518.4375
293.8989355249516	1377.199951171875	879509.9375
148.0372141218355	536.906982421875	873147.8125
286.2781761073739	213.43899536132812	870434.1875
165.04272253188637	1368.199951171875	869977.75
285.2749179591637	1373.31005859375	869781.125
302.24597916283386	215.92599487304688	863676.75
155.95471142100064	785.0280151367188	857346.4375
123.97487979348342	818.1530151367188	852204.875
217.0433940316434	606.833984375	850754.3125
95.03678813679485	408.8370056152344	848656.5
174.9647958013282	1423.9200439453125	841661.8125
161.08411032091027	1386.4200439453125	829666.6875
191.96238518003858	1325.489990234375	829556.625
289.9163197330213	1352.5400390625	827323.9375
204.87626961567977	217.20700073242188	826838.4375
273.89054217458624	1353.8800048828125	820673.5
174.05282622973462	1360.18994140625	815103.9375
124.02909169356181	408.8370056152344	812797.375
204.84174286049839	308.7449951171875	810887.0625
206.83971092209612	482.5849914550781	804827.875
666.1287669466393	536.906982421875	797175.1875
196.91318819770237	1353.8800048828125	793553.9375
326.04094786559745	534.4149780273438	790722.25
123.97490485141904	1377.199951171875	789770.125
302.7748922496541	1346.1600341796875	789211.75
156.95433162105905	1360.18994140625	787341.4375
146.9908317611721	406.364013671875	784970.5625
133.87515831045798	523.155029296875	783455.25
306.77082128889606	1347.4000244140625	780790.875
123.97488398475875	846.0969848632812	780568.25
225.81091701109858	538.1510009765625	779965.6875
310.1816378128602	1358.9599609375	773930.5
206.87450290907486	213.43899536132812	760320.0625
206.87449536715673	321.6600036621094	753599.375
188.07977945368575	493.89898681640625	751250.625
102.03150804999109	609.3280029296875	748317.625
123.97487948280155	875.3480224609375	746968.75
204.84172084527714	483.8330078125	743601.4375
178.04780511138705	481.3349914550781	743309.6875
326.19182923172673	1374.550048828125	738245.8125
108.94136517263011	590.2410278320312	734988.875
313.90637714317995	1355.1199951171875	732924.5
160.03717898195703	566.2100219726562	726613.6875
207.05416717511847	1371.9100341796875	724126.4375
123.97488132987036	896.2340087890625	721928.3125
117.96983883194646	1352.5400390625	721473.8125
132.0308062805256	621.9299926757812	713986.75
157.9622789844038	1356.3900146484375	713142.3125
102.03152265674895	435.9570007324219	711252.0
449.64622431114407	549.5339965820312	709467.25
97.98447222084961	616.8989868164062	707515.3125
118.94513941469452	1365.4200439453125	706579.75
161.1052509639728	523.155029296875	701735.375
198.06243106712853	595.4010009765625	700754.0
148.03890714485587	370.8399963378906	697417.0
190.06115488271377	585.2589721679688	697107.0
206.83970108844338	594.1580200195312	695696.75
196.05836755237263	523.155029296875	695574.9375
229.21224264029797	217.20700073242188	695400.75
123.97488020759262	943.77197265625	693851.25
78.01340459002873	336.79998779296875	693027.375
155.9547139716237	907.6279907226562	690216.4375
215.840133572059	599.1329956054688	690028.5
132.06156334469264	577.635009765625	689830.75
204.8762753564863	8.219510078430176	682333.375
340.20738917531577	1365.4200439453125	682225.0625
170.10559083677126	523.155029296875	673199.25
254.1519598901957	231.37899780273438	673136.625
108.94135400737431	570.1339721679688	672243.6875
103.06316724143191	586.4940185546875	669065.5
123.97488784230362	971.7750244140625	664969.4375
294.18675193523336	1365.4200439453125	662635.8125
213.84212375555006	599.1329956054688	662176.5
406.6790372700342	549.5339965820312	661815.375
160.03721716029978	540.6389770507812	659414.375
156.04234721219666	321.6600036621094	653997.0
79.97365433337521	1365.4200439453125	650983.625
123.9748826038337	1052.510009765625	650673.5
133.8751409004887	580.3040161132812	650489.75
266.0701328073252	443.50799560546875	648818.8125
245.14503690150306	222.22999572753906	647708.6875
332.5627370056909	536.906982421875	647641.125
201.952370161302	1361.6099853515625	645678.0
204.8762742895828	349.4100036621094	642681.0
224.80563212794843	603.093017578125	639405.5
174.05283984341045	442.2619934082031	632935.1875
75.99772067550944	338.0530090332031	632704.25
133.87517248887056	295.9700012207031	632099.3125
382.2106456076967	1360.18994140625	626114.9375
294.89850368583	1360.18994140625	626065.0625
161.0511044862539	327.9549865722656	625826.625
204.84168715710064	580.3040161132812	623562.3125
96.99177919370585	1361.6099853515625	620670.625
294.1831413912146	220.98399353027344	619493.3125
282.2559795229833	212.1959991455078	618737.75
185.99296619365896	665.5390014648438	614829.8125
127.02453822812387	261.9939880371094	613000.6875
255.91409721367125	1355.1199951171875	612991.5
155.9671619204479	1365.4200439453125	612903.0
204.87627838226715	1436.5799560546875	612510.8125
409.90647846451816	1358.9599609375	611368.375
116.04733711811929	419.14599609375	611034.0
149.03126666721565	369.59100341796875	609745.5625
270.2559567466274	1356.3900146484375	609165.5
158.99640583555345	1356.3900146484375	608729.5
381.7214342637707	548.2960205078125	606452.5
305.7778245854375	548.2960205078125	606390.25
295.7724571827045	1335.8399658203125	605272.625
408.6772733641048	546.8790283203125	602250.9375
128.90461482798926	1342.239990234375	601191.25
155.95471585661366	1013.9400024414062	598309.625
382.2106021037494	1389.0799560546875	598042.0625
207.84462964455668	562.2930297851562	596888.9375
174.05283558261985	523.155029296875	594873.5625
203.11590590412305	523.155029296875	594056.8125
169.9803751203954	1325.489990234375	592522.6875
382.2107035463767	1370.6700439453125	591750.5625
201.18109351165802	222.22999572753906	590835.8125
106.02652018113149	539.39501953125	590545.5625
139.02698602454805	1355.1199951171875	583070.5625
265.9051721588619	554.6480102539062	578939.8125
159.13406297047757	239.2310028076172	578612.9375
233.94429154698233	1360.18994140625	577497.8125
174.05282809720163	463.66400146484375	577265.8125
123.04015355706082	354.4930114746094	576659.0
91.97830664667266	1267.5899658203125	569911.0
123.97487649871321	1215.8299560546875	566211.8125
196.05834161934078	539.39501953125	565269.625
297.80537590677443	1348.8199462890625	564661.875
209.94196920668116	604.3400268554688	563428.875
138.94786119665727	1394.4200439453125	563108.375
354.20780451055856	1360.18994140625	552747.125
280.2401557864294	1357.6300048828125	551739.75
123.97487816951924	1182.47998046875	551168.625
100.0522399326046	358.24200439453125	549442.75
289.0653017523671	1366.8399658203125	547948.5
252.10327480540028	214.6820068359375	545951.875
312.3031058679876	209.70599365234375	539891.4375
159.12594826250165	521.8729858398438	538251.125
204.84167587142838	619.39599609375	536770.25
210.94163064359424	1353.8800048828125	535836.375
123.97488073016484	1132.0699462890625	533308.6875
298.2510067772565	214.6820068359375	529821.875
286.8068242332576	1339.760009765625	528574.3125
699.3030126064368	223.65899658203125	527913.6875
206.8396971630812	639.8599853515625	527282.0625
100.01585071882612	452.3299865722656	526719.875
87.03969063085574	623.2119750976562	525995.1875
257.0934811706346	1360.18994140625	525511.4375
137.87049850250608	604.3400268554688	523282.3125
123.97487724219583	1142.4100341796875	522970.25
157.95146884116198	1356.3900146484375	522925.0625
225.8108202417203	564.9639892578125	522734.03125
163.97538637228683	1353.8800048828125	515292.09375
119.05829170746013	523.155029296875	514960.46875
133.87515395424148	1346.1600341796875	512811.28125
243.05918053959613	610.5770263671875	512351.53125
128.90461297827684	601.6640014648438	510703.28125
250.0395886382179	231.37899780273438	506912.90625
330.932137295791	1365.4200439453125	503567.625
307.77605926622607	553.4080200195312	503251.65625
224.80565874527682	1344.9000244140625	500072.0625
204.84171066143284	647.593017578125	499071.0625
196.94683472654947	1355.1199951171875	495212.0625
305.777757493095	554.6480102539062	493384.59375
116.94064169847994	1365.4200439453125	493299.5625
326.3187036537175	209.70599365234375	492847.0
286.80686425099384	309.9939880371094	492021.34375
134.0732066063575	1389.0799560546875	491570.71875
91.97830965596695	1013.9400024414062	488943.65625
227.80860012628168	538.1510009765625	485008.1875
91.97830735378191	923.1619873046875	483733.53125
199.8723888905928	1338.52001953125	482967.40625
97.96713222961021	706.5560302734375	481005.03125
206.8397058582	666.7899780273438	479993.875
382.21061942849553	1398.510009765625	475645.46875
101.95324651296298	300.94500732421875	475254.75
169.05748489187297	1378.6199951171875	474395.40625
311.9096097632081	1395.6600341796875	473750.53125
136.9799764778043	1352.5400390625	471688.65625
298.1604128037114	1358.9599609375	470730.625
359.0720603599603	287.24700927734375	469766.375
251.04400385709712	1356.3900146484375	468305.96875
91.97831201454653	847.3480224609375	468220.375
123.99528525431391	1382.52001953125	467681.15625
175.95423658472342	1368.199951171875	466447.34375
151.02452517129802	486.3290100097656	462840.09375
372.8757029426608	1356.3900146484375	460512.65625
132.04224017867548	610.5770263671875	460091.4375
199.87240230892542	308.7449951171875	459861.34375
185.97497413758998	557.1240234375	459819.40625
91.97831059388369	774.77001953125	456950.03125
91.9783085636437	867.7269897460938	454707.53125
177.94330830460564	1353.8800048828125	450825.78125
152.00852540724594	623.2119750976562	449802.625
91.97830661106154	808.0819702148438	448679.375
306.5779163780171	655.3140258789062	448045.28125
117.08709000715997	279.6610107421875	446857.40625
207.8446853008814	538.1510009765625	441589.5
145.0375361233706	379.8450012207031	441574.09375
232.02203324931676	554.6480102539062	441021.6875
163.0303991354886	415.0790100097656	438551.375
186.0295350579899	604.3400268554688	438115.90625
135.87248447789838	526.8939819335938	437402.75
284.8086542373116	1343.6600341796875	437033.71875
121.97959933690326	1377.199951171875	436053.1875
222.80788236538146	609.3280029296875	432727.59375
743.1396145300838	544.4019775390625	432665.3125
281.05780823975255	285.9540100097656	432164.3125
146.9908216939698	555.885986328125	432080.375
218.04032113433573	594.1580200195312	430174.9375
293.7745730487353	1339.760009765625	430032.71875
168.06500992295216	1358.9599609375	429418.875
306.96359736949614	550.7730102539062	427290.84375
91.97830772715764	691.2750244140625	427073.34375
204.87617516406377	408.8370056152344	426866.78125
243.22811336008604	214.6820068359375	426516.0
128.90462748486405	523.155029296875	426379.15625
251.04404728910646	1383.93994140625	424842.53125
204.84173923235025	668.0800170898438	424309.25
559.0720817615028	600.3800048828125	422602.1875
137.99868761339445	1356.3900146484375	422410.46875
613.1559395442955	655.3140258789062	417503.0625
352.2282701879922	1357.6300048828125	417175.15625
133.87514437852914	625.7039794921875	413666.84375
295.77245818688044	309.9939880371094	412469.8125
120.04223785097061	609.3280029296875	412449.46875
148.03722588227077	654.0670166015625	412184.59375
498.10929670832036	670.5800170898438	411807.6875
206.83972033595617	688.72900390625	409302.1875
207.05416699102716	1407.4200439453125	408429.1875
485.88672314318126	1355.1199951171875	405903.84375
255.22812699861512	1360.18994140625	405504.59375
92.02903619973782	343.1470031738281	404611.40625
193.9187081281412	831.9650268554688	403782.96875
78.01340130733016	438.49200439453125	401124.0625
126.90752979884087	224.906005859375	400852.59375
116.94064438547707	1379.8599853515625	396671.71875
267.1585619538309	1361.6099853515625	395041.65625
290.0372404311912	655.3140258789062	393876.0625
118.02659983518873	623.2119750976562	391959.625
100.05226227004597	265.77398681640625	391794.34375
138.94785327322074	1407.4200439453125	387707.28125
279.93736290005484	1351.300048828125	385387.15625
265.116184837007	521.8729858398438	385321.625
204.84171580576194	674.5609741210938	385123.40625
174.05280230192312	581.5460205078125	383895.71875
331.9294298663215	1360.18994140625	382959.53125
135.87241292828216	295.9700012207031	382871.3125
146.13071125891207	279.6610107421875	380291.71875
352.07658058515676	273.3580017089844	380050.8125
206.83972969970506	711.7869873046875	379677.5
126.90750174355759	241.72300720214844	377408.8125
268.24025988563295	1358.9599609375	375745.46875
687.1077754697912	535.6599731445312	374463.03125
104.01081772758575	643.8400268554688	373596.375
206.87442562506413	405.1260070800781	373462.90625
235.9400115046965	1352.5400390625	373206.84375
208.83739343517706	1335.8399658203125	373168.4375
315.89344400039187	1379.8599853515625	371434.65625
272.2352406887881	222.22999572753906	371365.0
126.90753614830751	289.73699951171875	371135.0625
195.95966091985662	1346.1600341796875	369641.0
246.08400142909204	444.7539978027344	368033.40625
139.02697134085426	290.97900390625	367802.21875
297.77040236694324	1338.52001953125	367381.5625
330.2772833102351	213.43899536132812	366668.03125
150.05275714026158	609.3280029296875	365160.09375
174.05281167750482	589.0009765625	363982.625
295.89582427729044	1358.9599609375	361970.4375
99.97392232837426	604.3400268554688	360444.1875
233.02761981490545	586.4940185546875	360416.75
204.84172385712023	691.2750244140625	360273.21875
121.97959362882729	1346.1600341796875	359604.0
243.92325217697646	552.0479736328125	359120.84375
284.8086359641415	308.7449951171875	357522.53125
222.80791294892168	1335.8399658203125	357325.6875
148.03725107098924	1358.9599609375	356039.9375
195.8759413340538	1437.8699951171875	355118.96875
373.8731044334742	1355.1199951171875	352892.71875
296.777335903995	562.2930297851562	352395.59375
228.20910967344938	1397.0799560546875	351716.9375
296.7774679363009	540.6389770507812	351633.125
234.9316047371147	692.5250244140625	349073.03125
91.97830068130199	584.02197265625	347518.125
241.95285295989788	1352.5400390625	346249.625
92.04702925728252	519.3820190429688	344432.34375
175.99336466438947	265.77398681640625	343630.0
315.893490644188	1351.300048828125	343455.625
126.90753791386027	258.24798583984375	342616.75
226.80327495965625	604.3400268554688	341361.125
216.06353850084864	536.906982421875	341071.90625
226.19343232860328	218.49600219726562	339938.15625
214.02454310113566	563.7169799804688	338909.8125
187.5257151222985	1369.43994140625	338710.15625
213.1447050289069	240.4770050048828	338539.09375
118.01748491875578	555.885986328125	335482.4375
169.01741764776946	372.12200927734375	334728.21875
125.03854175695028	407.60198974609375	333125.28125
201.02748408395715	219.74000549316406	333111.78125
155.95471594191	1258.550048828125	329095.3125
115.94135511149511	818.1530151367188	328176.78125
253.95196970787762	1361.6099853515625	327782.34375
172.14645213156092	1348.8199462890625	326181.71875
176.96165166806838	1361.6099853515625	325209.5
208.87270392930637	309.9939880371094	324314.0625
251.04406627517355	1427.760009765625	323255.15625
295.80728923128	1393.1700439453125	321655.8125
431.8425487861833	1362.949951171875	321289.75
136.0524954243745	243.00799560546875	321098.5
298.77554116963245	561.0499877929688	320263.875
285.27495084226024	1410.0999755859375	319991.40625
115.99713526871123	267.0639953613281	319804.71875
365.27813853014595	41.379398345947266	319188.0625
139.9777729161968	1360.18994140625	318870.71875
195.07429597170113	626.9520263671875	318515.4375
206.83971581096694	737.4609985351562	318005.46875
204.84171223849856	723.4609985351562	317006.875
226.8033690023608	1342.239990234375	316014.40625
206.05865352881347	294.73199462890625	315925.40625
327.1951565643647	1360.18994140625	315297.875
166.04823890517338	258.24798583984375	314973.1875
131.10274266786206	265.77398681640625	314395.25
613.8046584371516	331.75201416015625	312804.28125
197.874207088146	1377.199951171875	312563.125
298.2872815285641	213.43899536132812	312369.59375
163.03039059672503	472.5	312283.1875
613.8046212872699	146.42799377441406	311714.15625
613.8045764298433	146.42799377441406	311714.15625
127.91234181497053	1358.9599609375	310677.65625
168.0649619562349	1426.4599609375	310173.8125
269.05893249864243	655.3140258789062	310066.15625
207.05419552724186	544.4019775390625	309942.0
394.8699761997499	1360.18994140625	309930.625
100.01582795886948	562.2930297851562	308874.625
261.0330695404362	635.9299926757812	308871.59375
135.99288571313332	1341.0	308797.1875
211.93899714073282	604.3400268554688	308540.46875
255.92650710770448	1378.6199951171875	308451.6875
166.02660594825892	597.8889770507812	308220.28125
137.9772734246014	1360.18994140625	307162.28125
249.5889755779085	1355.1199951171875	306965.8125
274.890416138292	814.4119873046875	306770.25
279.93739826967544	1365.4200439453125	305044.09375
613.8045149946303	157.85299682617188	304802.5625
219.83546124983985	1344.9000244140625	304208.28125
386.1859110172863	237.98599243164062	303790.25
128.04733603448105	398.67498779296875	302243.65625
613.8046790538929	93.2427978515625	301759.09375
174.05281290768454	645.0900268554688	301075.65625
179.97032454747367	1387.8399658203125	300991.0
157.00436677244633	1360.18994140625	300952.75
99.03176290040506	1364.1800537109375	300763.28125
179.0511803306661	452.3299865722656	300514.75
153.98545044658215	1319.06005859375	300493.03125
324.30311825719417	208.46099853515625	299951.78125
384.7400665815758	1362.949951171875	299686.34375
195.87596221419034	1412.5899658203125	299634.25
270.0510522850294	654.0670166015625	297634.53125
194.02488767495367	623.2119750976562	296610.25
174.0528062064595	619.39599609375	296208.375
160.14641994484768	268.3110046386719	295520.9375
207.05411453773937	557.1240234375	295453.78125
288.9187583849854	1353.8800048828125	295353.0
125.9904759404523	1331.9300537109375	295311.8125
169.07392829953014	641.1539916992188	295002.625
415.85225124788434	1351.300048828125	294532.59375
275.1193325205172	432.2099914550781	294016.0
613.8046235926216	308.7449951171875	292759.96875
197.87419001333475	1412.5899658203125	292512.1875
155.9547079155384	581.5460205078125	292499.28125
133.87516015200416	700.2130126953125	291586.03125
128.9046183104239	435.9570007324219	291025.15625
236.07202817113395	220.98399353027344	290958.96875
398.2337472027107	1361.6099853515625	290890.625
197.01811557721427	526.8939819335938	290820.9375
368.36556625654936	208.46099853515625	290668.59375
138.03171959496638	1353.8800048828125	289682.28125
157.11841041611183	237.98599243164062	289121.375
132.04226678603754	368.3420104980469	288864.125
216.06348329611043	561.0499877929688	288747.65625
309.10617229863874	575.1409912109375	287951.59375
338.2130263713088	1355.1199951171875	287811.78125
613.8046214336596	6.776509761810303	287567.6875
128.08377095069366	264.52801513671875	287167.625
240.20911504059666	1365.4200439453125	287065.21875
174.05282044907554	687.4769897460938	286786.6875
173.14978703960045	231.37899780273438	286735.03125
141.99342978703402	1412.5899658203125	285572.25
135.87238949151444	1338.52001953125	285529.25
244.24023717514908	243.00799560546875	284863.5625
613.8046270623998	278.4100036621094	284790.9375
207.17045373525875	236.74000549316406	284276.625
613.8045622737909	391.15399169921875	283817.4375
613.8047077246932	344.4010009765625	283400.96875
298.77572007248165	539.39501953125	283215.65625
613.8046469519802	51.49399948120117	282586.5625
613.804551581313	31.26569938659668	282448.3125
613.8046508987242	71.73570251464844	282407.4375
240.0239542832174	646.3410034179688	281778.90625
613.8045815247079	180.61300659179688	280403.34375
293.77459104920536	308.7449951171875	279408.96875
613.8048139913384	209.70599365234375	279247.46875
119.01857437411985	553.4080200195312	278096.34375
307.0905572997911	487.57501220703125	277622.4375
205.09507135874443	521.8729858398438	277397.625
384.73993510909514	1350.06005859375	276401.15625
382.2105705123218	1346.1600341796875	276266.0625
188.0143960289602	241.72300720214844	274743.6875
144.07865780813728	350.6610107421875	273945.1875
174.0892252706887	307.49700927734375	273928.375
145.04564985658723	354.4930114746094	273214.1875
203.09817063161705	243.00799560546875	272845.53125
150.008192678711	326.7049865722656	271117.0625
118.06302222076346	374.6579895019531	270020.4375
225.88520340142435	1339.760009765625	268088.71875
100.01585128022603	369.59100341796875	267580.6875
185.94531195946132	1365.4200439453125	266949.40625
219.0404514284125	606.833984375	265971.53125
174.05281576784222	737.4609985351562	262510.625
217.83769403202507	597.8889770507812	261855.765625
117.96984695457446	1375.7900390625	261002.03125
230.0791185240207	1366.8399658203125	259931.234375
175.06674358353675	284.7040100097656	258290.71875
170.85689061116307	1339.760009765625	257642.71875
200.02979033941088	452.3299865722656	256629.96875
297.77038416417764	308.7449951171875	256525.875
197.9441013958794	1356.3900146484375	255636.53125
349.09871836484774	523.155029296875	254947.9375
208.05870442708607	293.4939880371094	254745.421875
219.9707317681536	722.0269775390625	253093.0
174.052807641787	747.7540283203125	253084.40625
131.02993718036518	452.3299865722656	252841.125
156.07874973958928	263.2820129394531	252817.84375
302.2459494431766	1370.6700439453125	252135.03125
74.02476201995793	553.4080200195312	251810.921875
254.22474171494176	218.49600219726562	251263.21875
160.0735866615971	348.1579895019531	249283.25
142.99292916002844	1353.8800048828125	248870.71875
195.94723376524206	1423.9200439453125	248854.296875
137.99286281215385	554.6480102539062	245792.28125
123.99527075565499	1253.4300537109375	244855.109375
254.00399746386498	554.6480102539062	244339.703125
295.80716167826614	309.9939880371094	244306.453125
116.01094662234387	649.0260009765625	243685.265625
131.96458521384056	1353.8800048828125	243484.15625
172.05658665889948	586.4940185546875	241873.953125
151.97796908758315	1350.06005859375	240721.875
209.8428555637548	562.2930297851562	240304.234375
418.163062150729	254.45899963378906	238863.453125
203.0440184340717	354.4930114746094	238660.984375
343.1420083509148	1351.300048828125	238633.640625
128.9045139955717	406.364013671875	236329.578125
392.91552124865177	1350.06005859375	235839.875
137.94382665931005	1358.9599609375	235441.21875
160.10998900391942	302.2879943847656	234941.546875
95.04494604659862	297.22198486328125	234914.015625
329.16289915171075	1355.1199951171875	234852.28125
215.05844580532013	249.4320068359375	234106.140625
231.01776265631818	370.8399963378906	233933.40625
172.11006344533533	258.24798583984375	233517.015625
128.9046330766179	308.7449951171875	232208.109375
138.03170088940843	278.4100036621094	232095.375
255.22805934561703	1386.4200439453125	231936.9375
288.8050979158062	1338.52001953125	231371.75
132.0422499537401	386.1719970703125	231060.328125
181.06687806186525	610.5770263671875	230187.375
445.20592539820365	1347.4000244140625	229605.0625
190.9162076870416	549.5339965820312	229542.140625
174.05282099828173	719.47998046875	229295.375
195.07428973155055	580.3040161132812	228178.03125
133.87516355829504	218.49600219726562	228136.453125
109.98594453264761	287.24700927734375	227304.421875
133.87505118271096	407.60198974609375	226667.28125
241.0435983780114	509.1659851074219	226136.0
305.0235942743355	577.635009765625	225676.640625
184.14639051034084	226.197998046875	225084.890625
147.9733054953188	507.9159851074219	225023.5625
268.24019961979167	1386.4200439453125	222491.375
273.92907487748613	1329.449951171875	221414.734375
220.18281049182448	1370.6700439453125	220705.0625
634.1348479694705	655.3140258789062	219610.359375
141.07901656860003	534.4149780273438	218978.171875
213.842216970557	1394.4200439453125	218243.390625
393.70557225836086	1348.8199462890625	217164.296875
172.11006924299625	279.6610107421875	216201.609375
116.94692986383694	1429.010009765625	215306.421875
333.9039737665259	1350.06005859375	215207.578125
179.05834063082435	354.4930114746094	213969.625
182.07916348583475	616.8989868164062	213382.859375
209.84292639880803	539.39501953125	212729.84375
128.9046307640662	200.86000061035156	211774.421875
160.07360576727652	1378.6199951171875	211442.53125
267.1587354036665	205.875	211209.265625
286.80686041222725	367.093994140625	210637.828125
118.93883206745728	1375.7900390625	210163.453125
142.09945002081815	244.25399780273438	209332.15625
215.1967156423039	220.98399353027344	208923.6875
286.8068322646144	9.474519729614258	206772.359375
368.8891616088611	545.6400146484375	206771.15625
300.2665976344557	218.49600219726562	206769.1875
174.05281193072574	1241.8800048828125	205029.125
219.97073472312917	788.8319702148438	204858.828125
105.0424872950525	660.4920043945312	204702.03125
202.19347457115836	251.92599487304688	204231.953125
288.8050960349271	308.7449951171875	204074.828125
168.06498599879492	215.92599487304688	203908.46875
113.0476893098457	576.3870239257812	203687.921875
286.8068685424434	215.92599487304688	203347.578125
265.16785217642683	235.3070068359375	203068.921875
166.04825783972527	231.37899780273438	202807.234375
486.1410597235645	1366.8399658203125	202645.609375
308.768844176328	1344.9000244140625	202523.875
214.06315750791802	304.8179931640625	201885.140625
221.05454592286367	353.2449951171875	201262.90625
207.05428399962136	213.43899536132812	201135.125
168.06489167961607	408.8370056152344	200954.921875
667.1305029717179	536.906982421875	200350.984375
219.9707396559663	656.56201171875	200316.296875
240.1364087093005	217.20700073242188	199088.734375
219.9707357362785	874.0919799804688	198803.765625
111.98303679872694	434.7090148925781	198467.390625
137.87044869454505	294.73199462890625	198456.828125
395.7034582839398	1347.4000244140625	196883.125
174.05282345136635	820.64697265625	196853.796875
286.80684858402657	254.45899963378906	196154.390625
207.05418637821109	265.77398681640625	196027.71875
139.02696448889094	354.4930114746094	195468.96875
174.05281025692688	778.7169799804688	194957.3125
128.9046270736726	362.0429992675781	194703.09375
115.90901404069731	510.4159851074219	194699.90625
301.8776609535275	558.5430297851562	193416.03125
132.04226598665744	293.4939880371094	193012.109375
174.0528259878979	1212.010009765625	192270.40625
128.90462873754697	340.5570068359375	192220.125
174.05280764341643	1036.989990234375	192193.390625
170.13074586481852	231.37899780273438	192005.75
207.87788626883034	1350.06005859375	190692.8125
200.06858515542032	292.218994140625	190281.328125
207.05422359424142	207.16900634765625	190002.59375
250.1569821433075	209.70599365234375	189878.75
103.07128907400981	338.0530090332031	188144.96875
163.96325317296422	1362.949951171875	187962.484375
132.0422546860446	212.1959991455078	187501.203125
271.2230065273092	218.49600219726562	187464.4375
200.06854590384788	411.31298828125	187378.1875
128.9046365123804	227.4459991455078	187242.484375
174.052818663511	1002.5399780273438	187029.65625
174.05282477229173	956.6079711914062	186709.375
79.92566322872524	1350.06005859375	186218.21875
220.18278728060173	239.2310028076172	186199.625
174.0528104711863	1060.300048828125	186103.8125
102.98799102206631	1333.3499755859375	185661.953125
168.85885203388386	1346.1600341796875	184836.453125
130.04598791234446	584.02197265625	184632.890625
212.0491049244078	586.4940185546875	184527.859375
174.0528119558808	903.8150024414062	184447.984375
101.08387324303914	586.4940185546875	184292.359375
234.93161194710606	858.85302734375	184284.578125
268.2403977467028	213.43899536132812	183943.15625
194.04269545119593	657.9929809570312	183825.5
410.41276671486384	208.46099853515625	183569.9375
201.96470547622954	1341.0	183228.5625
211.96462896499037	407.60198974609375	182946.5
293.80915836672557	308.7449951171875	182869.1875
203.04403641352948	288.4930114746094	182221.609375
174.05280804601668	1289.47998046875	181958.796875
113.99298014477698	557.1240234375	181756.015625
283.25924212077155	213.43899536132812	181691.90625
410.6754779496912	546.8790283203125	181641.53125
174.01644206363085	698.9609985351562	181592.5625
174.0528142420056	1150.0799560546875	181532.328125
333.06441025971804	534.4149780273438	180642.859375
128.90462403983176	289.73699951171875	180276.9375
128.90464330531105	234.05999755859375	179342.3125
185.068866335963	535.6599731445312	178387.796875
251.04400308051206	217.20700073242188	178267.140625
132.04226333282423	253.21299743652344	178013.21875
368.88941532918074	1328.199951171875	177929.109375
241.04351321217734	563.7169799804688	177879.21875
113.99288115457098	586.4940185546875	177560.96875
161.0510906592155	308.7449951171875	177412.21875
240.1363949002895	229.94500732421875	177158.1875
231.12940932683705	227.4459991455078	176504.421875
128.9046239444478	190.74000549316406	176175.640625
102.98799410139877	786.2839965820312	175704.078125
315.9379414723777	1351.300048828125	175515.359375
81.92363446802516	1348.8199462890625	175255.46875
200.0685697426881	193.24899291992188	175215.125
136.00178241595026	297.22198486328125	175138.796875
208.87273091970104	26.20709991455078	175030.0625
115.90900457736541	597.8889770507812	174993.140625
134.013481589585	290.97900390625	174685.28125
142.93107057735406	226.197998046875	174049.265625
174.05283525236425	844.8469848632812	173277.421875
226.803255396781	586.4940185546875	173198.65625
314.7437342326902	562.2930297851562	173045.125
197.9104750746321	1348.8199462890625	172760.90625
259.1606341741048	220.98399353027344	172532.8125
241.21255993170394	214.6820068359375	171935.046875
207.05418325343985	142.62100219726562	171860.71875
301.87761250027086	548.2960205078125	171421.59375
346.0270545438358	534.4149780273438	171288.140625
313.7385244821121	1347.4000244140625	171132.765625
282.01165883855896	634.6790161132812	170732.53125
155.09472557089165	215.92599487304688	170261.671875
340.33426440361177	208.46099853515625	170025.0625
304.7729009846297	308.7449951171875	169617.453125
168.0649903417532	326.7049865722656	169591.796875
312.1763010772006	204.6219940185547	169422.328125
125.9986848193518	518.1339721679688	169196.109375
234.93159629572003	916.6939697265625	169106.25
200.0685620550568	74.24569702148438	168585.25
207.0542164162163	155.25399780273438	168291.609375
207.05420911016176	118.5989990234375	168123.25
207.1107241276695	826.9810180664062	168088.421875
132.04226445344	329.20599365234375	167680.515625
313.30676048233977	212.1959991455078	167580.53125
174.05281118693495	1071.739990234375	167560.3125
316.74141945509825	563.7169799804688	167235.90625
317.01014380545547	586.4940185546875	166701.640625
354.3500762404384	209.70599365234375	166302.015625
174.05280595767226	1183.739990234375	166183.140625
251.04398266104522	231.37899780273438	166115.8125
200.068584329023	119.85299682617188	165605.765625
298.05459446567187	229.94500732421875	165504.265625
128.9046274915083	122.36199951171875	164637.78125
207.05417371388015	176.80599975585938	164352.71875
207.0541976716544	234.05999755859375	164341.03125
192.0712386150784	586.4940185546875	164267.109375
251.04408892867193	294.73199462890625	164253.828125
116.94062088448995	1410.0999755859375	164192.796875
413.9739092890661	1346.1600341796875	164141.96875
132.04226143650362	93.2427978515625	163544.546875
172.0736622068602	208.46099853515625	163514.90625
391.70738637594536	1347.4000244140625	163159.171875
132.07867760670092	295.9700012207031	162496.0
171.0896356093926	378.5950012207031	161646.109375
105.00607563699529	584.02197265625	160955.859375
172.07366695355137	148.9810028076172	160673.765625
356.17544803613947	240.4770050048828	160068.765625
174.0528317298949	858.85302734375	159786.8125
131.029954148169	540.6389770507812	159688.046875
326.1919023296493	203.3679962158203	159655.03125
168.0649795233143	383.635009765625	159247.984375
167.90486301252267	546.8790283203125	158191.96875
197.06165776875426	581.5460205078125	158147.65625
132.04225551744534	183.1230010986328	158027.5625
179.82260943002873	1346.1600341796875	157531.78125
73.99979847420262	444.7539978027344	157426.109375
146.0943427943074	261.9939880371094	157392.125
200.06858636623804	212.1959991455078	156742.703125
315.73644684479876	1339.760009765625	156552.15625
172.07368793788453	78.09719848632812	156387.4375
132.04226285162525	151.48899841308594	156072.140625
128.90463698263096	109.72899627685547	155826.75
128.90463553809585	260.7460021972656	155052.03125
128.90466326973686	260.7460021972656	155052.03125
168.0649818249616	289.73699951171875	154859.0
200.0685953970248	269.55999755859375	153882.046875
130.02667647831893	700.2130126953125	153761.65625
207.0541872588498	83.1167984008789	153284.0
238.08773228696117	249.4320068359375	152914.515625
221.12641961825375	523.155029296875	152618.75
179.82259574957808	625.7039794921875	152608.5
172.07368010561805	171.7429962158203	152461.8125
303.2491810924413	212.1959991455078	152012.21875
213.84213941451003	1417.6300048828125	151901.578125
187.16538240728448	228.69500732421875	151787.6875
253.89150508835067	1348.8199462890625	151384.5625
266.11551508145357	240.4770050048828	151114.484375
207.05419800884175	24.909900665283203	151054.8125
114.0681179401522	264.52801513671875	150839.78125
200.06856417108287	152.74400329589844	150790.71875
168.0649758580451	369.59100341796875	150774.21875
397.70113927340964	1348.8199462890625	150731.109375
146.07729413555884	585.2589721679688	150515.453125
216.84427945022446	1338.52001953125	150311.015625
200.06858113100702	93.2427978515625	150240.734375
132.04226621937116	31.26569938659668	149931.28125
200.06855971878332	167.97900390625	149169.78125
251.06505927843526	295.9700012207031	147705.640625
145.11030694681014	523.155029296875	147581.671875
224.14135331539703	218.49600219726562	147522.9375
251.04409954251716	350.6610107421875	147515.671875
316.8156907780731	1339.760009765625	146963.265625
127.06331236848224	586.4940185546875	146872.453125
188.0266340471229	604.3400268554688	146846.578125
179.05112209251877	563.7169799804688	146652.203125
207.05419021918325	66.67620086669922	146403.25
214.15702988342642	237.98599243164062	146319.859375
172.07365969754085	308.7449951171875	146280.96875
243.18361295592203	254.45899963378906	146162.03125
132.04226105595882	153.99899291992188	145973.4375
251.04413454795423	270.8089904785156	145934.953125
295.14218620358736	207.16900634765625	145286.171875
137.8703742407964	1338.52001953125	145226.0625
165.00969871287316	442.2619934082031	145096.390625
168.06502449162244	257.0	144284.609375
294.18668442659924	203.3679962158203	143734.0
200.06857770916264	5.3347601890563965	143708.5625
168.0649863451383	133.74600219726562	143620.40625
200.06856765769032	54.00299835205078	143452.953125
212.93857699259968	1353.8800048828125	143451.015625
98.07294611822641	348.1579895019531	142846.78125
168.0649704408701	169.23300170898438	142026.453125
200.06856967566577	135.00100708007812	141456.71875
155.0695347424185	637.1790161132812	141204.65625
168.06500411292217	232.6269989013672	141044.609375
251.0440265060518	399.9259948730469	141000.640625
200.0685739822948	33.774600982666016	140906.359375
172.07367362961676	160.36099243164062	140865.40625
217.1137855472291	232.6269989013672	140810.796875
146.0579264786933	392.4010009765625	140342.609375
166.94666411269594	335.54901123046875	140298.6875
251.04404593591212	325.4530029296875	139785.140625
144.0034523977156	523.155029296875	139671.0625
155.09469780272215	386.1719970703125	139538.609375
168.0649684722216	52.7494010925293	139199.515625
114.06812177175667	292.218994140625	139046.15625
111.03202640787802	392.4010009765625	138816.953125
201.96023173957948	1356.3900146484375	138569.28125
269.1111447747494	823.1749877929688	138464.53125
218.06129968082544	245.50100708007812	138121.84375
102.98801331245686	506.66400146484375	137594.609375
195.00240329795903	534.4149780273438	137044.671875
170.85688363444459	625.7039794921875	136935.671875
238.0877374000987	232.6269989013672	136797.859375
188.02397722254173	293.4939880371094	136752.25
210.10226470307583	232.6269989013672	136728.859375
287.09818965780164	521.8729858398438	136428.84375
122.07320637894678	272.06298828125	136006.046875
132.03321954438323	623.2119750976562	135956.3125
115.90902511024548	682.2919921875	135824.4375
157.05624137167158	354.4930114746094	135814.5625
141.07899236113263	1358.9599609375	135679.46875
157.96228844173265	1429.010009765625	135521.75
168.06498131680277	343.1470031738281	135431.4375
168.0649876835387	181.86700439453125	135388.390625
251.0440719855618	317.72100830078125	135283.5625
295.1866979878205	219.74000549316406	135248.328125
135.05456480147691	498.93798828125	135188.984375
251.03828073238378	586.4940185546875	135128.859375
131.05822433264197	521.8729858398438	134687.140625
190.04783175294955	524.4000244140625	134676.921875
444.65080122606236	548.2960205078125	134402.515625
112.05243900788994	353.2449951171875	134279.328125
241.0952509983359	294.73199462890625	133678.140625
168.06497833672395	80.60549926757812	133503.9375
299.76823553061365	1339.760009765625	133446.6875
163.0243969769237	408.8370056152344	133411.984375
168.06498762393616	89.47930145263672	133383.90625
133.01975619745502	654.0670166015625	133165.859375
663.1098696918855	577.635009765625	133156.828125
156.009217378129	1365.4200439453125	132890.03125
154.02424667705537	606.833984375	132532.71875
307.0742941351136	655.3140258789062	132378.984375
213.84216302539122	1436.5799560546875	132140.984375
102.98799157611141	861.4080200195312	131525.546875
98.03656629749737	313.968994140625	131366.609375
197.07690475331162	284.7040100097656	131303.921875
102.98798657853473	728.6510009765625	131125.953125
117.02478251773194	533.1710205078125	130402.6953125
245.9130742738729	613.1500244140625	130158.1171875
214.19350975537066	1347.4000244140625	130074.5234375
382.21063426390435	215.92599487304688	129616.7734375
224.05335851302306	451.0820007324219	129495.7109375
179.8810914876074	1335.8399658203125	129163.34375
128.9046310833828	45.14039993286133	129093.578125
179.0511649805541	538.1510009765625	128703.375
102.98799901076664	842.3049926757812	128400.9921875
191.0171385998395	486.3290100097656	127225.578125
199.16540713067673	222.22999572753906	127104.6796875
197.0324819150526	259.49700927734375	127072.3125
440.12026752534825	1365.4200439453125	126951.1796875
351.86766616629006	1347.4000244140625	126748.796875
168.96810894348613	1337.0999755859375	126247.921875
251.06580152234503	589.0009765625	126156.78125
89.05540644027167	388.6629943847656	126095.5546875
209.10528264517782	246.93499755859375	125313.796875
98.99152935888073	1358.9599609375	125087.15625
122.0480695655995	403.885009765625	125077.6328125
131.04682052881597	487.57501220703125	125027.6484375
208.0193336245505	1360.18994140625	123753.7890625
314.7436572284429	540.6389770507812	123714.734375
137.99868599955448	1407.4200439453125	123486.3046875
272.04436657271907	587.7639770507812	123461.3046875
382.21070278533193	161.61700439453125	123263.625
128.9046327691656	88.2251968383789	122661.90625
126.03171895675081	351.9549865722656	122655.7890625
422.0676495803186	288.4930114746094	122136.4453125
448.1417417690462	215.92599487304688	121669.8046875
214.08430642292868	180.61300659179688	121239.0078125
123.98289193146915	1353.8800048828125	121213.7734375
155.09470125490756	179.35899353027344	120799.40625
221.96755287337731	1355.1199951171875	120532.296875
314.81805367652413	1341.0	120023.8828125
214.08429967619819	116.00299835205078	119932.1015625
302.7748990966792	307.49700927734375	118812.484375
128.9046154819276	21.14459991455078	118752.7890625
172.07369087399942	21.14459991455078	118335.6953125
382.3812999438306	208.46099853515625	118314.96875
382.21066765632537	180.61300659179688	118046.5859375
217.09508333197664	297.22198486328125	117950.421875
174.97718596669654	1383.93994140625	117914.3984375
102.98798551665237	946.3280029296875	117398.46875
150.10448290401422	255.7050018310547	117225.8203125
96.02086030530299	609.3280029296875	117078.1640625
366.34980873998046	209.70599365234375	116989.9296875
170.09443603811357	270.8089904785156	116829.5078125
101.01113891161553	447.2510070800781	116642.984375
208.87273856785612	1437.8699951171875	116505.53125
194.05794289582676	279.6610107421875	116409.890625
272.00262329458917	232.6269989013672	115733.0234375
169.03759675311818	282.1610107421875	115480.75
313.01863300733595	1432.77001953125	115166.8671875
173.06815135265396	295.9700012207031	115008.6640625
160.07130864035105	297.22198486328125	114943.828125
382.21068883541597	103.36699676513672	114679.984375
280.24020884537896	1403.5	114523.1640625
373.92233251736934	1365.4200439453125	114399.890625
153.04015815156123	575.1409912109375	114077.90625
179.82265403474327	597.8889770507812	114077.609375
386.70313908565623	1341.0	113995.734375
408.3968159768099	208.46099853515625	113893.796875
191.98007850455897	634.6790161132812	113596.7421875
87.03972530957944	394.9289855957031	113062.59375
198.12568910107444	240.4770050048828	112955.671875
326.0501576691932	534.4149780273438	112150.7421875
274.8902635009435	1348.8199462890625	111433.1328125
249.05456791428867	669.3300170898438	111322.4609375
212.17782505498377	220.98399353027344	111060.640625
306.06293528896134	443.50799560546875	110883.7421875
340.2074807144089	204.6219940185547	110659.3828125
181.87930222708894	1339.760009765625	110601.0703125
286.28720969584805	235.3070068359375	110437.984375
156.01718679199834	492.6499938964844	110233.53125
219.95724353314677	1325.489990234375	109914.8203125
216.02164576953157	563.7169799804688	109792.6171875
307.9649581466125	545.6400146484375	109732.09375
115.90901199007547	751.5570068359375	109633.4609375
144.07866397638418	279.6610107421875	109590.8046875
240.06715634872089	239.2310028076172	109459.46875
386.17310433212697	241.72300720214844	109359.75
396.39684734605817	208.46099853515625	108441.609375
115.06330256165685	584.02197265625	108207.1875
189.08253443309408	257.0	108154.1953125
236.17778001740004	234.05999755859375	107824.71875
613.8043113305424	1325.489990234375	107430.828125
155.09470360681294	76.79750061035156	107360.0859375
178.09943813088523	239.2310028076172	106333.328125
115.03500061802828	610.5770263671875	106246.1796875
241.09508210938588	408.8370056152344	106211.203125
213.02500422369334	486.3290100097656	106112.3359375
112.01608126797261	290.97900390625	106089.3359375
214.08432214657927	10.729499816894531	105359.3359375
201.95231789811496	1411.3399658203125	105308.03125
297.80545795434836	308.7449951171875	105247.9375
452.45982691372666	207.16900634765625	105064.84375
155.09472074297312	142.62100219726562	104890.78125
150.0680959470088	278.4100036621094	104625.0078125
139.86743203192964	603.093017578125	104582.5546875
242.2247759103828	5.3347601890563965	104489.1484375
91.03471295136215	611.864013671875	103945.3515625
234.9315975991672	1029.2099609375	103749.921875
331.28070977890394	210.9499969482422	103542.6796875
155.09473123979964	26.20709991455078	103078.3828125
102.98799130365475	683.7249755859375	102894.2578125
195.0201558792504	611.864013671875	102821.84375
255.1553197429501	231.37899780273438	102330.6328125
161.97220377625789	1341.0	102155.5
100.01346338870977	521.8729858398438	102122.4296875
306.7707204684349	309.9939880371094	101792.3984375
108.05745857478882	284.7040100097656	101689.5078125
155.09472116504358	109.72899627685547	101677.0
95.96294421202047	1362.949951171875	101249.375
160.07341373852503	322.9530029296875	101160.9296875
303.9920284941773	623.2119750976562	101158.453125
310.2876494600363	210.9499969482422	101146.4296875
260.0662747843901	451.0820007324219	100678.0859375
262.0340681956768	635.9299926757812	100514.015625
155.0947152494749	167.97900390625	99436.484375
187.02794853813182	370.8399963378906	99124.453125
293.89889163386397	1421.4200439453125	98757.1171875
142.09948302825248	255.7050018310547	98473.859375
168.8588140419687	626.9520263671875	98378.09375
207.97498502405318	666.7899780273438	98332.7265625
211.0151995059268	652.8179931640625	98230.34375
115.90902164537553	1328.199951171875	98184.7578125
160.07358509684377	362.0429992675781	98104.9765625
118.94513178511669	1418.9200439453125	97680.234375
146.069237891297	634.6790161132812	97583.6484375
382.2106317049996	79.35140228271484	96980.3828125
213.96188612870856	635.9299926757812	96683.859375
147.05320823742062	521.8729858398438	95912.2578125
287.91918455735635	606.833984375	95854.265625
188.10500592423998	267.0639953613281	95803.3984375
162.0710396065237	294.73199462890625	95763.8359375
173.06893201912317	410.0740051269531	94983.8828125
119.95883569196916	1346.1600341796875	94749.96875
270.14670888970875	220.98399353027344	94716.7421875
119.94932598824482	706.5560302734375	94551.5390625
507.8392478811107	1320.31005859375	94237.390625
188.10494735197153	498.93798828125	93758.0234375
319.86550309431857	851.2940063476562	93627.4375
105.04248392338523	1048.72998046875	93591.7265625
211.8946274967902	555.885986328125	93564.3046875
133.03750062757268	615.6500244140625	93095.34375
102.98798907821583	649.0260009765625	92926.140625
328.33444113495705	231.37899780273438	92828.0078125
271.8960479786583	804.3270263671875	92693.2109375
136.0372030825642	564.9639892578125	92690.3125
113.0589324604635	498.93798828125	92640.71875
152.0085599726786	452.3299865722656	92624.0078125
391.4109853326294	370.8399963378906	92580.71875
152.04736261419959	278.4100036621094	92576.4921875
246.14831429864125	222.22999572753906	92420.171875
270.2560099498259	1421.4200439453125	92027.1484375
241.0435210928433	463.66400146484375	91917.5
164.08387968678647	264.52801513671875	91820.3984375
290.05576327364423	452.3299865722656	91519.484375
148.0736241039488	443.50799560546875	91251.1640625
141.0062413763788	1352.5400390625	91099.75
202.0842565246212	523.155029296875	91076.890625
137.99869518863824	1427.760009765625	90940.921875
197.1416281575796	430.77301025390625	90884.0859375
229.80601368554662	539.39501953125	90880.5
224.0533134186914	563.7169799804688	90580.625
381.05389315634596	285.9540100097656	90462.203125
73.99978782769487	611.864013671875	90340.703125
444.39296247406565	370.8399963378906	90094.6328125
287.2460824427936	245.50100708007812	90086.453125
200.05083919109302	235.3070068359375	90069.4921875
233.07232206870262	521.8729858398438	89544.59375
110.05916270345708	411.31298828125	89444.265625
159.01683342244306	702.802001953125	89222.6015625
298.0472014593838	704.052978515625	89130.7421875
257.7915449283869	1337.0999755859375	88792.8515625
157.95143700223633	1399.760009765625	87993.9765625
155.09470928781568	32.51919937133789	87948.7578125
170.09445059972214	250.67999267578125	87626.453125
229.8060805653902	563.7169799804688	87228.203125
268.1511107497862	205.875	87167.078125
356.0957846059721	452.3299865722656	87009.34375
200.1414118233556	244.25399780273438	86980.921875
128.05860826353472	521.8729858398438	86770.1640625
170.00680465190095	430.77301025390625	86365.9296875
228.80097514436954	604.3400268554688	86346.5
384.7053419964638	311.4280090332031	85783.734375
256.9889205115259	487.57501220703125	85753.3515625
91.03471115712016	336.79998779296875	85678.2265625
252.05815047291077	590.2410278320312	85403.578125
226.1571074050534	234.05999755859375	85174.265625
189.1001558392801	521.8729858398438	85023.0390625
242.18837802095902	223.65899658203125	84859.09375
226.06902264536976	610.5770263671875	84591.78125
104.0348965734984	411.31298828125	84553.921875
90.94798344137081	1328.199951171875	84035.1875
683.1362228723561	579.0599975585938	83978.3828125
213.96286554112618	410.0740051269531	83950.578125
177.82466340686216	626.9520263671875	83572.3046875
112.01606530681337	452.3299865722656	82785.7421875
99.97390267574754	1346.1600341796875	82776.1015625
327.04471201927856	535.6599731445312	82705.1640625
177.93930852695505	458.6180114746094	82684.6953125
212.06858196482895	413.8320007324219	82647.9765625
222.80791767540194	679.7470092773438	82389.4296875
133.06252430619253	576.3870239257812	82350.5546875
181.0045935197285	438.49200439453125	82312.0859375
161.0405911630288	451.0820007324219	81956.0546875
172.85511656307963	1337.0999755859375	81954.9921875
261.9873733969263	608.0809936523438	81843.59375
825.7329810410579	1329.449951171875	81742.421875
382.2107337489227	59.10689926147461	81728.265625
328.0582759744912	655.3140258789062	81570.6171875
147.91573972942686	1370.6700439453125	81439.1640625
375.7395123662199	1339.760009765625	81357.25
118.06302666278566	354.4930114746094	81224.9375
175.0117500311411	241.72300720214844	80943.109375
121.01972170339657	645.0900268554688	80742.90625
361.06775236329196	290.97900390625	80410.984375
166.04778395251634	582.7849731445312	80396.1171875
135.05452886164545	536.906982421875	80294.71875
131.06633933392627	378.5950012207031	80293.9296875
117.04261823193387	523.155029296875	79977.0234375
688.1107118621267	536.906982421875	79693.8984375
267.93640170281964	1335.8399658203125	79619.0625
149.04063143534339	596.64599609375	79588.0546875
148.03490989776566	369.59100341796875	79346.9921875
214.02273906128386	239.2310028076172	79166.2109375
113.04766812184009	1401.0	79075.0546875
381.9688314622516	624.4580078125	78914.7109375
486.9103715524295	372.12200927734375	78798.6484375
369.06648802088444	656.56201171875	78597.453125
122.04802523515727	579.0599975585938	78507.6640625
183.0533124791559	1342.239990234375	78411.5625
222.8079213795095	701.5079956054688	78378.171875
338.99188759368843	585.2589721679688	78130.90625
317.0672935651577	655.3140258789062	77955.71875
435.39632797374844	487.57501220703125	77788.2421875
215.04065299534284	575.1409912109375	77717.8671875
202.12074303873223	253.21299743652344	77534.6015625
258.2197899106653	219.74000549316406	77404.4453125
316.05302188342165	369.59100341796875	77322.421875
186.12572244383975	259.49700927734375	77176.5859375
202.04789860275656	533.1710205078125	77091.2421875
387.18953432163494	236.74000549316406	77079.3359375
115.90901343666526	778.7169799804688	77045.1484375
237.04943270090578	288.4930114746094	77021.109375
239.89926384888707	846.0969848632812	77012.1328125
326.0608466781625	564.9639892578125	76218.1484375
139.94878235633274	1342.239990234375	76071.9453125
471.49965075230557	536.906982421875	75663.6640625
192.00106149507695	623.2119750976562	75489.3359375
104.04720904977611	419.14599609375	75234.640625
274.9817810086187	370.8399963378906	75159.5625
124.0637275221283	359.4960021972656	75051.515625
375.73956441556044	309.9939880371094	74770.03125
560.0747511136645	601.6640014648438	74680.8125
411.41602401150107	207.16900634765625	74139.28125
259.9895015037785	610.5770263671875	74120.1796875
150.03170968067715	312.7200012207031	74080.6171875
298.1603950871193	205.875	73881.8125
135.02494867642773	649.0260009765625	73863.4375
149.0406399871409	521.8729858398438	73854.7578125
494.50669121696865	203.3679962158203	73838.515625
410.115593071083	251.92599487304688	73518.390625
424.4285014993386	207.16900634765625	73451.8125
200.10499079572975	277.1579895019531	73297.7578125
146.09436829633472	273.3580017089844	73268.4296875
372.03442652435314	443.50799560546875	72928.8125
246.07399615500785	534.4149780273438	72737.9453125
209.0510817155508	293.4939880371094	72664.1484375
199.09585450858867	521.8729858398438	72591.1171875
264.0011289378645	637.1790161132812	72551.3515625
184.0347580476403	521.8729858398438	72412.828125
105.04248499648072	1105.8699951171875	72105.0234375
105.04248775293503	786.2839965820312	72008.9140625
318.73918134995154	563.7169799804688	71958.234375
228.1363623675609	240.4770050048828	71934.3203125
142.02670376658142	451.0820007324219	71741.4296875
348.15350545724226	521.8729858398438	71670.1875
158.99644855540092	1407.4200439453125	71634.0546875
85.05228800613709	535.6599731445312	71548.3203125
134.02317996058113	433.46099853515625	71518.6640625
105.04249637498599	957.864013671875	71514.71875
173.06895989265558	478.7909851074219	71509.5625
173.06895120063436	478.7909851074219	71509.5625
239.04640845028035	290.97900390625	71500.9296875
273.23865890941477	224.906005859375	71432.4765625
101.04752779898651	379.8450012207031	71365.8671875
202.15698355633114	237.98599243164062	71166.0390625
146.1192935051196	253.21299743652344	70991.84375
188.1777994641281	255.7050018310547	70921.53125
224.05338133113787	539.39501953125	70881.8203125
210.94147865052452	605.5859985351562	70855.7578125
499.1124257279012	670.5800170898438	70680.0546875
204.1192845574856	523.155029296875	70655.3203125
135.01557588013412	433.46099853515625	70546.4375
492.9192501322825	443.50799560546875	70336.6328125
172.0850058770156	590.2410278320312	70173.546875
142.02665905043585	564.9639892578125	70167.765625
130.03967886931207	487.57501220703125	70125.046875
241.09516764601136	360.74700927734375	70100.0078125
206.0168534194199	523.155029296875	70089.9296875
459.933133284449	443.50799560546875	69947.125
169.00454693030915	646.3410034179688	69815.59375
241.09521939185228	379.8450012207031	69636.1953125
112.02728600177164	493.89898681640625	69558.5625
377.73762644782397	1342.239990234375	69455.765625
410.11895103945034	283.4540100097656	69304.0
241.09519482670262	344.4010009765625	69261.3515625
369.3688474528505	208.46099853515625	69248.078125
227.92513545977158	621.9299926757812	69169.7578125
117.04259921138286	1402.25	69068.6875
177.8246797298805	530.6380004882812	68837.5703125
318.7396690187575	539.39501953125	68717.3125
386.7033215211323	313.968994140625	68708.46875
281.24350304474217	1369.43994140625	68696.0390625
267.0736300376566	443.50799560546875	68404.5078125
138.05668618744815	303.57000732421875	68297.0859375
79.92563413890038	626.9520263671875	68272.9296875
181.82021032832844	1341.0	68248.984375
366.28134011016823	38.87300109863281	68243.5234375
309.0802658781274	521.8729858398438	68218.90625
300.7738652241822	543.1610107421875	68148.90625
210.16211417905453	232.6269989013672	68133.0625
162.10865555853044	521.8729858398438	68052.171875
190.95013896452465	1330.68994140625	67856.0859375
223.0669653646708	255.7050018310547	67604.828125
382.70708159574906	1343.6600341796875	67482.03125
163.9898454613199	227.4459991455078	67471.6015625
145.1102915718892	821.8920288085938	67306.2734375
402.1679024305849	246.93499755859375	67286.375
104.0348979948205	438.49200439453125	67246.3046875
388.7010003582807	1342.239990234375	67183.234375
135.05456177518087	473.75	66906.9140625
190.95023067118808	4.0797600746154785	66835.03125
134.95209222685003	1403.5	66687.3515625
144.9229144371798	1328.199951171875	66627.7890625
105.0424965957005	765.7639770507812	66528.0703125
242.11567974356703	268.3110046386719	66488.734375
105.0424872344597	1141.1500244140625	66279.0234375
133.93673344935453	383.635009765625	65971.7890625
278.0394993778349	306.25	65698.328125
125.99870753375423	356.9909973144531	65409.21875
147.05321761908002	541.8839721679688	65341.53515625
134.999064813613	387.4169921875	65245.15625
411.406848136406	369.59100341796875	64510.7265625
257.05125535317705	585.2589721679688	64506.6875
105.04248729983809	946.3280029296875	64499.5703125
380.94617453750254	370.8399963378906	64465.64453125
825.7322074335241	562.2930297851562	64430.02734375
258.03299156155776	594.1580200195312	64353.1640625
435.86279200830796	1436.5799560546875	64002.515625
89.99493709187387	702.802001953125	63809.23828125
104.08359174865654	349.4100036621094	63781.4375
352.33460667641816	208.46099853515625	63719.27734375
225.09773525362007	521.8729858398438	63710.49609375
342.27712878072055	205.875	63578.70703125
118.06301253408405	468.70599365234375	63575.24609375
142.06308248167596	577.635009765625	63547.03125
109.98595283285641	526.8939819335938	63488.875
259.12432545830967	228.69500732421875	63462.66015625
183.05340724976037	293.4939880371094	63246.37109375
224.0357256614784	234.05999755859375	63132.9375
438.4437940151894	205.875	62809.3125
77.01883758857389	378.5950012207031	62772.32421875
357.1793870639772	239.2310028076172	62733.05859375
302.2094018405049	226.197998046875	62611.1796875
171.95008376647488	810.5819702148438	62595.83984375
289.9161826583329	604.3400268554688	62359.87890625
210.83519124368385	1329.449951171875	62341.68359375
133.9367252349591	393.6820068359375	62311.58203125
210.1619996472409	245.50100708007812	62274.984375
709.0888970310301	536.906982421875	62247.23046875
230.22469677165898	243.00799560546875	62202.62890625
257.97291186654695	623.2119750976562	61964.42578125
300.0339239480148	229.94500732421875	61917.73828125
151.97794768274488	76.79750061035156	61778.62890625
80.9639384697573	561.0499877929688	61645.515625
139.97777289489744	1427.760009765625	61408.36328125
188.14142097956233	231.37899780273438	61154.484375
212.0686156316241	435.9570007324219	61072.15625
199.0118118376954	302.2879943847656	61004.80078125
246.0132821496358	430.77301025390625	61000.890625
228.17275002392262	231.37899780273438	60970.78515625
719.7672048052505	1321.56005859375	60854.06640625
175.03028148669253	375.9070129394531	60815.06640625
184.10999803813712	265.77398681640625	60743.47265625
223.87082787731887	1331.9300537109375	60681.4609375
231.9898439045578	331.75201416015625	60676.80859375
262.030083326653	452.3299865722656	60587.859375
184.10997974580394	294.73199462890625	60334.7734375
105.04249705993651	921.905029296875	60193.34765625
454.85735381312816	341.85400390625	60010.91015625
132.07867049521906	348.1579895019531	60004.0
109.0288984667053	289.73699951171875	59985.81640625
126.03167372246139	610.5770263671875	59969.2265625
104.03489605013128	464.91400146484375	59898.02734375
180.07881847447015	260.7460021972656	59751.4921875
168.94494773186142	331.75201416015625	59543.3203125
277.8064543994069	311.4280090332031	59345.65234375
190.9502155622332	30.011999130249023	59099.08203125
134.0943330968727	318.97100830078125	59060.66796875
267.0599034338009	293.4939880371094	58696.3046875
482.4904294292703	535.6599731445312	58663.9921875
288.22993297875314	220.98399353027344	58575.84375
373.87445013101404	691.2750244140625	58277.1796875
360.1270354962115	609.3280029296875	58266.94140625
102.04274703645059	1399.760009765625	58037.18359375
184.92058230113796	1091.530029296875	58009.58203125
251.1521872047685	234.05999755859375	57889.8359375
124.9781729005732	1337.0999755859375	57846.46875
236.14139182878694	227.4459991455078	57765.484375
198.87746344308482	1333.3499755859375	57677.80078125
194.0579782768188	257.0	57614.59375
284.19886066178213	223.65899658203125	57525.11328125
205.87967257643754	309.9939880371094	57497.61328125
307.08403181675766	590.2410278320312	57402.55859375
524.4818430482495	538.1510009765625	57369.30078125
272.27160464089235	239.2310028076172	57196.25390625
656.1156273346761	654.0670166015625	57038.33203125
282.06129606039974	287.24700927734375	56848.828125
210.05306180470117	265.77398681640625	56694.9921875
100.93288680122788	226.197998046875	56571.4921875
223.9342216369343	1420.1700439453125	56548.16015625
347.0630977077036	567.4580078125	56542.5546875
117.96984064705566	1423.9200439453125	56527.83203125
205.07732574598833	353.2449951171875	56377.76953125
105.04247898612701	870.2379760742188	56346.63671875
94.0083407585125	356.9909973144531	56245.0390625
291.0408024565964	654.0670166015625	56232.28515625
286.0180719756365	229.94500732421875	56170.1796875
287.08535385098133	452.3299865722656	56105.390625
128.0473640986338	488.8599853515625	55995.640625
171.10899434839314	521.8729858398438	55971.73046875
181.82031030195003	629.6339721679688	55890.83203125
212.06861897912074	446.00201416015625	55864.140625
184.920601415098	1110.97998046875	55749.453125
173.99877010207996	265.77398681640625	55635.23828125
218.95924711031782	623.2119750976562	55571.77734375
148.0736005318547	383.635009765625	55501.01171875
136.01062471536042	289.73699951171875	55464.9921875
125.91268956721242	1329.449951171875	55392.015625
124.06372769018394	398.67498779296875	55355.84375
338.4286133602067	373.4100036621094	55178.37109375
104.03488089554486	1437.8699951171875	55141.2421875
186.87564362434404	1328.199951171875	55026.890625
161.04057020978587	563.7169799804688	55024.73046875
420.93830056019016	370.8399963378906	54980.79296875
104.01089013461339	1402.25	54934.45703125
283.0538361360745	285.9540100097656	54900.3828125
189.0461165507792	354.4930114746094	54744.203125
342.3137238808107	208.46099853515625	54516.68359375
168.0786969377265	257.0	54415.53515625
105.0424991031748	838.3699951171875	54355.234375
98.03655549204893	570.1339721679688	54340.171875
209.00994154813264	370.8399963378906	54253.8046875
243.22010548424595	248.1840057373047	53925.41796875
222.80791183982717	751.5570068359375	53878.5234375
284.07424053623936	540.6389770507812	53799.3046875
125.04760746073096	354.4930114746094	53702.9609375
269.9868289781023	235.3070068359375	53560.3359375
149.03966554355097	369.59100341796875	53519.4765625
429.5083963436772	536.906982421875	53493.2734375
162.022613426102	533.1710205078125	53406.1953125
297.1213422267934	421.8349914550781	53379.69140625
520.0904609846499	670.5800170898438	53361.2265625
125.9790739911866	1328.199951171875	53320.20703125
398.8667946690578	505.41400146484375	53140.375
100.08862288412307	241.72300720214844	53103.8203125
180.01886082164674	327.9549865722656	53043.87890625
240.02237396958748	452.3299865722656	52902.98046875
174.08920201721847	530.6380004882812	52656.515625
379.893604578565	463.66400146484375	52500.18359375
147.1340747293119	278.4100036621094	52421.3359375
161.07872074182447	295.9700012207031	52340.7421875
160.12928719235435	521.8729858398438	52340.3984375
80.00924707940753	333.04400634765625	52339.3671875
191.11586830223956	824.4210205078125	51940.14453125
175.91242676737497	437.2070007324219	51870.08984375
237.03084056580107	671.8740234375	51770.19921875
212.06857707982522	476.2510070800781	51667.0
132.05346603218223	639.8599853515625	51554.546875
163.05629051127602	608.0809936523438	51437.03515625
362.88428654744695	1437.8699951171875	51435.80078125
104.03489839325005	492.6499938964844	51435.453125
88.04055405834669	621.9299926757812	51351.12890625
264.11103334755313	358.24200439453125	51329.3671875
354.20779829951374	1431.52001953125	51166.3359375
450.4437031925537	205.875	51086.16015625
133.93672551482427	312.7200012207031	50958.88671875
91.03470124746057	471.25	50827.953125
466.47482177661584	207.16900634765625	50730.82421875
119.94001311897624	810.5819702148438	50338.0078125
180.0520834969696	452.3299865722656	50294.3515625
132.05527316026928	579.0599975585938	50203.05859375
377.2932420629275	217.20700073242188	50114.59375
168.1515247744289	240.4770050048828	50050.578125
75.96860114139405	606.833984375	49555.0546875
271.10941440627545	523.155029296875	49524.34375
135.03544422113376	655.3140258789062	49286.4296875
206.04267583241196	686.2269897460938	49211.36328125
149.99840717810298	609.3280029296875	49073.63671875
125.01466349646844	642.405029296875	49065.390625
403.0219676767773	656.56201171875	49003.80078125
142.02672431291262	536.906982421875	48878.50390625
535.4728205748015	534.4149780273438	48863.0078125
262.06326981356983	449.78900146484375	48840.3515625
126.10447013610656	254.45899963378906	48781.33203125
205.97796449606196	524.4000244140625	48721.3046875
132.03083320374145	449.78900146484375	48520.765625
75.01368702010976	528.1409912109375	48471.3046875
240.03020809561423	609.3280029296875	48278.56640625
277.0620584103064	253.21299743652344	48277.91015625
275.8084266574826	311.4280090332031	48134.1875
536.553461267651	203.3679962158203	48097.97265625
105.04248635176414	1206.969970703125	48097.3359375
188.006193257719	523.155029296875	48093.62890625
175.08448994854828	523.155029296875	47884.3125
402.8789205712455	509.1659851074219	47794.26953125
151.97797536108658	13.240500450134277	47700.671875
120.0615805703113	637.1790161132812	47579.98046875
345.9852553323717	228.69500732421875	47566.68359375
145.05618504136444	283.4540100097656	47550.7890625
140.00856148284947	608.0809936523438	47253.75
252.0009863244789	634.6790161132812	47241.53125
297.10612364643004	525.64599609375	47184.2421875
547.8316533791418	1321.56005859375	46878.0546875
581.0536655610119	600.3800048828125	46652.92578125
122.04802378971297	440.9880065917969	46649.91015625
140.00862259137352	637.1790161132812	46475.98828125
92.9461769467511	1329.449951171875	46366.453125
205.04089428743043	572.6480102539062	46327.0546875
251.91712838333575	1317.6300048828125	46215.05078125
176.03214530792079	524.4000244140625	46168.12109375
377.73773723447374	309.9939880371094	45839.11328125
84.0206609270507	609.3280029296875	45750.8359375
212.06867452424717	485.0799865722656	45439.5625
192.96577910742047	1329.449951171875	45347.73046875
128.04738242474724	524.4000244140625	45262.3515625
207.8778856940874	313.968994140625	45256.10546875
194.02498057359654	284.7040100097656	44952.05859375
194.06137430409706	231.37899780273438	44936.08984375
128.04737844906722	475.0	44903.640625
146.12182709796005	253.21299743652344	44837.51171875
354.1163886390972	610.5770263671875	44758.37890625
196.14647425311313	229.94500732421875	44674.88671875
183.91749743370832	594.1580200195312	44631.32421875
227.04626191273064	576.3870239257812	44505.06640625
529.8146939756127	713.0380249023438	44328.203125
240.17274012698914	224.906005859375	44253.12109375
155.00176916018316	434.7090148925781	44193.60546875
131.96455290779474	603.093017578125	44129.23046875
238.05129114075493	283.4540100097656	44071.98828125
187.0481867312562	444.7539978027344	43859.92578125
231.02021968844048	359.4960021972656	43844.9453125
220.04145550896808	606.833984375	43820.28125
87.00092465148798	1329.449951171875	43787.97265625
189.08306170144925	492.6499938964844	43731.7109375
310.1095259063629	575.1409912109375	43652.44140625
84.05705217068764	398.67498779296875	43558.375
290.80330151185734	309.9939880371094	43554.1171875
205.04083751784825	307.49700927734375	43486.43359375
162.08932751098496	349.4100036621094	43255.7109375
218.0402327491302	452.3299865722656	43163.6953125
192.13633687666206	280.9110107421875	43082.13671875
305.77734682976967	1343.6600341796875	43054.1171875
128.01098919740997	363.3389892578125	42995.4453125
212.0686852187643	535.6599731445312	42816.52734375
249.12136727501533	521.8729858398438	42693.17578125
203.094800829864	290.97900390625	42560.1328125
358.4246405111604	372.12200927734375	42510.41015625
664.1123437587783	577.635009765625	42493.390625
212.06864388775887	523.155029296875	42423.73828125
179.06170232910895	520.6279907226562	42367.60546875
169.9980734438716	637.1790161132812	42178.0625
213.063933292306	290.97900390625	41984.46875
138.06807657701458	317.72100830078125	41824.81640625
106.96761567947705	235.3070068359375	41788.421875
245.2435635395265	243.00799560546875	41601.23046875
259.9495896355229	1321.56005859375	41449.578125
92.06220314430949	302.2879943847656	41219.66015625
114.04296809013806	351.9549865722656	41123.390625
152.97315125676104	1319.06005859375	40815.51171875
262.0056714104191	647.593017578125	40769.53515625
87.06796453607662	576.3870239257812	40598.17578125
134.0579624804931	374.6579895019531	40545.30859375
247.08736635465897	442.2619934082031	40459.8046875
535.8212569836799	1439.1300048828125	40347.63671875
292.0917669767924	351.9549865722656	40288.50390625
117.05073427430864	419.14599609375	40233.80859375
841.705826280189	495.14801025390625	40133.60546875
248.12737908858725	515.6389770507812	40093.04296875
153.04266378209982	277.1579895019531	40070.1015625
159.93272432174192	855.093017578125	40027.6171875
362.95329039792773	487.57501220703125	39992.2734375
480.09825480365384	635.9299926757812	39946.6171875
190.08430038426224	519.3820190429688	39813.25390625
182.0192112947986	452.3299865722656	39805.41015625
244.13114213418248	253.21299743652344	39747.53125
283.07357949534804	287.24700927734375	39722.60546875
266.11958514367814	521.8729858398438	39714.5390625
176.10495488420167	263.2820129394531	39665.66796875
143.92452713405658	626.9520263671875	39661.0703125
453.46281645140147	205.875	39523.6640625
168.04231729989542	300.94500732421875	39466.45703125
289.99903972463693	520.6279907226562	39451.58984375
154.09946120583	255.7050018310547	39312.61328125
412.42822460937543	226.197998046875	39300.59375
182.06786838047432	609.3280029296875	39220.421875
231.05103020570988	604.3400268554688	39128.0078125
195.05314897280283	363.3389892578125	39024.70703125
429.85747114668663	1429.010009765625	39011.5234375
287.99740756772894	228.69500732421875	38937.2109375
196.0405978043806	405.1260070800781	38719.4765625
409.9580618175034	637.1790161132812	38592.5390625
261.1035499582873	461.1629943847656	38466.640625
231.09304504561356	241.72300720214844	38334.7109375
350.1021224906268	520.6279907226562	38276.6171875
192.00120466256212	451.0820007324219	38077.2421875
406.95131770200703	443.50799560546875	37884.8046875
372.1696850236112	240.4770050048828	37755.69921875
75.0395362422287	438.49200439453125	37753.92578125
142.02423158902485	451.0820007324219	37677.01171875
719.7678710790174	1311.1500244140625	37601.5
120.07864049635519	440.9880065917969	37530.984375
316.0653159183443	229.94500732421875	37409.76953125
104.03490597254685	525.64599609375	37312.90234375
370.38118866915664	228.69500732421875	37269.6328125
230.9426154199671	1325.489990234375	36945.94140625
219.00011224742414	526.8939819335938	36799.78515625
161.0688815331051	524.4000244140625	36771.5859375
155.07094719527657	240.4770050048828	36439.69140625
296.98164406487433	487.57501220703125	36194.61328125
141.04022984049567	638.6110229492188	36185.5078125
134.9520408927248	346.9049987792969	36163.90234375
363.89836889194777	566.2100219726562	36057.8515625
195.08955883878215	249.4320068359375	35949.26171875
179.9827268286687	1341.0	35906.87109375
172.85512558667654	629.6339721679688	35868.14453125
150.03459551854647	368.3420104980469	35762.34375
258.1467853827112	244.25399780273438	35743.4296875
252.99983216814022	370.8399963378906	35538.609375
500.10477353348904	670.5800170898438	35497.95703125
412.02681885790037	443.50799560546875	35437.2265625
220.14644189127864	241.72300720214844	35320.734375
313.17981451277706	203.3679962158203	35312.26953125
148.03246628020588	374.6579895019531	35033.11328125
152.01439972373672	386.1719970703125	34914.69140625
327.97611256706296	451.0820007324219	34885.90234375
113.0239133360858	605.5859985351562	34852.51171875
215.06634484852148	308.7449951171875	34842.44921875
135.076564344673	1385.1800537109375	34443.1953125
653.7963150758151	1317.6300048828125	34410.23828125
73.01571732852271	655.3140258789062	34268.08203125
350.0526731514672	444.7539978027344	34100.6015625
167.98241663696498	686.2269897460938	34073.54296875
253.11617475798872	823.1749877929688	34035.2421875
495.51022717782746	205.875	33694.68359375
213.11147030058459	523.155029296875	33483.30859375
383.3846356505619	205.875	33424.23828125
376.13125381301234	278.4100036621094	33097.26171875
111.98184816392677	287.24700927734375	33083.77734375
177.91032756055463	438.49200439453125	33081.65625
215.07309937984556	520.6279907226562	32994.7890625
99.95614121268817	610.5770263671875	32982.38671875
387.1769650450933	243.00799560546875	32885.48828125
234.85084451387	1339.760009765625	32630.650390625
349.9007845523907	1320.31005859375	32597.685546875
451.8484201998244	1307.3599853515625	32372.19140625
368.0087130049244	533.1710205078125	32362.84765625
119.99987898327927	226.197998046875	32190.875
159.91915604377476	261.9939880371094	32187.8203125
276.12228375604917	432.2099914550781	31802.8828125
358.1235077485135	369.59100341796875	31544.005859375
327.1952690428148	205.875	31504.05078125
94.00852236926936	452.3299865722656	31359.576171875
402.94557973748056	486.3290100097656	31336.841796875
168.0455156219577	232.6269989013672	31162.01953125
177.04610311695657	379.8450012207031	31043.458984375
310.1814383479661	680.9970092773438	30843.08203125
338.00725845271825	635.9299926757812	30810.033203125
235.96807973099115	370.8399963378906	30790.521484375
127.9602088089834	391.15399169921875	30738.8984375
177.82468005503884	294.73199462890625	30712.03125
314.9743578289417	372.12200927734375	30667.642578125
564.5851464800486	204.6219940185547	30541.59765625
204.0721981842164	278.4100036621094	30243.77734375
314.31876875640023	229.94500732421875	30165.421875
181.04108352057472	1016.5	30160.306640625
641.7859520644466	1437.8699951171875	29976.93359375
138.03168725962627	506.66400146484375	29903.861328125
222.1620959064312	237.98599243164062	29891.30078125
143.92461219539877	181.86700439453125	29583.72265625
251.94715179488452	1321.56005859375	29571.943359375
98.07292174660317	576.3870239257812	29516.783203125
172.0849171389773	669.3300170898438	29453.9765625
242.0195373328524	643.8400268554688	29359.033203125
170.02096300601136	368.3420104980469	29351.3046875
101.0555986706259	359.4960021972656	29297.6953125
397.40010461939073	204.6219940185547	29131.892578125
333.1040042036421	521.8729858398438	28999.857421875
205.13146383049056	523.155029296875	28978.185546875
117.04263568647	89.47930145263672	28949.322265625
93.02862186237903	349.4100036621094	28880.376953125
280.17090930996386	204.6219940185547	28698.134765625
217.84247722903098	545.6400146484375	28604.501953125
471.8448792386443	505.41400146484375	28558.798828125
114.04297473765315	1395.6600341796875	28489.294921875
99.96301297168694	709.2410278320312	28331.349609375
108.00099633025687	571.4000244140625	28149.12109375
209.07235721362036	389.9079895019531	27991.349609375
105.0424860333369	1303.550048828125	27833.23046875
187.97951711181875	1320.31005859375	27812.392578125
395.9633201974002	524.4000244140625	27605.4375
111.96531232548169	442.2619934082031	27497.361328125
265.07311784071015	437.2070007324219	27393.251953125
550.568729071988	204.6219940185547	27390.443359375
249.04953012710166	297.22198486328125	27248.01171875
158.0216512991938	634.6790161132812	27221.640625
281.0358723040377	594.1580200195312	27035.185546875
206.0984503590641	521.8729858398438	27032.734375
296.1455946054508	204.6219940185547	26892.689453125
290.8033046101049	1335.8399658203125	26814.232421875
167.0299101027104	595.4010009765625	25739.025390625
153.98539237629404	267.0639953613281	25540.42578125
455.0626731035273	520.6279907226562	25215.513671875
313.1795382852692	375.9070129394531	25160.267578125
186.91875495867103	1081.0	25039.8125
110.00374897225271	514.3900146484375	24825.12890625
244.01942171821784	451.0820007324219	24800.0625
204.8763940398378	591.4920043945312	24716.08984375
199.92526134284861	1302.2900390625	24635.294921875
189.9938112790013	294.73199462890625	24101.306640625
141.0426599015954	100.85800170898438	24075.82421875
102.0427616318196	1042.02001953125	24046.423828125
186.9187373009341	1121.530029296875	24037.1015625
173.08767521234142	290.97900390625	23825.05078125
153.09028368789848	419.14599609375	23146.728515625
177.04603147192148	424.3370056152344	22823.22265625
152.0837689506913	253.21299743652344	22382.1171875
229.92280388536713	620.6409912109375	22334.896484375
214.97131503201916	264.52801513671875	22130.865234375
217.07741519264002	251.92599487304688	22039.58203125
92.94620588558786	528.1409912109375	21786.044921875
287.13681228163495	224.906005859375	21452.90625
336.8831649053001	1430.260009765625	21419.66796875
164.06898736179616	239.2310028076172	21021.203125
175.0956062788132	655.3140258789062	20116.927734375
222.08940124806279	237.98599243164062	20099.462890625
204.1015185360045	239.2310028076172	20064.474609375
138.99388224502195	572.6480102539062	19415.06640625
202.045039213236	609.3280029296875	19221.3203125
409.4002698143155	205.875	18437.314453125
156.0036496978706	638.6110229492188	18238.203125
115.99319108400097	656.56201171875	18157.42578125
293.02351173798746	637.1790161132812	17733.13671875
229.96499127710652	1328.199951171875	17297.40234375
201.0461823403079	354.4930114746094	17150.755859375
232.13269238162783	226.197998046875	17106.2734375
657.1181236852912	655.3140258789062	17083.708984375
100.0134639684553	1308.6500244140625	16895.392578125
233.77127924518993	603.093017578125	16649.16015625
94.0259319334689	350.6610107421875	16500.57421875
308.1738491042077	354.4930114746094	16474.923828125
405.0773356531389	285.9540100097656	16384.0859375
350.1690993478267	611.864013671875	16384.009765625
291.09551015758797	540.6389770507812	16133.3154296875
205.97801040946504	828.2260131835938	15863.4091796875
133.0647923402935	576.3870239257812	15698.6669921875
222.05636310623663	232.6269989013672	15479.970703125
103.034887725891	437.2070007324219	15415.0615234375
152.0279624073769	487.57501220703125	15388.845703125
392.86798014382896	1432.77001953125	15377.708984375
393.7054994275275	311.4280090332031	15322.259765625
354.8962622826009	783.7760009765625	14615.1455078125
231.8639858148933	226.197998046875	14541.0341796875
238.05427046694388	438.49200439453125	14502.203125
312.30304996984324	1434.02001953125	14312.2421875
188.09236221216145	524.4000244140625	14178.3955078125
172.06727821861364	360.74700927734375	13822.5703125
114.10445211227206	279.6610107421875	13556.7861328125
315.7358903204341	500.18701171875	13176.1904296875
309.90324946187786	773.5159912109375	13155.4091796875
359.90787622080836	770.9650268554688	12791.921875
196.073989657798	229.94500732421875	12727.470703125
125.05888592402898	493.89898681640625	12466.70703125
138.94785834202128	5.3347601890563965	12439.0830078125
244.06948449371689	502.9119873046875	12229.57421875
460.860755182533	102.11199951171875	12201.7802734375
246.03504853135908	610.5770263671875	12066.6318359375
509.85427415979024	1311.1500244140625	12062.6435546875
317.5687636527144	656.56201171875	11966.970703125
90.0677342216889	372.12200927734375	10902.173828125
245.0898154819584	524.4000244140625	10602.6826171875
156.09809415581825	329.20599365234375	10483.462890625
133.04556686654573	392.4010009765625	10304.453125
153.09026328337595	91.98899841308594	9920.2294921875
155.06951767359558	4.0797600746154785	8913.9609375
186.06403422571154	978.3359985351562	6848.49609375
179.06176815488243	1129.5400390625	6662.373046875
