	RT	Std1_1in50
95.98760217890107	1357.4000244140625	2.4190896E8
256.2403518748366	214.38499450683594	1.12704728E8
115.943555182181	1383.5699462890625	6.4557412E7
173.96519480970974	1357.4000244140625	6.2180776E7
284.2715514853225	211.8990020751953	4.4609336E7
166.02659873401979	597.0570068359375	3.5435612E7
117.9417709489702	1383.5699462890625	2.8014778E7
257.2437047407819	214.38499450683594	1.9500302E7
174.0163918998851	699.5809936523438	1.9300248E7
144.11502276465774	253.69500732421875	1.7257272E7
136.05248304100766	302.82501220703125	1.7037072E7
77.97677264792931	1357.4000244140625	1.4774876E7
96.98718507493312	1357.4000244140625	1.3625007E7
104.01081820597695	642.8519897460938	1.2465752E7
233.93204059920197	1357.4000244140625	1.0674886E7
97.98447692438762	1357.4000244140625	1.0007704E7
169.07392992583146	437.7950134277344	9714450.0
256.2403330092452	1359.969970703125	9632622.0
285.2748990850936	213.14199829101562	8230732.5
130.0266388201784	699.5809936523438	7679750.0
116.08371239345854	285.1470031738281	7554696.5
204.87626546548677	1363.969970703125	7553104.5
206.87446659943717	1349.800048828125	6802660.0
195.913163693602	820.4929809570312	6718476.5
174.96478170197176	1357.4000244140625	6565090.5
206.874477762918	1362.72998046875	6548435.0
135.98045150349267	1357.4000244140625	6265050.5
118.0266245436085	617.6519775390625	6139737.5
122.03679571843976	354.5780029296875	5931663.5
122.03678508051226	597.0570068359375	5799498.0
141.99342412089385	1358.72998046875	5526212.5
158.1306789535111	241.0989990234375	5383826.0
155.95471847312922	1365.2099609375	5282338.0
156.01719064564114	493.69000244140625	5161050.5
196.0583390375155	597.0570068359375	5089844.5
215.84010689035475	1343.3800048828125	5018481.0
206.87448150999276	1383.5699462890625	4710122.5
284.27155728540686	1358.72998046875	4647306.0
213.8421436233375	1347.1400146484375	4610970.5
141.99342336462985	1365.2099609375	4461363.0
148.037204431003	622.6900024414062	4371721.0
195.91318060141157	1352.280029296875	4311163.0
284.27155753322137	1384.81005859375	4098176.25
200.17774014973523	223.36099243164062	4056822.75
194.04265571733706	661.7260131835938	4047646.0
175.96202999356382	1357.4000244140625	3917257.25
102.0679119362892	336.91900634765625	3863402.25
209.94196875580113	1354.8800048828125	3832960.75
311.9095650823267	1358.72998046875	3822458.0
126.04291699465391	406.3479919433594	3724848.5
136.95237278226176	1363.969970703125	3637090.5
407.9097531132791	1363.969970703125	3571143.0
112.02728265442924	446.9100036621094	3523297.5
130.0994340618387	262.47601318359375	3521245.25
209.07227391266073	387.4179992675781	3417971.0
228.20910886133305	218.19500732421875	3405885.0
164.04744778627088	431.5270080566406	3285106.0
167.02997913056709	597.0570068359375	3048803.25
219.97075481149415	1354.8800048828125	3041149.0
195.91318928012828	1378.4300537109375	2903211.25
329.9325146800536	1369.239990234375	2718993.75
174.96478652228245	1386.0799560546875	2714847.75
195.94719905669686	1357.4000244140625	2698139.0
242.2247803483481	216.90899658203125	2694085.5
135.0545533516505	499.9620056152344	2507828.75
172.14642819837442	232.14599609375	2424474.0
112.02728720347916	494.93798828125	2415260.75
202.04788581365082	320.4679870605469	2402322.25
195.87594203941583	1338.239990234375	2359312.25
251.95505422458427	1365.2099609375	2307854.5
94.04156843813999	297.7829895019531	2306136.25
117.9417812446907	13.194899559020996	2304933.5
97.99186722410134	1365.2099609375	2289066.25
95.99997210245442	1378.4300537109375	2256503.5
173.977526900208	1362.72998046875	2226618.75
293.89889758793026	1357.4000244140625	2223064.0
156.11512005636197	238.60899353027344	2184556.0
219.970743748855	1365.2099609375	2183111.25
212.14136324345273	241.0989990234375	2129330.5
197.8741529520962	1339.47998046875	2120986.0
232.1212174605876	278.87298583984375	2101096.0
95.99993464166248	1373.1099853515625	2031452.375
266.15521534434856	1365.2099609375	2027749.0
172.00424033427976	1349.800048828125	2015877.0
76.0154794349904	381.0780029296875	1958478.875
117.93592626660299	1348.56005859375	1940130.375
169.0045614861225	647.8939819335938	1915732.375
217.83773336937	1347.1400146484375	1894656.25
123.03207186170611	407.59600830078125	1893165.75
233.9320259078712	693.2899780273438	1890940.0
88.05204429226347	387.4179992675781	1835645.375
141.99343094086606	1387.3199462890625	1830904.25
117.93596283988136	1387.3199462890625	1789226.0
206.16712496089463	234.82400512695312	1784646.875
242.09039183736402	405.05499267578125	1771694.875
195.87595902326578	56.46039962768555	1763508.125
287.9193156335224	1354.8800048828125	1757080.0
254.224685699106	1368.0	1740838.625
295.8071576502951	1349.800048828125	1740716.0
257.2436722583706	1365.2099609375	1728048.875
133.8751538900634	604.89697265625	1726693.5
151.96975951558792	1331.6199951171875	1670401.75
236.96094967353247	1349.800048828125	1667590.875
228.2090989441431	1359.969970703125	1659855.25
195.8759491162937	273.8500061035156	1653036.75
195.87595966697037	320.4679870605469	1635820.5
295.8071922396281	1363.969970703125	1632880.0
195.875960362662	348.2760009765625	1609053.5
195.87595684210598	305.322998046875	1605100.125
195.87597480480687	216.90899658203125	1602558.625
206.87448221248022	1410.550048828125	1581168.25
195.8759591163859	367.2229919433594	1573900.75
258.24715423242475	213.14199829101562	1572074.875
195.87595959117454	252.406005859375	1529199.375
137.0557661204986	304.0740051269531	1515890.5
86.03635712300587	394.9630126953125	1513597.25
234.931611152967	1365.2099609375	1509425.375
195.87596423561018	266.3089904785156	1504380.375
228.07479622638485	446.9100036621094	1501971.25
126.90742631863704	1331.6199951171875	1488785.125
195.87596658531126	381.0780029296875	1479868.875
211.9389886014288	1353.6400146484375	1471386.375
117.93600831961078	1371.7099609375	1469008.875
208.87269583859688	1362.72998046875	1463927.625
113.05893362267014	499.9620056152344	1459135.0
136.9523749537091	1410.550048828125	1438512.625
116.94692656409755	1362.72998046875	1437433.75
95.99997982760435	1344.6199951171875	1431340.125
371.87619519841076	1356.1600341796875	1420973.625
211.1209485692829	275.09698486328125	1405600.75
126.90749578075362	1339.47998046875	1402551.375
138.94784929220435	1363.969970703125	1395579.75
293.8091165223148	1349.800048828125	1389354.0
145.11840771959638	252.406005859375	1380973.625
117.93589620746516	1431.989990234375	1380498.75
126.90738979456283	606.1900024414062	1375405.375
273.8905475186858	821.7479858398438	1345539.375
698.2996865301036	221.9320068359375	1317668.375
302.24595072389064	214.38499450683594	1308333.25
354.05644164644116	314.1679992675781	1298827.625
282.2558877584057	1362.72998046875	1274922.875
266.1552340226519	205.58099365234375	1266289.25
175.01978325664075	699.5809936523438	1254043.875
304.7728708904182	1349.800048828125	1225720.0
204.87627698242957	214.38499450683594	1225595.75
95.99997614041598	1404.0899658203125	1209901.75
214.19344336037588	220.68600463867188	1196704.875
92.01062030077294	1297.18994140625	1180019.875
74.03618631341979	439.0400085449219	1175578.375
92.01062360145997	1329.1400146484375	1172709.0
116.01094884129978	555.3709716796875	1166980.125
129.0426264631868	487.39898681640625	1143832.875
130.06305196575917	377.322998046875	1143217.625
293.8091108075455	1363.969970703125	1135993.875
174.96476381462165	691.9990234375	1132815.875
186.16202284904742	225.85699462890625	1131633.25
204.8762703276062	34.95600128173828	1128053.125
215.8401389861566	446.9100036621094	1127927.5
249.08733226285423	1354.8800048828125	1124677.875
138.94785023078072	1383.5699462890625	1124655.75
134.02155070634595	649.1430053710938	1120691.5
74.03617565351325	617.6519775390625	1116645.75
148.03722281741906	588.2869873046875	1103349.875
206.87449748812784	214.38499450683594	1101698.5
135.87214180065914	604.89697265625	1089785.5
155.95471081725637	681.9080200195312	1089321.625
179.9702705918755	1357.4000244140625	1066436.875
155.95470518449866	704.6170043945312	1061569.875
196.9131585141499	825.5139770507812	1055755.875
213.84215503530146	453.20001220703125	1050985.125
242.22477045346963	1371.7099609375	1049398.0
206.87448463112767	14.449700355529785	1045967.625
215.84015574695317	498.7149963378906	1045066.4375
204.87627080534963	103.21800231933594	1044998.625
170.02156552323711	1349.800048828125	1040836.4375
240.2091736872599	216.90899658203125	1030337.3125
219.9707524909127	1378.4300537109375	1004711.5625
235.92889399859698	1362.72998046875	1003471.0
200.1777449096767	1354.8800048828125	987991.0
175.96942642435533	1363.969970703125	977934.875
244.06957033357398	503.7380065917969	976949.75
191.96236822351128	1325.1700439453125	976943.6875
206.87448330238544	91.84960174560547	976092.4375
195.91316149900203	1150.5799560546875	975686.9375
215.84014357094105	348.2760009765625	971846.625
140.01435904931475	1366.6300048828125	968446.0625
206.87447882477974	144.91700744628906	961289.875
233.93202399263717	845.7789916992188	960834.0625
312.9090403036042	1358.72998046875	956692.5
204.87626659287992	345.7279968261719	954332.6875
215.84013687533678	522.6099853515625	954329.5625
174.96477469223305	651.6430053710938	952402.0
92.01064760993826	1349.800048828125	940036.9375
97.9767102578046	1358.72998046875	935548.4375
198.16207046211477	223.36099243164062	934757.6875
206.83971748179422	453.20001220703125	932089.25
213.84215702925505	357.1239929199219	931911.9375
161.08411415721372	1389.989990234375	927239.0625
215.84014283589943	539.02197265625	922708.8125
206.8397117525542	488.64898681640625	920988.6875
285.2748821200189	1358.72998046875	913915.25
204.84171932692513	450.6600036621094	912314.625
204.84171241069222	469.7279968261719	911637.875
312.1762596902267	1362.72998046875	911296.4375
215.84013695981892	305.322998046875	908885.0
286.2782655153808	213.14199829101562	907521.0625
326.1917632344084	1361.3800048828125	907386.75
206.83971122732953	467.22601318359375	906335.5625
195.87594841054076	487.39898681640625	904739.8125
204.87625752188112	306.6180114746094	903381.5625
104.04721071891413	457.13800048828125	892627.75
158.05791266475705	320.4679870605469	890584.1875
155.95472150865905	729.844970703125	888106.0625
233.93203212251348	1423.1300048828125	877012.0625
314.9384355074534	1349.800048828125	872380.0625
206.87447314916747	273.8500061035156	869604.5625
270.21963366589387	218.19500732421875	867364.6875
213.84214683877275	304.0740051269531	865287.5
233.9320277983717	867.5499877929688	862087.625
206.83971228327698	523.8980102539062	859803.6875
270.25594991960196	215.62899780273438	856887.1875
206.83971250202336	1338.239990234375	856536.1875
206.87448456519024	352.0329895019531	856493.5
195.91315760523062	1273.93994140625	851448.6875
204.8417234038202	491.14898681640625	848498.875
295.8071944566764	1383.5699462890625	848206.1875
297.8054025497175	1349.800048828125	846810.375
146.99088773329436	213.14199829101562	838525.3125
233.93201624859898	887.9940185546875	837176.1875
204.87626712785047	1439.5999755859375	835954.9375
170.02158492035792	774.7319946289062	835510.375
174.964773429571	760.6539916992188	834992.625
408.909313702072	1369.239990234375	829138.625
161.08407628978821	1369.239990234375	828435.4375
97.97682921328274	606.1900024414062	823408.875
233.93201993403403	912.4099731445312	821377.375
204.84171885328593	431.5270080566406	821018.75
195.9131627105437	1218.5999755859375	812908.875
78.97636176446059	1357.4000244140625	808976.5
302.77486807603447	1347.1400146484375	800040.625
213.84215565158158	185.35699462890625	799580.125
213.84216797879415	206.87399291992188	798048.375
215.84013548508003	599.7269897460938	795862.625
306.7708127749128	1347.1400146484375	794888.5625
170.07727968395582	437.7950134277344	792520.0
86.03633741796642	699.5809936523438	792519.3125
213.8421530932931	251.15899658203125	791161.1875
204.84171149896204	520.1079711914062	790618.875
213.84215768128786	171.48399353027344	789328.625
155.95471097671063	754.3389892578125	788801.0625
233.93202027174814	962.2670288085938	784343.0
146.99087065944337	70.36640167236328	783768.875
233.93200795976296	918.7940063476562	783412.3125
213.8421490099099	280.1180114746094	781633.4375
393.87055065983543	1357.4000244140625	772352.5
204.8416981420686	1334.2900390625	769084.0625
273.89059541107844	1351.0400390625	767819.375
310.18158441357684	1368.0	763350.9375
257.093471609285	1386.0799560546875	761783.375
163.97538779537527	1352.280029296875	760462.625
169.98036092080068	1326.4599609375	745105.5
195.87595567562076	510.0249938964844	742802.9375
175.96200743652884	688.2470092773438	741404.0625
146.9908721449538	261.22698974609375	738531.1875
196.9131882056693	1352.280029296875	737009.125
204.84171196877224	545.3070068359375	735162.0625
146.99086894381372	139.906005859375	735099.875
146.99087114945252	304.0740051269531	735037.875
146.99086765191987	196.76400756835938	732508.5
204.84173145773437	401.2659912109375	728218.6875
92.01065222576318	1375.5799560546875	712791.3125
213.84215323960225	157.57200622558594	711108.5
382.0877056235294	218.19500732421875	706151.875
175.96200759650148	704.6170043945312	705298.0625
209.9419798795031	604.89697265625	702485.0
206.8397250493082	325.51800537109375	699565.0625
161.08406714606494	1354.8800048828125	698400.1875
213.84215012705266	122.18499755859375	696819.8125
174.96476995775302	845.7789916992188	696631.5
313.90631205056997	1358.72998046875	695260.4375
146.99086841127166	369.72698974609375	693399.8125
133.87515886489467	520.1079711914062	693128.1875
133.87515682443035	551.5869750976562	689844.25
286.8068089828405	1339.47998046875	689165.4375
204.84172705996892	383.6239929199219	677691.75
224.8056574733563	604.89697265625	671696.3125
254.15194370239232	229.6490020751953	670264.0
195.87594975848234	531.4420166015625	669284.3125
175.96200752940703	661.7260131835938	663303.0
146.99087259541093	386.16900634765625	658387.375
79.97363902280863	1359.969970703125	654135.5625
213.84214642365987	583.072998046875	653996.3125
118.9451452560638	1365.2099609375	653860.25
155.95471690177118	791.3740234375	652461.625
295.77242033251383	1339.47998046875	652221.1875
130.0266594409917	545.3070068359375	651628.6875
170.02159682415825	1383.5699462890625	647316.6875
102.03151259369874	295.239990234375	646372.625
125.01462448550906	642.8519897460938	646229.0625
233.9320217223303	989.322021484375	642999.125
297.805401792777	1363.969970703125	641741.0625
293.80914949905116	1371.7099609375	639438.0625
97.96712034222244	707.1599731445312	635673.125
123.9952832672609	1374.3499755859375	634933.9375
124.05246657365672	585.5689697265625	632956.5
122.03679518125291	459.63800048828125	631610.875
270.25592001057674	1354.8800048828125	631484.3125
215.84015818042343	60.26110076904297	630996.5
213.84216167732853	104.47100067138672	628572.6875
268.0807942930995	530.1920166015625	623396.25
289.91631832690507	1354.8800048828125	619897.1875
175.96201981528662	650.3939819335938	619516.125
175.96201781436412	729.844970703125	619471.5625
206.83973455662738	270.05999755859375	617128.3125
155.95472668073594	1424.3800048828125	616341.0
118.93598701897888	829.3709716796875	616169.3125
119.05827565804387	621.4010009765625	609014.8125
155.9547180497454	807.8579711914062	608424.375
155.0695322291298	632.77099609375	606340.4375
382.21064195096596	1388.75	597270.4375
146.99085902202737	465.9309997558594	596045.75
155.95471448967407	845.7789916992188	595709.5625
206.8397368596855	257.47900390625	595264.0
157.96229541186787	1358.72998046875	593172.5
241.95278474696488	1354.8800048828125	592092.875
204.84173052050699	251.15899658203125	589732.0
92.04702366733095	521.3579711914062	588088.375
91.97830100454154	1257.27001953125	587610.3125
146.99086689701545	431.5270080566406	583736.625
294.18671629115204	1357.4000244140625	581708.125
289.0651736748597	1357.4000244140625	577108.0
138.9478371439113	1410.550048828125	572207.0
409.90653339238673	1354.8800048828125	571342.8125
270.2559352868259	1382.1500244140625	568610.8125
175.96200904472005	773.4760131835938	568366.9375
155.95471018140182	881.6170043945312	567798.4375
206.839733654661	167.7239990234375	565740.9375
206.83973353263266	143.6649932861328	562830.25
236.07202061714378	220.68600463867188	561730.75
273.8905888406979	1375.5799560546875	560123.0
312.30306459086455	210.65499877929688	559870.4375
206.83971704571155	640.3109741210938	557619.5625
195.87593557430984	636.56201171875	556859.3125
354.20777522387016	1363.969970703125	555623.75
139.02695956639832	1349.800048828125	550280.3125
117.96982724727323	1361.3800048828125	548091.375
282.2559657428679	211.8990020751953	547970.125
284.8085670657536	1339.47998046875	547777.6875
153.98544139527846	1325.1700439453125	547477.3125
155.95471300611172	962.2670288085938	546764.75
146.06916304341368	635.2689819335938	546581.0625
298.2509854214141	214.38499450683594	545188.875
204.8417354616392	167.7239990234375	542148.375
156.95432448436543	1365.2099609375	540235.1875
127.02451271774508	261.22698974609375	540055.625
102.03152119564483	363.4230041503906	539871.5625
116.94062759873033	1362.72998046875	538336.0625
222.80788309988338	604.89697265625	537006.1875
169.05748267903093	1365.2099609375	531682.125
340.2073659411457	1359.969970703125	531393.5
159.13406228355697	234.82400512695312	527708.25
201.95234494679744	1363.969970703125	526673.8125
175.96202965232075	1424.3800048828125	526053.0625
207.05418718412452	1382.1500244140625	526005.5
224.8056331750997	1339.47998046875	525677.3125
116.94692145239787	1406.6300048828125	524319.5625
116.04733578270353	418.9360046386719	522823.90625
210.9415978439785	1354.8800048828125	521603.0
279.9374265998973	1357.4000244140625	518294.375
155.9547172141732	949.4400024414062	515987.71875
155.9547109950225	1341.9599609375	515613.59375
206.8397263719851	244.8780059814453	514452.59375
206.83973981950845	100.71099853515625	513537.28125
155.95471157877498	982.9329833984375	513233.59375
91.97830342316249	1055.2900390625	512982.09375
229.21229266444294	216.90899658203125	509055.40625
196.91319475132505	1375.5799560546875	508803.6875
201.18103796992588	224.60899353027344	507915.0
699.3030908948734	220.68600463867188	507137.84375
330.27734233068406	213.14199829101562	505567.71875
204.84171212063944	647.8939819335938	503508.96875
108.05745230530252	459.63800048828125	500767.9375
91.97830315775556	995.6259765625	500235.375
100.05223064788721	358.375	497575.3125
133.03751735936368	618.9010009765625	497269.5625
206.83970447267828	201.822998046875	495627.8125
168.0649848115053	1384.81005859375	495435.15625
91.97830517993364	944.3590087890625	495029.5
302.2459065834932	1354.8800048828125	493493.875
105.04247549189753	659.2249755859375	491306.03125
155.9671445205891	1368.0	490550.40625
206.83973777166614	88.08940124511719	489117.53125
117.08707780542663	286.4429931640625	486043.21875
135.98045358360534	1424.3800048828125	481038.625
123.0401612368703	353.3269958496094	480111.09375
206.83969923191282	689.4970092773438	479303.96875
91.97830044400253	916.2310180664062	478820.8125
91.97830113411645	968.8380126953125	477509.4375
91.97830467970454	839.5009765625	476906.75
146.99086078763796	477.3139953613281	475755.9375
251.04404042374958	1389.989990234375	475387.0
204.84173197371857	66.56770324707031	475222.09375
280.24028492952846	1366.6300048828125	474871.3125
252.10328566876356	214.38499450683594	472551.09375
242.07929580316937	1373.1099853515625	471672.4375
148.03722775018164	1370.469970703125	470802.90625
91.9783087819896	796.4400024414062	459410.6875
132.0534794062515	639.0609741210938	459074.5625
348.8932621763774	77.97149658203125	458741.84375
340.2072604931185	1380.9100341796875	456658.09375
255.91402235011685	1359.969970703125	452636.34375
295.8956771993789	1357.4000244140625	450035.78125
382.21061426816414	1361.3800048828125	449986.125
91.97830289544834	1071.1800537109375	449792.5
96.9918060434263	1358.72998046875	449477.21875
217.8377247367154	470.9779968261719	448622.09375
326.3186136599862	211.8990020751953	447871.125
297.7703547144226	1339.47998046875	446729.59375
204.8416918697495	702.0780029296875	446566.8125
199.87237240979294	1339.47998046875	444151.84375
91.97830317856199	1095.5400390625	443680.875
206.83975082925724	38.79520034790039	443493.3125
157.95140631460777	1356.1600341796875	443263.1875
147.05319248908083	606.1900024414062	443120.3125
175.96201729965418	855.9180297851562	441897.84375
137.8705146514688	606.1900024414062	433442.0
136.97996936654337	1358.72998046875	432996.90625
365.89641963622	1354.8800048828125	432657.46875
330.93210016097913	1362.72998046875	426086.8125
123.04015743858722	597.0570068359375	425629.0
167.9824202013961	684.4509887695312	420718.34375
130.02665110631293	622.6900024414062	419991.5
175.96201065325081	964.8289794921875	418738.15625
137.99868274741038	1359.969970703125	418241.78125
294.18323161797696	221.9320068359375	416550.96875
151.06334235093874	437.7950134277344	416470.34375
161.08410687881045	1420.6300048828125	416100.75
133.87514096767154	1335.530029296875	415772.40625
175.9620181172004	833.1389770507812	415750.78125
243.22815097375468	216.90899658203125	415152.625
294.89839048699383	1357.4000244140625	414310.90625
175.96200478318787	890.510009765625	413696.96875
134.07319331892282	1382.1500244140625	412734.875
348.8932505529398	42.550201416015625	411451.5625
284.27156501527986	343.2229919433594	410470.375
255.22803944550333	1354.8800048828125	405809.8125
272.2351953372573	223.36099243164062	404679.1875
175.96200907475162	810.3660278320312	403681.03125
158.99641328445253	1358.72998046875	403264.8125
139.97775729193523	1358.72998046875	398428.625
213.8421429274556	660.4749755859375	395260.40625
284.27156591420277	66.56770324707031	392232.125
206.83971918764985	715.9530029296875	391061.09375
225.88520322208575	1340.719970703125	390867.71875
235.93995097051405	1357.4000244140625	390802.4375
133.87515687562612	659.2249755859375	389355.9375
137.04767180966687	508.7749938964844	388902.90625
372.8756303427211	1359.969970703125	388541.46875
131.02992826167784	698.3319702148438	385507.71875
100.05223024632421	267.5589904785156	384249.5625
204.84173605169005	34.95600128173828	381809.84375
133.875170333818	213.14199829101562	380356.90625
195.91319750870554	578.0419921875	379542.65625
193.91869505662365	810.3660278320312	375654.78125
400.0982584560801	215.62899780273438	375005.3125
222.80786401073084	1333.050048828125	374458.71875
242.07925878148416	350.77899169921875	374300.75
220.97028096689147	1357.4000244140625	374264.71875
127.91233792879085	1359.969970703125	371804.34375
384.73983678521677	1362.72998046875	369528.4375
226.80330147401847	604.89697265625	368508.4375
208.83741127363731	460.88800048828125	367876.84375
97.99187415055309	1424.3800048828125	366138.03125
219.97074207813912	694.541015625	364888.9375
175.96201518296834	979.1500244140625	363714.75
293.7745702001346	1339.47998046875	361831.375
146.13069437461166	277.62701416015625	361485.46875
251.95501185580716	1410.550048828125	360736.71875
217.8377192669567	518.8579711914062	357483.1875
255.92650201082012	1348.56005859375	357208.125
222.80789329118437	1347.1400146484375	356875.5625
283.25923849750643	1378.4300537109375	355980.9375
197.87418076943246	1375.5799560546875	355927.53125
105.0141755490883	644.1019897460938	353689.65625
175.9542046972407	1358.72998046875	353221.5
208.83742122246477	411.343994140625	351061.21875
134.07320122632683	1357.4000244140625	350332.65625
172.14641934763327	1353.6400146484375	348964.625
267.15855522814627	1358.72998046875	348492.375
242.07921373581198	1431.989990234375	347085.6875
431.8424683571894	1358.72998046875	345064.53125
133.87515275868262	681.9080200195312	344116.84375
151.97792773231137	1349.800048828125	343768.46875
297.80537941603035	1370.469970703125	343153.0625
133.87514811237162	691.9990234375	342772.0625
197.87417519752574	1411.800048828125	342515.71875
129.9878612320868	1327.8900146484375	342503.59375
157.95039578108592	1312.530029296875	340452.9375
217.8377227283301	599.7269897460938	340413.6875
286.8068271354761	252.406005859375	339584.71875
222.80788865941471	515.0650024414062	338627.9375
201.97269600489437	1371.7099609375	338511.5625
121.97959633796566	1348.56005859375	338104.65625
170.10558445927117	1359.969970703125	337249.71875
99.03176375921907	1362.72998046875	337127.9375
280.2402340697779	1384.81005859375	336183.1875
175.01171922504142	242.3459930419922	336075.625
233.93201299769058	1200.0699462890625	335579.28125
298.1603544718849	1354.8800048828125	335252.59375
286.8068427092484	214.38499450683594	335179.75
122.00377041815017	333.1180114746094	335178.96875
208.83734183694872	1333.050048828125	335062.9375
233.93201273411535	1276.510009765625	334979.25
257.93413967112156	1327.8900146484375	334393.5
255.8893402672802	1352.280029296875	333418.96875
229.21232416090163	1361.3800048828125	332700.375
197.87417290025093	1439.5999755859375	331812.84375
382.2105929273766	1416.8399658203125	329189.15625
195.87596098297485	1402.8499755859375	327035.875
115.02693304980704	357.1239929199219	326839.90625
213.1447175563517	239.85400390625	326691.8125
147.97325909233942	1333.050048828125	326052.65625
268.24021856692127	1357.4000244140625	323631.78125
286.8068232723556	304.0740051269531	323573.78125
175.09568786070963	657.9760131835938	322592.34375
197.06170394870674	597.0570068359375	322080.09375
130.0266582740818	732.5349731445312	321652.84375
201.9602311338004	1359.969970703125	321423.09375
142.99290853554436	1359.969970703125	320440.09375
365.278111089028	34.95600128173828	317764.125
208.8373847570422	544.0579833984375	316370.3125
73.99980240164031	446.9100036621094	315244.125
174.9647648361152	1246.93994140625	312412.375
196.9468233435771	1358.72998046875	312330.28125
148.03724347143856	1356.1600341796875	312101.5625
152.0473614605936	459.63800048828125	311253.25
386.18589615945837	239.85400390625	310367.21875
163.97540290317087	1374.3499755859375	309326.34375
211.9389858148761	606.1900024414062	308385.78125
233.12454684550167	277.62701416015625	308336.78125
119.0299698496655	617.6519775390625	307946.59375
125.99047099705379	1325.1700439453125	303683.6875
195.8759748831105	1378.4300537109375	303261.8125
398.2338050839891	1359.969970703125	302562.0625
329.0527735172675	464.67999267578125	300912.96875
207.17046145109416	236.11599731445312	299624.59375
170.1055824207818	1387.3199462890625	299010.3125
165.05080827429404	431.5270080566406	298882.125
123.98280298327701	1357.4000244140625	298715.4375
147.9732772028457	508.7749938964844	298614.90625
226.80323566500098	1333.050048828125	298555.9375
173.14977767020284	232.14599609375	297513.90625
315.89346879152765	1349.800048828125	295746.78125
208.83741593202012	305.322998046875	293610.21875
157.0043865021989	1365.2099609375	289431.78125
274.89041096766124	816.6849975585938	288342.5625
288.8050259390103	1343.3800048828125	286658.53125
157.02056192476255	493.69000244140625	285417.53125
115.94135150303127	820.4929809570312	284181.3125
233.944316086073	1363.969970703125	283974.09375
100.01585920606045	370.97900390625	281608.34375
208.83741112854392	323.0150146484375	281551.84375
138.0429185762219	1347.1400146484375	281078.0
298.2872283728393	213.14199829101562	279986.5625
99.9739270874586	606.1900024414062	278964.71875
136.0524668945908	246.16799926757812	278832.375
131.1027196624895	265.0159912109375	277986.9375
268.2402571041028	1383.5699462890625	277143.5625
219.97073324353013	882.9180297851562	277134.125
128.0473657191425	401.2659912109375	277105.96875
164.0474557717568	455.70098876953125	276833.5
368.3654838267539	209.41200256347656	275547.78125
284.80859237573503	31.199499130249023	273809.5625
195.0460316388452	659.2249755859375	273360.25
170.85691631361175	1333.050048828125	273035.03125
216.0402298933911	607.43798828125	272138.25
210.03760723291344	678.155029296875	271395.4375
204.8417106594725	741.530029296875	271321.75
122.00377543920048	157.57200622558594	270523.1875
155.95470490377534	1263.6199951171875	268701.46875
192.02715411139545	1359.969970703125	268563.4375
219.8355182047731	1340.719970703125	266895.9375
176.96159210040148	1356.1600341796875	266080.90625
219.97074317520003	926.39697265625	266031.96875
92.02903448317821	347.02398681640625	264864.03125
393.70559980673863	1349.800048828125	263839.875
131.05822110956535	625.1890258789062	263727.03125
386.7380547790419	1362.72998046875	263642.625
197.9440621103533	1356.1600341796875	263557.71875
168.03061985741238	597.0570068359375	262240.40625
195.95961641731498	1343.3800048828125	260870.125
240.13643789110176	218.19500732421875	258982.265625
395.7033801044471	1349.800048828125	258950.0
202.01148979904477	729.844970703125	258847.78125
163.96336856224613	1365.2099609375	258752.140625
240.2090787424912	1375.5799560546875	258737.171875
137.99869161143633	1375.5799560546875	258545.484375
188.01440824711693	242.3459930419922	258521.65625
178.0478000010274	547.8400268554688	257799.21875
149.04059798704273	622.6900024414062	257713.640625
155.95470611767882	1179.530029296875	257207.28125
206.83973802089778	750.5339965820312	256898.15625
146.9908576065558	552.8729858398438	256514.609375
137.97725718748603	1358.72998046875	256410.921875
302.2458692227663	1373.1099853515625	255993.21875
219.970745866387	889.2520141601562	255192.234375
158.13066707313777	1349.800048828125	253509.328125
193.91871309928553	1373.1099853515625	252765.25
150.0081810727128	334.3699951171875	252163.015625
355.0598677885166	312.9169921875	251232.578125
221.9676843109447	1365.2099609375	250468.515625
133.8751537729508	373.52398681640625	249995.25
140.01436614526222	304.0740051269531	249206.65625
143.99021057489523	1359.969970703125	249025.96875
216.06355656002702	1365.2099609375	248860.96875
210.0756199372966	387.4179992675781	248711.296875
449.8530568230047	1357.4000244140625	248353.671875
226.8032259477847	1344.6199951171875	247928.734375
208.87271278266675	36.2504997253418	247121.09375
134.07319575407993	1420.6300048828125	247110.09375
372.06690290363997	309.1199951171875	246928.375
207.87790273215236	1352.280029296875	246535.1875
142.9310564223549	225.85699462890625	245876.078125
122.00378659867208	354.5780029296875	245803.296875
188.11614525052752	628.9819946289062	245800.40625
122.0037727877958	401.2659912109375	245331.484375
219.970732745701	988.06201171875	243605.3125
139.0269483320687	292.739013671875	243535.453125
112.01606182220425	320.4679870605469	243259.3125
226.19349218107382	219.4409942626953	243105.390625
144.0786574614135	349.52801513671875	243101.0
166.0482023997619	258.72698974609375	243078.0625
373.9217513405691	1363.969970703125	242480.46875
133.8751581121745	348.2760009765625	242275.703125
335.9037587275758	1439.5999755859375	241473.65625
177.94332303312035	1362.72998046875	241078.328125
338.2129012873226	1386.0799560546875	240935.109375
135.87232890796028	1329.1400146484375	240596.21875
226.19347036100868	1361.3800048828125	239629.453125
172.1100485994185	259.97601318359375	238991.90625
295.80716250857955	1410.550048828125	236798.328125
386.7380470999244	1349.800048828125	236598.671875
190.0954574566763	704.6170043945312	235785.65625
118.93883116090085	1382.1500244140625	235581.796875
136.03723091067752	554.1220092773438	235155.359375
101.01112442684362	448.1600036621094	234865.8125
103.07128840383346	338.1709899902344	234434.90625
195.94722613374512	1419.3800048828125	232675.171875
208.8374723055026	254.94200134277344	231339.171875
91.97830435655378	555.3709716796875	230022.71875
157.962309296933	1383.5699462890625	229522.4375
214.19337376500738	1354.8800048828125	228665.171875
441.86786103341024	138.6540069580078	228482.859375
115.06330901710098	583.072998046875	228276.0625
176.02051027603304	699.5809936523438	227787.984375
244.24029433876677	243.63099670410156	227439.0625
222.80787959044582	585.5689697265625	227130.96875
175.96200928862487	1198.81005859375	226357.8125
441.86787836092117	99.45780181884766	226101.625
156.07871332968904	263.7659912109375	224721.03125
116.01095296832774	655.4329833984375	224675.078125
200.06855794536875	352.0329895019531	223441.578125
324.30301645737524	209.41200256347656	222813.421875
440.1204566144788	1361.3800048828125	222545.6875
208.83740540685903	146.21299743652344	221902.625
176.9616326615157	1368.0	221507.875
97.99187079981075	680.656982421875	221233.796875
133.8751600778904	325.51800537109375	221166.03125
313.17942814079186	1358.72998046875	220029.984375
208.8727070217957	295.239990234375	219400.078125
182.0791800681337	616.4039916992188	218801.40625
197.9107650904158	1352.280029296875	217904.609375
303.24938761487425	215.62899780273438	217344.71875
441.8678713495519	27.401599884033203	216324.375
213.84217460066463	1391.22998046875	215892.875
122.00377322623113	370.97900390625	214894.59375
118.94512893622253	1406.6300048828125	214368.6875
184.14635025949627	225.85699462890625	214209.421875
203.0512553336832	320.4679870605469	213862.4375
202.19346103528423	251.15899658203125	213784.140625
179.05831133239542	354.5780029296875	212506.203125
81.92362477356683	1351.0400390625	212015.53125
146.99086113408433	589.5369873046875	211192.09375
208.83740150482922	77.97149658203125	210951.5625
250.03005254250945	296.5329895019531	210902.859375
201.02748298098993	220.68600463867188	210729.046875
97.99187434276749	707.1599731445312	210324.9375
156.00921678104245	1365.2099609375	208964.984375
441.8678705033308	179.09100341796875	208528.25
190.98659544125866	647.8939819335938	207501.71875
133.87516167501764	728.5919799804688	207166.734375
160.14636620739495	268.80999755859375	206787.859375
149.05108807288264	541.52197265625	206430.375
418.16304844147226	253.69500732421875	205778.015625
308.76864882616815	1344.6199951171875	205629.609375
123.9828086794391	1373.1099853515625	205273.171875
201.95236912563163	1380.9100341796875	204626.703125
137.8705205949429	518.8579711914062	203304.4375
441.86790025663345	167.7239990234375	202930.5625
127.04628092918139	406.3479919433594	201776.046875
243.09373864746004	406.3479919433594	201652.59375
192.02709475408284	612.4320068359375	200138.171875
183.05327166532376	266.3089904785156	199295.4375
218.06136736395158	246.16799926757812	197899.90625
118.06303278774342	374.7760009765625	197776.15625
134.01349125341784	290.19500732421875	197669.953125
219.97073330107705	1258.530029296875	197474.0
157.11838607189216	241.0989990234375	196947.59375
135.99288652419017	1340.719970703125	196071.984375
138.03170901148758	1349.800048828125	195463.421875
146.13071707061158	1373.1099853515625	195344.640625
137.8705201424298	484.8550109863281	194907.796875
208.8374051134149	703.3679809570312	193470.328125
323.05212088741513	616.4039916992188	193198.546875
340.33412253796865	209.41200256347656	192968.5
413.97371755000876	1349.800048828125	192637.75
139.97776498419145	1384.81005859375	192134.609375
172.1100410121452	280.1180114746094	190536.9375
295.80719694003807	213.14199829101562	189413.109375
179.88105252634014	1338.239990234375	188942.578125
120.05747228337154	432.81500244140625	188399.90625
386.7029925568007	1338.239990234375	188162.671875
126.0429080422639	528.9420166015625	187175.578125
152.03344522671563	541.52197265625	186995.40625
157.95143060537592	1386.0799560546875	186787.859375
271.22292361589444	216.90899658203125	186095.40625
240.13639861978854	229.6490020751953	185861.828125
242.07923720921443	498.7149963378906	185428.296875
137.94386658183527	1366.6300048828125	185233.546875
428.21577112086084	1371.7099609375	184478.09375
243.0859284118105	562.9340209960938	183832.84375
331.28072296156915	214.38499450683594	182951.34375
222.80788079373983	213.14199829101562	181472.1875
122.00377686376807	56.46039962768555	180805.6875
207.87789747056692	1383.5699462890625	180251.921875
410.41257251872935	208.16700744628906	180101.4375
165.0096884005178	444.2229919433594	179682.375
99.03179556481778	647.8939819335938	179606.546875
97.99529796180329	1326.4599609375	179223.3125
219.97073546507667	1188.469970703125	178191.484375
222.8078491682579	620.1519775390625	177927.96875
322.2177808306054	1368.0	177687.75
95.04494128151345	297.7829895019531	177193.140625
133.87516122707166	166.42799377441406	176403.65625
267.15869600593714	205.58099365234375	175685.734375
214.06312261348884	305.322998046875	175470.640625
178.04777533077552	575.5040283203125	175336.359375
168.85883616154968	1336.8199462890625	175324.390625
122.00378135132526	34.95600128173828	174919.609375
441.8677758983237	198.06199645996094	174808.390625
279.9375071931893	1382.1500244140625	174738.09375
384.70524305932776	1338.239990234375	174458.75
354.34996800079256	211.8990020751953	174286.640625
213.8421666416913	1414.300048828125	173579.96875
112.01605141748233	533.9819946289062	173375.078125
102.98797890899701	1336.8199462890625	173339.421875
170.10557616574414	1426.9300537109375	172799.203125
170.021582419096	1421.8900146484375	171516.0
300.2665764298534	218.19500732421875	171200.25
181.87929832446846	1329.1400146484375	169960.09375
212.12426875727812	272.5610046386719	169818.0625
383.0910478661835	219.4409942626953	169218.3125
307.0653574836565	503.7380065917969	168176.265625
186.08925171116454	266.3089904785156	167186.609375
211.06806825499498	387.4179992675781	165988.25
119.93415906924194	830.6259765625	165958.796875
166.04780817905248	586.8579711914062	165343.984375
324.03610880255417	585.5689697265625	165201.4375
210.10223327308765	230.89700317382812	160793.4375
313.1795209495761	1374.3499755859375	160392.375
167.05841697194776	258.72698974609375	159893.4375
170.1307406103273	232.14599609375	159684.90625
264.07221563987673	406.3479919433594	158998.21875
242.07923229192937	520.1079711914062	158916.515625
166.04819948215348	216.90899658203125	157678.109375
176.03208628226471	632.77099609375	156874.796875
264.1045249933898	1103.8399658203125	156441.40625
131.09462395482248	523.8980102539062	156122.28125
171.08962152081352	378.5740051269531	156062.65625
368.8894046963888	1326.4599609375	155031.578125
356.17545998992273	238.60899353027344	154124.390625
170.85691824991548	628.9819946289062	153846.265625
128.0837645070466	268.80999755859375	153576.5
113.03063890453191	448.1600036621094	153523.859375
445.20608243966683	1345.8599853515625	153457.65625
285.27488475575876	1428.22998046875	153314.078125
366.34995246608116	209.41200256347656	153092.828125
99.97391420959215	1349.800048828125	152707.5625
181.87931106208993	1339.47998046875	152435.21875
242.07923436316975	542.8090209960938	152318.375
116.9406437417822	1402.8499755859375	152149.625
268.2404134350815	215.62899780273438	151878.4375
206.0426858206614	686.9959716796875	150947.859375
159.0895711575498	348.2760009765625	150521.21875
229.07813171838293	448.1600036621094	149831.765625
494.37932971441325	1386.0799560546875	149818.265625
171.0896377554601	391.1669921875	149705.265625
179.82264856358688	626.4819946289062	149058.671875
194.0578799589593	281.364990234375	148123.046875
114.0681098356649	263.7659912109375	147996.796875
295.80715530389165	2.7857298851013184	146806.234375
316.8154806614531	1338.239990234375	146710.859375
283.2594294761189	214.38499450683594	146512.703125
288.1111249463431	418.9360046386719	146205.109375
250.1569141041071	206.87399291992188	145539.78125
222.80790584021315	382.3320007324219	145363.890625
165.0791204048708	501.2080078125	145244.953125
287.9193223532724	607.43798828125	145204.9375
119.97352250166279	820.4929809570312	143636.40625
259.7894614089002	1348.56005859375	143057.96875
222.80789185486802	373.52398681640625	142788.609375
102.98800550946228	507.5249938964844	142435.734375
295.807212115052	253.69500732421875	141476.21875
119.97352745221437	796.4400024414062	140940.640625
311.9095158920499	1423.1300048828125	140934.984375
131.93850100452894	1387.3199462890625	140698.203125
312.176313280861	208.16700744628906	140693.703125
249.06474804356657	387.4179992675781	140608.5625
214.1570355082483	238.60899353027344	140576.15625
242.07920248609125	578.0419921875	140568.171875
351.8679917433467	1383.5699462890625	139887.15625
202.04789578450877	527.6920166015625	139848.03125
314.81795748369814	1341.9599609375	139619.171875
215.1967496813786	221.9320068359375	139280.578125
112.05243635265543	353.3269958496094	139116.234375
160.10997335667597	305.322998046875	138959.359375
72.02050506937748	555.3709716796875	138258.265625
111.03203624237332	1343.3800048828125	138107.46875
106.01507850723216	644.1019897460938	137765.3125
177.04600718958844	372.2309875488281	137668.046875
294.1867779647909	204.3280029296875	137193.015625
219.95720652435242	1321.3800048828125	136150.765625
305.086132707	405.05499267578125	135763.65625
257.0667472551966	551.5869750976562	135478.109375
105.0424910549147	640.3109741210938	134883.6875
142.0994405945067	246.16799926757812	132823.21875
226.0842828752298	213.14199829101562	130555.03125
240.06707983496418	215.62899780273438	130298.3125
137.8703307163922	1338.239990234375	130179.6015625
313.3065702197888	209.41200256347656	130071.578125
98.03656142053887	314.1679992675781	129882.578125
222.80786880321654	353.3269958496094	129165.6875
242.07919841966617	612.4320068359375	129000.3203125
394.8699283433737	1358.72998046875	128774.546875
242.07923517073584	637.8109741210938	128354.40625
271.25930338611704	211.8990020751953	127757.1171875
315.73641640064983	1348.56005859375	127641.0859375
111.03204700370297	221.9320068359375	126956.8203125
222.80790081956664	651.6430053710938	126557.5859375
267.11059625512235	1391.22998046875	125966.8828125
136.05795146879262	498.7149963378906	125950.828125
117.07899580762552	574.2550048828125	125757.125
242.07917476474987	693.2899780273438	125751.8203125
228.13634120733764	238.60899353027344	124939.5078125
299.7681760547094	1338.239990234375	124478.078125
133.87516634760328	59.0088996887207	124134.8515625
95.04493216596566	1379.6700439453125	124116.5625
131.96456256904548	1353.6400146484375	123277.234375
212.93856910507657	1353.6400146484375	122529.59375
266.11546497339333	239.85400390625	122178.6796875
118.94512558131122	1435.75	122174.484375
157.96230210644978	1404.0899658203125	122057.6328125
242.07925268046966	664.2680053710938	121998.4765625
199.16544035276868	221.9320068359375	121618.171875
201.96469397186877	1334.2900390625	121545.7265625
232.95303602029372	498.7149963378906	121267.4140625
214.84550978633317	1343.3800048828125	120767.015625
187.16534701015038	227.1510009765625	120257.296875
242.07916275052142	679.406005859375	119955.15625
380.25977024611933	1369.239990234375	119296.59375
291.07036362158345	446.9100036621094	118768.4453125
111.0320299942606	391.1669921875	118089.84375
452.4595075324277	206.87399291992188	117670.375
230.01921009727468	632.77099609375	117091.1796875
82.05262323312013	528.9420166015625	117084.984375
405.74818095991577	1340.719970703125	116907.75
547.8323939899406	81.73200225830078	116031.859375
293.05471183773477	388.6669921875	115689.984375
124.03546226168578	407.59600830078125	115428.3203125
547.8322262072193	143.6649932861328	115410.796875
700.3057140783748	223.36099243164062	115119.2109375
255.15539281300443	229.6490020751953	113757.6796875
243.18367051240264	254.94200134277344	113732.578125
408.39690491658604	206.87399291992188	113666.203125
310.28733367532226	210.65499877929688	113624.1875
111.03203333697644	290.19500732421875	113591.5234375
222.80786338409112	254.94200134277344	113497.328125
122.07317246722626	270.05999755859375	113417.328125
547.8323863635078	71.61900329589844	112875.71875
228.8009029551914	606.1900024414062	112860.859375
547.8322903941279	122.18499755859375	112256.9609375
132.0898924112297	657.9760131835938	111930.7109375
146.10555535522022	959.7479858398438	111633.4140625
174.11167725641667	1035.4300537109375	111566.984375
170.09440955653278	273.8500061035156	110965.765625
396.3966976439172	209.41200256347656	110840.3671875
222.80786889319856	305.322998046875	110510.9921875
229.87859161005971	1339.47998046875	110340.765625
240.07475876479072	208.16700744628906	110040.578125
161.9721771289652	1340.719970703125	109807.453125
238.08772875410835	248.6649932861328	109673.5390625
295.80719995383424	1429.47998046875	109530.046875
133.87515223595253	38.79520034790039	109317.515625
158.02154463208217	585.5689697265625	109306.875
111.03203566649003	347.02398681640625	109304.125
228.80084851667934	1341.9599609375	108992.9296875
113.03066076645982	493.69000244140625	108970.390625
111.03202521623612	256.23199462890625	108919.875
189.06378436405504	585.5689697265625	108421.40625
141.0191773671996	640.3109741210938	108388.4296875
90.94797840853357	1325.1700439453125	108307.953125
242.079192660266	705.8670043945312	108014.359375
116.94065697999989	1434.489990234375	108005.25
286.08019300905397	406.3479919433594	107529.6875
218.0371999942717	606.1900024414062	107503.59375
382.3812577300662	206.87399291992188	106657.046875
224.14142880958596	218.19500732421875	106579.6875
347.06324690601	621.4010009765625	106055.59375
119.97352849681083	655.4329833984375	105943.671875
348.8932214567762	1333.050048828125	105732.4453125
106.02650831206712	540.27099609375	105158.8515625
134.99907621139374	388.6669921875	104733.2109375
168.85882202931515	628.9819946289062	104685.8984375
193.07400694603754	333.1180114746094	104573.234375
272.00247453770396	234.82400512695312	104255.3828125
101.04750431453452	554.1220092773438	104248.125
298.0545368378404	229.6490020751953	103965.796875
168.96812080307868	1333.050048828125	103849.9609375
178.09943656614084	239.85400390625	103377.1015625
215.07954348788806	283.89898681640625	102951.7109375
180.06345900464243	608.6859741210938	102926.0546875
547.8322435401585	93.10330200195312	102369.4375
150.10448493993385	256.23199462890625	102199.703125
101.04750891880704	594.5260009765625	101800.3046875
386.1730846010633	241.0989990234375	101467.390625
112.05243742221843	168.97799682617188	101422.140625
108.05747574278756	281.364990234375	100970.3046875
115.90900244015089	1327.8900146484375	100885.3828125
234.16210993036907	220.68600463867188	100492.5546875
257.0667384640317	592.0330200195312	100462.0859375
613.8047158419049	1323.9200439453125	100304.734375
198.12572980317654	238.60899353027344	100185.265625
242.0791851672019	718.4970092773438	99764.2421875
180.06349192120743	565.4320068359375	99598.5625
250.0566443686687	446.9100036621094	99546.3828125
112.0524307775221	151.26499938964844	99408.8671875
270.2559506798144	1433.239990234375	99129.265625
126.03168027875884	350.77899169921875	98883.28125
288.09584913452284	406.3479919433594	98757.71875
111.03202438879318	407.59600830078125	98634.2578125
150.06805903086317	282.61199951171875	98272.59375
137.9558023514	1363.969970703125	98039.78125
284.08555095628947	554.1220092773438	97822.546875
191.05585250308636	437.7950134277344	97619.78125
376.18856392814473	1389.989990234375	97501.671875
139.86744695067446	604.89697265625	97369.03125
242.07923238888168	751.7890014648438	97341.015625
424.4281951219919	208.16700744628906	96908.8828125
382.7067876843938	1338.239990234375	96562.3515625
164.08383336302828	261.22698974609375	96000.0234375
180.06345879029237	645.3510131835938	95992.125
111.03203885980783	237.36300659179688	95912.9765625
173.99985191001403	1345.8599853515625	95873.65625
226.15702846483634	237.36300659179688	95774.515625
547.8323957146002	4.041979789733887	95617.375
200.14141067000168	246.16799926757812	95552.703125
238.0877389915962	234.82400512695312	94861.234375
165.9358650612568	427.7760009765625	94664.7578125
197.0324677784892	580.5390014648438	94588.6875
256.2039498004691	223.36099243164062	94491.6015625
192.06350673942325	559.1500244140625	93992.0859375
494.50642805585926	204.3280029296875	93927.8046875
295.1868488260822	221.9320068359375	93351.7578125
105.04248198927192	712.1619873046875	93319.484375
112.05242541457272	129.7899932861328	93259.3203125
547.8324018273895	24.853099822998047	92410.765625
200.05084331551018	234.82400512695312	92235.15625
177.8246333876131	627.7310180664062	92036.703125
274.8904282538804	896.8900146484375	91879.125
171.00038845252976	647.8939819335938	91585.0390625
101.04750147396135	649.1430053710938	91403.4921875
242.0792354441747	1023.969970703125	91201.9609375
288.2302857459186	219.4409942626953	91144.0546875
310.18159218129864	1430.72998046875	91100.15625
222.80788690850338	146.21299743652344	90266.171875
261.78763121659085	1339.47998046875	90036.7421875
79.96580221988604	684.4509887695312	89796.6171875
174.08919775002332	300.2820129394531	89484.25
105.04247882684126	1025.239990234375	88449.78125
274.0801703941959	445.4729919433594	88435.2890625
119.95884849329067	1348.56005859375	88031.109375
376.03826133787607	315.4200134277344	87954.5078125
112.05243460917166	28.695899963378906	87779.0390625
242.07919717402177	850.8900146484375	87757.7890625
226.08422863675202	280.1180114746094	87756.421875
184.92058658438515	1075.199951171875	87727.0078125
112.05245367640205	100.71099853515625	87687.4609375
160.11001034655246	353.3269958496094	87631.96875
242.07922678654754	829.3709716796875	87580.734375
242.07915122608543	829.3709716796875	87580.734375
284.08543173061116	588.2869873046875	87436.7109375
234.95080758217662	498.7149963378906	87415.3359375
242.07919573715944	790.1190185546875	86817.5234375
159.01678348538084	699.5809936523438	86645.140625
112.05242728417001	88.08940124511719	86614.6171875
188.10497395237934	498.7149963378906	86458.875
286.28722357980536	237.36300659179688	86378.53125
164.0474422422607	1389.989990234375	86351.703125
119.94929740907092	707.1599731445312	86224.625
118.06303320190779	468.47698974609375	85784.234375
112.05241818922545	72.87110137939453	85763.8125
110.05921401073957	413.88800048828125	85471.3203125
172.85508446516153	1333.050048828125	85150.90625
228.80095695409963	469.7279968261719	85123.8671875
242.07921675442583	963.5700073242188	85110.4296875
177.02814818906626	315.4200134277344	84377.3828125
245.07279804063288	503.7380065917969	84032.515625
112.05243331277377	13.194899559020996	83954.0390625
157.04576230099536	352.0329895019531	83870.453125
328.3343974415072	229.6490020751953	83424.0703125
112.05242770257487	41.298500061035156	83331.2421875
172.855091644502	1344.6199951171875	83297.5546875
240.0671496909075	237.36300659179688	83149.703125
223.87089683637384	1339.47998046875	83137.0078125
210.16203092702838	230.89700317382812	83133.3828125
242.0791668246551	804.0079956054688	82763.453125
125.99866274899975	517.6090087890625	82422.265625
168.96809659124528	1322.6300048828125	82384.765625
112.05243749851486	57.754600524902344	82372.296875
377.7376867538264	1344.6199951171875	82319.5234375
188.8468713219418	1331.6199951171875	82266.53125
402.16788577010516	246.16799926757812	82163.5859375
212.1778293382545	220.68600463867188	82009.0546875
507.83919576444134	1321.3800048828125	81949.21875
132.07867386234912	297.7829895019531	81596.28125
150.03172739267518	315.4200134277344	81488.0
388.70087950759375	1338.239990234375	81205.4140625
230.97907263680744	646.64501953125	80749.1484375
188.1777462070689	254.94200134277344	80597.546875
124.02734525959163	449.4100036621094	80484.53125
319.8653923628061	848.3790283203125	80329.34375
239.8991076736	845.7789916992188	80185.1953125
151.04942368201478	593.280029296875	80178.6328125
109.02889229695813	458.38800048828125	80110.2890625
295.14234614327825	205.58099365234375	79986.953125
206.0426291689964	1368.0	79738.6015625
202.15699712423546	241.0989990234375	79652.0625
100.08860537314902	243.63099670410156	79596.375
242.0792552385673	900.8510131835938	79448.765625
397.70115045759366	1344.6199951171875	79330.546875
327.3222588408911	209.41200256347656	79009.75
206.16712508086195	1389.989990234375	78948.1953125
242.11562531581197	266.3089904785156	78583.0859375
111.03202992458482	1331.6199951171875	78290.7109375
236.17775671485725	236.11599731445312	78243.1640625
168.96812759314594	276.3810119628906	78102.3828125
170.09441295725773	252.406005859375	77718.453125
111.03203092635825	430.2770080566406	77651.8515625
168.0334866429052	597.0570068359375	77491.921875
931.6973590426574	256.23199462890625	77490.5
289.9163733059922	604.89697265625	77199.9765625
89.0554141080983	386.16900634765625	77059.3125
276.0999090453368	1343.3800048828125	76865.4140625
242.07923682975564	872.5809936523438	76733.984375
142.06307051892315	578.0419921875	76467.21875
105.04248513381222	727.3400268554688	76256.5625
264.0512504852272	445.4729919433594	76225.078125
202.12071116913842	254.94200134277344	76178.7734375
198.06264003851092	595.77001953125	76146.7421875
242.07918342112598	1263.6199951171875	76027.234375
428.12914424167445	205.58099365234375	75684.1875
268.1510404838261	205.58099365234375	75650.125
293.80915896441917	1439.5999755859375	75285.125
111.03201727200151	1312.530029296875	74835.5390625
87.03972570676633	393.71099853515625	74313.5703125
186.12566541063387	259.97601318359375	74237.8828125
111.03203171599893	463.42999267578125	74084.671875
366.28123463196636	33.7047004699707	73848.71875
78.04625765737958	597.0570068359375	73539.40625
825.7320273089999	1327.8900146484375	73097.1484375
236.14134544531055	228.39999389648438	72899.4453125
271.89605234749104	824.2589721679688	72712.9765625
387.1893667037255	241.0989990234375	72662.3203125
105.04249122518746	765.7160034179688	72576.734375
215.0795463695726	343.2229919433594	72365.9765625
92.94617540515674	1338.239990234375	72338.7421875
278.0669426757544	405.05499267578125	72151.203125
190.84483485633544	1330.3800048828125	72070.171875
139.97775686864446	1399.1099853515625	71768.4140625
242.07919894275534	881.6170043945312	71721.75
111.03201796390087	815.3870239257812	71702.1875
216.84458857828804	547.8400268554688	71470.265625
105.04248810522375	742.8250122070312	70986.9609375
225.86907992407524	1339.47998046875	70984.2890625
270.14686759288526	219.4409942626953	70688.8828125
342.11621123825887	661.7260131835938	70407.1953125
132.03088244887653	700.8280029296875	70117.28125
287.2460772214547	246.16799926757812	70008.8984375
485.8576659164013	128.53700256347656	69944.3828125
260.02980927554194	659.2249755859375	69867.3984375
174.02933831814363	458.38800048828125	69827.375
242.18836796188342	223.36099243164062	69596.703125
136.0388167531963	530.1920166015625	69439.7421875
188.1049561284112	266.3089904785156	69192.390625
168.96816433066752	234.82400512695312	69072.25
138.05668567031782	305.322998046875	68924.421875
261.1364967782825	11.941499710083008	68613.0078125
269.0842561609753	527.6920166015625	68099.4296875
315.9378675096671	1351.0400390625	67598.8203125
114.06230019267257	499.9620056152344	67584.0
210.94157653889098	606.1900024414062	67581.578125
110.03675663279485	460.88800048828125	67379.9296875
170.00784710597966	649.1430053710938	67334.03125
181.8204236048324	1336.8199462890625	67135.140625
441.8675960690067	1322.6300048828125	67073.3046875
169.9688706229123	1333.050048828125	67015.515625
131.0663417710245	374.7760009765625	66803.4375
325.30647887149246	209.41200256347656	66565.125
261.1365220945258	60.26110076904297	66435.5
259.94955706920774	1325.1700439453125	66306.5390625
111.03201504033576	1262.3199462890625	66130.0546875
159.06843085751436	272.5610046386719	66044.2734375
123.04016665229973	459.63800048828125	65997.2890625
313.92163109426684	1330.3800048828125	65737.7421875
410.11558742058315	252.406005859375	65652.046875
148.07362657328554	355.8280029296875	65132.5390625
181.8203126136616	627.7310180664062	65061.8046875
190.95010519516367	1331.6199951171875	65009.14453125
81.92362291572219	625.1890258789062	65002.92578125
111.03202342281266	656.7260131835938	64885.1484375
204.090079387123	559.1500244140625	64781.5703125
230.22458384526746	244.8780059814453	64606.546875
356.0522054385704	314.1679992675781	64487.4765625
256.09559318718163	458.38800048828125	64271.37890625
261.13649387187706	131.04299926757812	63974.75
159.06129588241362	533.9819946289062	63516.59765625
174.1256261595868	259.97601318359375	63465.91796875
111.03202925361465	862.2930297851562	63215.0703125
277.97620641597473	644.1019897460938	63069.109375
152.97317200730208	1329.1400146484375	63029.99609375
111.0320275628498	487.39898681640625	62955.7265625
111.03202412202263	598.4819946289062	62951.1171875
411.41634131506106	206.87399291992188	62850.375
419.1661680334665	253.69500732421875	62696.87109375
111.03202112075462	945.6179809570312	62356.421875
146.1192729614659	252.406005859375	62107.61328125
261.13647816061314	24.853099822998047	62042.078125
261.13650235756626	99.45780181884766	61430.61328125
105.04248095016005	1170.4300537109375	61263.94921875
113.01939431793556	698.3319702148438	61128.25
104.08359502557099	349.52801513671875	61006.6328125
170.13076522778312	244.8780059814453	60615.6484375
237.07541462035374	223.36099243164062	60541.05859375
111.03203336763127	991.8419799804688	60442.73828125
666.7858470079867	427.7760009765625	60211.8828125
200.10495750523637	283.89898681640625	60176.328125
242.07918950608865	1171.739990234375	60157.8671875
111.03202951408484	895.5880126953125	60090.19921875
536.5531377560735	204.3280029296875	60024.890625
146.12178773943842	253.69500732421875	59919.88671875
117.9698265169452	1416.8399658203125	59848.17578125
125.9929181126723	644.1019897460938	59847.23046875
111.03203101688254	719.7479858398438	59763.64453125
171.07802565891285	437.7950134277344	59762.16796875
242.07919316422266	1048.5699462890625	59757.20703125
156.07874830811906	1401.5999755859375	59617.35546875
326.0728150121537	406.3479919433594	59525.25390625
111.03200159797073	1161.31005859375	59459.9921875
79.92563806099582	625.1890258789062	59110.61328125
345.88485036480273	544.0579833984375	58875.875
135.02496904156894	650.3939819335938	58843.25
131.96457280226832	606.1900024414062	58819.19921875
139.06336605716567	434.06201171875	58646.3046875
261.1365235129336	84.23829650878906	58586.44140625
290.0751031606267	503.7380065917969	58374.74609375
243.22015187365645	246.16799926757812	58228.39453125
111.0319967631045	702.0780029296875	58060.19140625
111.0320222571906	503.7380065917969	57843.33984375
125.91263294749156	1331.6199951171875	57681.015625
111.03202507180713	522.6099853515625	57674.3984375
231.04835386586663	436.5509948730469	57519.140625
152.06847847459235	589.5369873046875	57226.12890625
315.0367890689354	386.16900634765625	57195.16015625
136.01057932976292	291.4469909667969	56962.3359375
373.0701631877866	309.1199951171875	56033.875
281.2433487048256	1377.0	55807.5859375
111.03201765284493	1210.5999755859375	55733.16796875
137.95571563264164	1411.800048828125	55666.1015625
119.94002442758908	809.1119995117188	55496.4375
156.0729531864379	635.2689819335938	55470.71875
138.03167252818002	281.364990234375	55439.28515625
111.03201357971145	673.1069946289062	55327.0859375
111.03201444435166	759.3989868164062	55286.47265625
130.0460228951027	487.39898681640625	55277.1328125
280.04621645700325	503.7380065917969	55133.65234375
196.04693072662363	663.0180053710938	54976.57421875
158.02139385358055	493.69000244140625	54909.48046875
188.14140043848775	230.89700317382812	54738.44921875
111.03202690916584	1049.8399658203125	54536.015625
194.02490837387606	286.4429931640625	54257.4140625
146.09433058730733	275.09698486328125	54231.25
203.09486609541995	291.4469909667969	53952.95703125
134.93817911400174	1330.3800048828125	53739.328125
111.0320174992566	1126.81005859375	53676.95703125
111.03202799731474	928.9600219726562	53648.99609375
240.02399336916238	645.3510131835938	53624.625
273.2385135309356	224.60899353027344	53613.33203125
172.85512817757032	628.9819946289062	53336.3984375
125.97905928821221	1327.8900146484375	53092.6796875
438.44374214730055	205.58099365234375	52858.6171875
89.99493591653646	703.3679809570312	52655.13671875
152.0143495207023	386.16900634765625	52597.625
168.04229134661125	585.5689697265625	52522.19921875
370.38132475451044	229.6490020751953	52513.0
235.95213548230245	1330.3800048828125	52445.59765625
196.99561600208597	540.27099609375	52380.90625
138.059143607395	301.5320129394531	52251.1015625
199.12093383493777	305.322998046875	52240.66796875
111.03201668425518	1087.469970703125	52178.14453125
242.07919661041268	1146.760009765625	52104.91796875
226.120676089212	251.15899658203125	52067.81640625
105.04248214446591	1211.8699951171875	51900.12109375
111.03199900390058	691.9990234375	51864.46484375
180.01883777717316	336.91900634765625	51680.26171875
242.07922295495885	1084.719970703125	51675.09375
251.1522142373295	234.82400512695312	51620.6640625
168.9681492161093	302.82501220703125	51513.56640625
120.03082836328959	617.6519775390625	51490.640625
141.99358228181882	515.0650024414062	51456.88671875
194.06136858847347	234.82400512695312	51375.921875
111.03203250308601	1060.56005859375	51194.6953125
244.13106828632363	253.69500732421875	51119.4140625
125.05576325060898	584.3209838867188	51094.0859375
111.03202246465659	1171.739990234375	50807.40234375
269.9316087094079	1329.1400146484375	50465.3125
132.0786680901623	367.2229919433594	50330.296875
158.02162254878107	731.2830200195312	50250.83203125
245.2435880459422	244.8780059814453	50208.35546875
264.1109938373083	357.1239929199219	50162.82421875
111.03203010546368	1031.5999755859375	50073.91015625
117.01430358667139	555.3709716796875	50062.40625
346.13367922921054	437.7950134277344	50029.03125
242.07921389938534	1133.3900146484375	49870.50390625
220.05844477900976	636.56201171875	49840.1171875
143.92451426046588	627.7310180664062	49768.390625
145.073917822082	397.510009765625	49707.60546875
214.97110375055118	265.0159912109375	49682.0390625
228.17275014671915	229.6490020751953	49543.19921875
167.93383530192102	426.5249938964844	49432.39453125
127.91239384163976	550.3380126953125	49358.3984375
80.96395742494546	387.4179992675781	48952.6171875
355.95369220551385	644.1019897460938	48809.9140625
173.99880264754853	265.0159912109375	48517.52734375
719.7665215970774	1330.3800048828125	48421.5546875
259.06359995820304	552.8729858398438	47989.02734375
469.86198486997176	1323.9200439453125	47836.7734375
157.01428900815026	493.69000244140625	47809.66015625
87.00092523620474	1326.4599609375	47781.171875
183.87732909065528	1329.1400146484375	47387.08984375
134.0943443015836	317.96600341796875	47383.96875
163.98974508904885	229.6490020751953	47162.82421875
342.2772846147533	206.87399291992188	47024.609375
138.0509232691286	508.7749938964844	46843.609375
111.03203837143643	537.77197265625	46840.6953125
266.0515273306881	503.7380065917969	46531.2109375
338.1482014353757	437.7950134277344	46524.296875
150.07930487408757	306.6180114746094	46454.73046875
117.9072500191384	1327.8900146484375	46397.46875
282.1150618707719	1114.6700439453125	46154.65625
170.07316531525538	272.5610046386719	46087.234375
269.9868486303238	233.5760040283203	46026.33203125
138.06808202371766	316.7149963378906	45887.2578125
188.00861267759035	597.0570068359375	45779.93359375
334.08442958989957	247.41600036621094	45628.2421875
288.0594418995266	551.5869750976562	45567.87109375
223.94157532993052	528.9420166015625	45404.53125
300.03398279617335	230.89700317382812	45323.671875
578.6003163615438	204.3280029296875	45208.41015625
301.91181392512516	715.9530029296875	45173.8046875
453.46276244290124	205.58099365234375	44982.43359375
161.06882937091785	631.4810180664062	44784.2890625
177.9991445895748	492.3999938964844	44615.2109375
252.96793426980472	632.77099609375	44524.1484375
195.05320367029003	364.67401123046875	44516.578125
104.01084315698294	904.6270141601562	44407.22265625
407.87569368310034	1431.989990234375	44176.96484375
222.05633639344816	234.82400512695312	43955.98046875
99.9629946162467	708.4099731445312	43929.78515625
198.05025431407722	502.4549865722656	43744.39453125
480.49042616717816	205.58099365234375	43689.8125
118.08802604710837	283.89898681640625	43412.35546875
272.06458291499257	448.1600036621094	43345.0234375
287.9971737724867	233.5760040283203	43241.9609375
258.1830936588941	210.65499877929688	42774.97265625
134.05792998238482	376.02801513671875	42574.83984375
141.92665152902353	625.1890258789062	42379.80859375
153.04271404370817	273.8500061035156	42317.0390625
212.10502464606435	266.3089904785156	42268.7109375
92.0621870585279	302.82501220703125	42046.25
147.134021570638	277.62701416015625	41737.68359375
282.11510948779176	1102.3699951171875	41641.80859375
77.01884379330707	378.5740051269531	41386.3125
140.0473949035202	459.63800048828125	41322.00390625
290.0944237850572	261.22698974609375	41272.19140625
263.0194248336658	603.6489868164062	41080.421875
168.04229148867998	304.0740051269531	40886.265625
168.07867509140385	256.23199462890625	40724.94921875
398.8665188094869	745.3319702148438	40553.234375
114.99621891686571	266.3089904785156	40443.171875
131.02994303681103	547.8400268554688	40312.6171875
209.10539445380533	247.41600036621094	40018.34765625
231.020177314882	359.6260070800781	39999.203125
222.1622402607775	239.85400390625	39843.75
124.9781806455475	1327.8900146484375	39802.5
312.0571175167261	445.4729919433594	39719.00390625
272.27160281821796	238.60899353027344	39705.01953125
75.03954796971803	439.0400085449219	39557.83203125
224.99054682817567	362.1300048828125	39348.19140625
176.14126508825186	288.9440002441406	39262.66796875
215.0584541997414	248.6649932861328	39253.71484375
127.01047558213422	641.5609741210938	39228.69140625
207.87151520726013	1378.4300537109375	39143.984375
168.15148154631436	243.63099670410156	38957.4609375
205.0506155248728	439.0400085449219	38882.31640625
223.987203394494	498.7149963378906	38316.359375
466.4745230585618	204.3280029296875	38235.953125
109.06084115914996	460.88800048828125	38199.12890625
229.1678488883406	267.5589904785156	37962.8203125
124.95369596383759	1391.22998046875	37878.0390625
201.0638389152514	504.98699951171875	37664.703125
405.11159764449496	661.7260131835938	37571.12109375
250.7892463865247	625.1890258789062	37550.75390625
196.1464790891106	229.6490020751953	37507.984375
251.03346521006787	295.239990234375	36974.0703125
164.0686543823621	540.27099609375	36621.58984375
140.08379772339399	265.0159912109375	36357.5234375
156.97019942420405	425.2309875488281	36120.85546875
492.4905216027607	205.58099365234375	36041.4765625
566.2048512565902	227.1510009765625	36004.83203125
427.029640710438	620.1519775390625	35836.65234375
216.0247336027784	659.2249755859375	35734.8125
192.1151041431566	243.63099670410156	35376.21875
84.05706186737466	397.510009765625	35300.1796875
435.8620031939922	1339.47998046875	35236.9296875
215.06649780572585	306.6180114746094	35217.68359375
117.05071655450435	420.18701171875	34889.12890625
75.03955717804597	616.4039916992188	34885.62109375
547.8314149714404	1322.6300048828125	34885.46875
113.02391852774203	257.47900390625	34816.42578125
522.5378097898887	204.3280029296875	34589.0859375
190.1206397985929	291.4469909667969	34562.625
185.14972176225425	228.39999389648438	34113.6640625
215.056251581154	631.4810180664062	33639.453125
354.8955947631711	43.8026008605957	33068.8046875
100.93285205987533	225.85699462890625	33037.21484375
108.05746533974293	681.9080200195312	32891.45703125
290.0630336004183	528.9420166015625	32851.53125
159.85855111466725	626.4819946289062	32832.21484375
263.04300537168484	232.14599609375	32697.0390625
242.05573565904837	493.69000244140625	32540.724609375
172.12127320822464	354.5780029296875	32517.3125
172.0138466051489	608.6859741210938	32481.7265625
232.06955570491732	435.3070068359375	32365.564453125
159.9417994132851	708.4099731445312	32361.650390625
251.94711986500894	1317.6300048828125	32334.619140625
192.04236940475369	550.3380126953125	32295.66015625
156.00598184745917	319.2170104980469	32129.291015625
245.91319582543932	1439.5999755859375	32085.40234375
213.08247885728005	247.41600036621094	31777.50390625
120.07864417217739	440.2850036621094	31648.00390625
282.11510569740733	474.7690124511719	31616.625
173.11336039589622	263.7659912109375	31452.99609375
145.0350969784785	657.9760131835938	31432.14453125
186.97867726922163	1326.4599609375	31368.103515625
461.9353163518363	311.62200927734375	31341.88671875
194.06136092175493	246.16799926757812	31221.072265625
197.03241427103555	259.97601318359375	31125.861328125
666.221844576231	680.656982421875	31061.328125
101.05560947476708	359.6260070800781	30964.052734375
375.2047137105486	299.0329895019531	30858.515625
595.7883080719289	1438.3499755859375	30591.89453125
280.1706889309557	203.0760040283203	30528.046875
328.1157309367575	427.7760009765625	30324.939453125
105.04246993027574	1310.010009765625	30254.318359375
170.05799075737878	225.85699462890625	30248.634765625
151.02453526260263	489.89898681640625	30206.486328125
127.04000976280047	405.05499267578125	30202.822265625
495.50977632553264	203.0760040283203	30126.416015625
210.01650804083314	765.7160034179688	30006.91015625
247.12064620213744	262.47601318359375	29944.720703125
212.93857695052176	606.1900024414062	29943.009765625
134.95197974158458	632.77099609375	29837.251953125
187.04815068000727	445.4729919433594	29731.591796875
318.1467309998751	203.0760040283203	29669.6875
147.07257806553608	634.02001953125	29632.1484375
421.0009395080869	386.16900634765625	29621.267578125
534.5375954178324	203.0760040283203	29158.169921875
429.8449906060515	800.2449951171875	29033.275390625
96.05725176204399	263.7659912109375	28865.927734375
291.0717437242617	496.22198486328125	28852.642578125
153.05075300262757	457.13800048828125	28849.90625
153.99374056833997	345.7279968261719	28700.9921875
98.0729357634136	575.5040283203125	28568.9140625
212.07738292230994	705.8670043945312	28403.728515625
232.0848992696576	407.59600830078125	28006.162109375
113.02247368462571	631.4810180664062	27962.322265625
175.0844789187339	1009.6799926757812	27777.255859375
241.04356174453696	555.3709716796875	27523.220703125
113.02435288940043	446.9100036621094	27484.32421875
171.13408957217558	230.89700317382812	27383.1171875
113.02392349944262	580.5390014648438	27308.3671875
169.00131983610618	300.2820129394531	27221.533203125
165.0507724136715	455.70098876953125	27205.279296875
134.93818824507304	710.9119873046875	27137.2421875
441.93867126660734	311.62200927734375	27067.150390625
218.84313163838735	555.3709716796875	26913.712890625
330.19431027502884	1399.1099853515625	26749.3203125
191.95091950208538	1315.0799560546875	26241.38671875
550.5692478754123	204.3280029296875	26048.3515625
267.9362041247791	1320.1300048828125	25519.181640625
187.9795522757789	1318.8800048828125	25270.609375
265.1078324023108	1122.5899658203125	24648.65234375
263.92509669802274	597.0570068359375	23739.431640625
485.8573679836148	1315.0799560546875	23687.5078125
142.06300283391838	970.0980224609375	23570.396484375
179.95174508607857	530.1920166015625	23488.609375
244.08904868750997	564.1840209960938	22935.42578125
325.9213938364969	1313.8199462890625	22808.0078125
181.03758410522394	246.16799926757812	22720.27734375
203.1968043432541	253.69500732421875	22334.58203125
180.0787535439786	256.23199462890625	22151.423828125
145.0375893994874	1404.0899658203125	21700.146484375
367.3532285736024	208.16700744628906	21537.001953125
164.06886008990892	238.60899353027344	21262.572265625
258.09647148706927	1419.3800048828125	21110.111328125
153.97407149855673	1326.4599609375	20602.81640625
107.94645176501318	1329.1400146484375	20491.5703125
258.14684493531706	242.3459930419922	19860.423828125
266.97234184604866	437.7950134277344	19558.291015625
143.9312420709493	227.1510009765625	19444.9296875
200.07985485778738	1014.9099731445312	19388.4609375
100.01345167182674	1310.010009765625	19302.57421875
103.03488172952748	295.239990234375	18927.578125
165.98533180735245	1313.8199462890625	18717.3984375
273.00200916156746	230.89700317382812	18569.94140625
266.0824009231901	234.82400512695312	18420.96875
189.99366216274683	295.239990234375	18071.458984375
345.9851022406757	225.85699462890625	17858.302734375
221.09024720561303	592.0330200195312	17713.748046875
162.1256891281423	321.72100830078125	17592.859375
240.17271208847367	233.5760040283203	17472.232421875
132.06161606014177	623.9390258789062	17458.18359375
87.03967725852317	699.5809936523438	17371.48828125
148.056574238263	606.1900024414062	17250.765625
181.9336366452952	604.89697265625	16828.455078125
201.96021205645445	1189.72998046875	16759.26953125
204.05231897178044	319.2170104980469	16560.369140625
279.0077996742263	659.2249755859375	16107.626953125
460.9929574938689	388.6669921875	16106.5302734375
432.8752840130887	23.600200653076172	16008.130859375
424.03707111805727	623.9390258789062	15879.400390625
235.9413794916665	470.9779968261719	15611.279296875
192.1362340800023	281.364990234375	15561.005859375
189.07915825429683	632.77099609375	15113.33984375
253.09515663456966	237.36300659179688	15001.2177734375
203.01487491568108	729.844970703125	14818.2255859375
207.9362437521386	623.9390258789062	14575.4443359375
93.02864125875085	339.4230041503906	14079.037109375
351.03471110931775	465.9309997558594	13779.9521484375
93.05037812929592	518.8579711914062	13359.0576171875
161.1497512622705	268.80999755859375	13288.958984375
139.9177786537341	816.6849975585938	13098.5947265625
374.19412112108944	243.63099670410156	12994.2421875
145.05255320577044	281.364990234375	12444.7568359375
129.05398564038208	6.736100196838379	12125.361328125
186.07224062444928	508.7749938964844	11898.455078125
129.0506765374248	400.01300048828125	10929.3857421875
471.8447385259196	1307.5	10927.5146484375
112.03854821417566	560.3980102539062	10847.96484375
165.04609617529385	578.0419921875	10671.1455078125
179.0512147841338	570.468994140625	10394.6220703125
72.98950221163044	474.7690124511719	7804.0625
133.00106710959594	787.5640258789062	7457.3603515625
266.10025208848793	1096.8699951171875	6898.3330078125
158.02153946579847	1255.969970703125	6390.30029296875
