	RT	Std1_1in10
95.9876064234534	1360.199951171875	2.18066448E8
166.02659493408183	597.239013671875	1.51058192E8
256.24034498729276	214.2570037841797	1.13871072E8
174.01636784409845	699.7260131835938	1.13307112E8
104.01079164374077	643.7589721679688	7.4082992E7
115.94355477423966	1364.2099609375	6.4196144E7
173.96520274091745	1360.199951171875	5.4083388E7
284.2715389691056	211.73199462890625	4.719024E7
130.02662749935675	699.7260131835938	4.348902E7
169.07390870592388	437.0610046386719	4.143136E7
118.02660542973551	617.3300170898438	3.8232428E7
148.03719246737506	622.35400390625	3.2237078E7
117.94177338796035	1382.260009765625	2.8779662E7
156.01717427366737	493.9469909667969	2.5540498E7
122.03679780164624	597.239013671875	2.4855784E7
257.24367820155123	214.2570037841797	1.9152786E7
126.04290853221592	405.40899658203125	1.9137432E7
164.0474276348585	432.0660095214844	1.8966528E7
209.0722679124674	387.8210144042969	1.7713954E7
196.05835416119476	594.7620239257812	1.69525E7
144.11501885130377	252.85299682617188	1.6927704E7
136.05248842409307	303.3739929199219	1.5942898E7
123.0320666450532	406.6499938964844	1.5715138E7
194.04264788793486	661.6669921875	1.5579992E7
112.02726880300183	447.2250061035156	1.5494152E7
167.02996891245837	597.239013671875	1.3451256E7
202.0478762689009	320.9750061035156	1.3030453E7
77.9767772054968	1358.9599609375	1.2823102E7
96.98718652313774	1360.199951171875	1.2638255E7
112.02727630791472	493.9469909667969	1.1260418E7
232.12123774935998	277.947998046875	1.1207417E7
135.05453577050335	498.95098876953125	1.0844583E7
169.00452693783836	647.4940185546875	1.0632367E7
256.24033820850974	1360.199951171875	9955589.0
285.27489005508255	211.73199462890625	9360071.0
97.9844789166729	1354.9599609375	9172071.0
233.9320409837815	1360.199951171875	8783618.0
242.0904134301344	405.40899658203125	8780027.0
354.0564307145624	310.9070129394531	7781215.0
175.0197517696537	699.7260131835938	7699348.5
204.8762632169001	1364.2099609375	7502291.5
113.05892380125616	500.1929931640625	7182036.5
74.036169755127	617.3300170898438	6810873.5
195.91316853210884	829.8660278320312	6567187.5
228.0747926555878	447.2250061035156	6506295.0
104.04720411552795	457.43701171875	6234600.5
206.87447428801784	1361.6099853515625	6221627.5
122.03679880604489	353.7969970703125	6000177.5
135.9804572562063	1353.719970703125	5911519.0
116.0837193112198	282.98199462890625	5905060.5
158.13068277898802	238.85299682617188	5614728.0
174.96478016787333	1357.6099853515625	5606919.0
124.05246726860014	584.7340087890625	5584961.0
170.02158043846805	786.56201171875	5387950.0
244.06954731336157	502.7130126953125	5277146.0
215.8401015855423	1342.0400390625	5235786.0
228.209098521597	216.73899841308594	5178187.0
102.03152444738615	362.5979919433594	4969471.0
117.93582901246894	817.239013671875	4919710.5
213.84213948617636	1342.0400390625	4747999.5
141.99342715120386	1358.9599609375	4722069.5
268.08077059281453	529.47802734375	4546901.0
284.2715534292512	1361.6099853515625	4483349.5
155.95472133854543	1357.6099853515625	4434483.0
195.9131902715464	1352.3599853515625	4304944.0
200.1777264425339	223.33900451660156	4264758.0
141.993423073738	1369.2900390625	4064159.0
86.03632975002928	699.7260131835938	4053334.75
698.2996436526504	221.91400146484375	3907178.0
170.07726858248114	437.0610046386719	3741438.75
158.05790932078395	534.5070190429688	3723599.5
158.05792156726355	319.72698974609375	3529118.75
175.96202596309254	1354.9599609375	3524106.25
133.87514948681678	606.031005859375	3476217.5
130.0994362082475	265.4100036621094	3461399.5
122.03679535777403	458.6839904785156	3449408.5
209.9419828817374	1354.9599609375	3428401.25
195.9131918528897	1362.969970703125	3418521.75
407.90975550703905	1366.68994140625	3402272.0
382.0877358812093	219.40199279785156	3390345.5
102.0679157315328	337.40301513671875	3361861.5
311.9095749166988	1360.199951171875	3346633.5
136.95238140449408	1364.2099609375	3281909.0
125.01462006960347	642.4749755859375	3278950.5
242.22476825323793	216.73899841308594	3158629.0
130.02664650206123	622.35400390625	3043160.5
108.05744373952992	458.6839904785156	2959052.5
219.97076075966746	1354.9599609375	2931759.25
129.0426307990534	500.1929931640625	2922142.75
97.97682424061976	604.7839965820312	2881949.5
119.05826113514766	621.1099853515625	2857108.0
167.9824154843928	684.5170288085938	2835593.5
155.06952744359955	632.416015625	2806665.0
195.91318812087712	1378.5	2794631.5
88.0156501605392	428.33099365234375	2698673.25
172.14642111912514	231.00799560546875	2598314.25
146.06916943221353	634.9520263671875	2541852.5
329.9325345953476	1366.68994140625	2483921.75
94.0415745372747	297.0929870605469	2483862.5
135.8723468877131	604.7839965820312	2473405.75
131.02991661032075	699.7260131835938	2449826.75
117.941780400065	25.934099197387695	2416896.5
251.95504600281586	1368.050048828125	2391264.75
195.94722308040423	1356.3699951171875	2339638.0
133.0375037243833	617.3300170898438	2304021.75
156.11511266863903	238.85299682617188	2294104.5
155.95472363047395	1377.0799560546875	2265262.0
195.87593136840417	1335.6099853515625	2260142.75
92.0470132665328	520.52099609375	2249015.25
130.02665566265637	732.5689697265625	2240389.25
152.0473621713064	458.6839904785156	2211386.25
212.1413711240984	240.0989990234375	2204294.75
97.99187171626937	1368.050048828125	2187265.0
137.04766051818288	509.0469970703125	2180219.75
266.1552119578477	1362.969970703125	2150398.25
95.99997275910806	1368.050048828125	2114845.75
136.95237410401165	1383.6800537109375	2101284.75
188.11615350852185	629.8759765625	2063939.625
135.98045946304023	1384.9200439453125	2054011.0
173.97752594396778	1366.68994140625	2043499.75
329.05276989644835	464.9649963378906	2041691.625
105.01414752900351	643.7589721679688	2034354.0
132.05347856543304	638.6959838867188	2034295.5
165.0508067761692	432.0660095214844	2005062.625
197.8741362616672	1339.52001953125	1984010.375
119.0299671377753	617.3300170898438	1975449.125
202.01147702741196	729.8829956054688	1935865.75
88.0520452945338	387.8210144042969	1924112.75
217.83769242324323	1339.52001953125	1923378.75
151.96976580380752	1329.1700439453125	1913363.25
195.94721940588258	1366.68994140625	1910431.375
206.16712615024252	236.36199951171875	1906747.0
254.2246930323164	1360.199951171875	1903683.375
116.01094936070254	653.9539794921875	1889873.125
130.02665823289112	543.3060302734375	1889229.75
228.20909609754153	1360.199951171875	1887314.25
76.01547787922601	380.2850036621094	1862675.875
257.2436791256619	1364.2099609375	1855880.5
149.04060221529278	622.35400390625	1820555.75
172.0042376610039	1348.5999755859375	1790739.625
233.932025380418	681.8309936523438	1785294.75
293.898894183357	1354.9599609375	1779672.125
206.04267994898552	684.5170288085938	1773970.625
123.04017014764044	597.239013671875	1758322.875
243.08571628026007	563.4030151367188	1744192.375
147.05317737949602	607.2789916992188	1736807.875
151.06333388009628	437.0610046386719	1719721.5
170.02158434263492	1351.1199951171875	1685361.375
209.94197000313886	604.7839965820312	1669700.25
400.09822136481733	216.73899841308594	1663683.0
233.9320262012853	707.4730224609375	1647594.25
86.03636221319485	395.3429870605469	1647016.375
117.93594252067386	1390.0699462890625	1633906.5
233.1245480946971	277.947998046875	1603145.625
355.0598822249811	310.9070129394531	1599400.5
258.2471295125523	215.4980010986328	1574449.5
117.93591990620935	1406.699951171875	1553906.625
204.87625664442055	1411.9200439453125	1546823.75
157.02055492998355	493.9469909667969	1537258.625
76.01547191374608	519.27197265625	1537085.125
164.04743599847401	456.00299072265625	1529288.0
699.3029680721842	221.91400146484375	1527005.5
102.0679187376373	318.47900390625	1519970.5
287.9193742030386	1352.3599853515625	1519326.5
137.0557710536844	302.08599853515625	1517664.25
116.94692858429913	1364.2099609375	1500050.375
126.90740197539724	600.9630126953125	1491177.375
105.0424682142007	659.1279907226562	1491134.875
131.05821868062404	624.885009765625	1479767.375
214.1934269810172	220.6439971923828	1477594.875
206.87447765801528	1411.9200439453125	1470809.125
145.11840174010243	252.85299682617188	1469468.125
126.04291475826318	528.2310180664062	1463969.125
134.02154804442202	650.1680297851562	1443605.375
126.90741520340936	1333.1300048828125	1432529.25
90.0313417031388	339.906005859375	1432326.375
175.09569865160663	657.8809814453125	1429150.0
266.1552226523247	205.47000122070312	1414260.875
136.95236828126508	1352.3599853515625	1411809.5
136.95237561188515	1410.6300048828125	1408400.5
126.90747174404012	1338.280029296875	1400179.125
190.09543921945382	706.2249755859375	1389999.375
264.1044729455776	1109.8599853515625	1371202.125
208.87268327376543	1364.2099609375	1370765.0
97.96712780890986	707.4730224609375	1369415.875
90.0313393561771	470.0069885253906	1367003.375
372.066928662564	309.6579895019531	1366174.125
236.96094510144567	1349.8399658203125	1365450.625
195.9131821919686	1422.0	1358803.125
116.01095066243123	554.60400390625	1354972.0
210.03765547607406	676.7459716796875	1348460.75
215.8401373565992	444.5580139160156	1329238.0
234.93161409607487	1356.3699951171875	1314158.75
293.8090843002746	1348.5999755859375	1313557.5
295.8071883495634	1361.6099853515625	1312955.5
295.80718564790004	1345.93994140625	1305536.375
176.02047912939142	698.4829711914062	1300775.75
302.24592903546284	214.2570037841797	1300354.5
116.94692480236101	1382.260009765625	1299102.375
131.09459971414228	523.239013671875	1290940.375
204.8762692584828	211.73199462890625	1286003.875
138.9478525400496	1362.969970703125	1278888.75
304.7728466082788	1344.699951171875	1256478.5
208.87269004630986	1344.699951171875	1243547.875
211.9389858805519	1352.3599853515625	1238457.875
149.0511164235621	542.02001953125	1235658.625
178.04779553261247	548.302978515625	1231415.125
210.07562152394854	387.8210144042969	1231106.75
282.2558832112933	1362.969970703125	1224744.875
215.84013885140374	472.5090026855469	1211904.0
195.9131672586609	997.2769775390625	1209579.5
250.03005705687895	295.6570129394531	1207264.75
186.16201691916493	227.26499938964844	1206281.125
273.89055474536775	814.68798828125	1202847.5
204.87626533781642	17.131900787353516	1201588.25
307.0654024031074	505.2040100097656	1199754.625
74.03618146020641	439.53900146484375	1194573.625
213.8421617817539	466.25799560546875	1186578.375
215.8401483805424	414.34698486328125	1181018.0
213.84214937149542	435.8210144042969	1180552.5
183.0532970401755	265.4100036621094	1175353.375
168.0059094772391	773.7960205078125	1167599.375
215.84013503619016	502.7130126953125	1165717.0
191.96236561976386	1324.010009765625	1148501.75
371.87621467520455	1356.3699951171875	1145607.5
192.0271223544268	612.31201171875	1140193.5
195.04602091667337	661.6669921875	1140149.0
130.06305107508572	376.5329895019531	1138543.375
219.97074117883955	1378.5	1131441.0
213.84215005104411	448.47100830078125	1130749.625
270.2196257099947	216.73899841308594	1126976.375
326.19175803622477	1360.199951171875	1114691.625
174.9647633643735	689.5189819335938	1113859.75
203.05125026300453	320.9750061035156	1103790.5
204.87626918323565	185.2779998779297	1102936.125
233.93203424902225	759.552001953125	1102453.25
206.87448657006496	213.01400756835938	1099277.375
215.84014556202303	382.82501220703125	1093233.75
197.06171059066426	594.7620239257812	1092626.875
233.932023780707	638.6959838867188	1091343.875
165.07909369674996	500.1929931640625	1080159.375
196.91316687181578	818.4929809570312	1079698.5
242.22474118019633	1360.199951171875	1075350.5
206.8744885009025	13.190199851989746	1073585.75
216.0402136909346	607.2789916992188	1066715.75
213.84216062824032	419.3500061035156	1065743.0
240.20911848458255	215.4980010986328	1062623.0
155.9547145407971	683.2670288085938	1059693.125
140.01435300921284	1364.2099609375	1052884.125
82.05261169889587	528.2310180664062	1049315.5
137.87047941267494	606.031005859375	1048297.75
204.87626742790522	319.72698974609375	1047998.5
127.04627145345206	405.40899658203125	1045547.75
206.87448217602184	30.981300354003906	1043419.1875
323.0519849754256	616.0859985351562	1040962.5
174.96476484083794	708.9030151367188	1039714.9375
176.03210212737375	632.416015625	1033748.4375
233.93201988230172	782.802001953125	1032517.0625
168.03059810270963	598.47998046875	1025165.4375
243.09375524441197	406.6499938964844	1021374.0625
99.97391505713098	604.7839965820312	1016565.0
215.84014412229917	530.7260131835938	1012666.6875
324.0361086518708	584.7340087890625	1010426.6875
124.03544398734776	406.6499938964844	1009338.9375
213.84214671029704	511.7330017089844	1009168.4375
285.27489106578514	1358.9599609375	1005134.375
155.95471750837368	706.2249755859375	1003636.9375
215.8401359049462	598.47998046875	1003624.9375
190.98653426682253	647.4940185546875	1002736.3125
312.17631159573506	1361.6099853515625	1000241.625
213.84215514074876	385.3169860839844	995641.0625
206.87448534887687	116.8219985961914	992361.4375
147.97328924967493	1348.5999755859375	992194.75
206.87448078300352	152.44500732421875	989238.6875
235.92890455827532	1365.449951171875	984491.625
112.01605067093355	704.791015625	983594.125
204.84171752101028	467.5069885253906	982269.0
270.2559377862809	211.73199462890625	975497.8125
215.84015438033927	323.5150146484375	972999.125
215.8401536068778	185.2779998779297	972597.6875
204.84171411536283	443.3110046386719	971361.4375
97.97671460431255	1354.9599609375	969116.8125
206.87448974506032	350.00201416015625	941953.125
213.84217211387687	598.47998046875	940121.5625
198.1620496436126	221.91400146484375	938779.9375
213.84216213167656	334.8580017089844	930246.75
213.84215815597452	366.43798828125	928938.5
293.80914959139426	1361.6099853515625	927536.3125
146.99086948441044	214.2570037841797	920034.375
204.84170925666268	516.77197265625	918118.5
213.84215794889712	534.5070190429688	917733.0625
120.05747542521779	432.0660095214844	907327.5625
204.8417343824438	413.09600830078125	906318.6875
310.1816495063047	1358.9599609375	904508.3125
138.94783325297684	1383.6800537109375	895737.0625
302.7748369854713	1345.93994140625	890124.6875
264.0722442960152	406.6499938964844	887503.875
155.954720541477	656.4500122070312	887495.9375
200.17774513694545	1349.8399658203125	883645.0
233.9320216154026	914.8480224609375	882356.9375
175.96945984338268	1354.9599609375	878678.8125
233.9320311068329	800.6240234375	878045.9375
213.84216704562294	202.9709930419922	872270.625
215.84013388994822	580.947021484375	870536.125
314.9383632982154	1351.1199951171875	863727.4375
167.05833997095988	257.8399963378906	860458.75
249.08738053412418	1360.199951171875	859220.0625
161.08409974541553	1369.2900390625	857759.0
78.97636018806082	1360.199951171875	853887.25
282.2559502364067	213.01400756835938	853802.875
213.8421586134563	302.08599853515625	849617.0625
233.9320381432959	1422.0	847933.375
233.93203058052129	930.1840209960938	844273.125
393.8706073341465	1362.969970703125	844182.5625
146.99086898043174	13.190199851989746	843750.6875
206.83970606672108	1338.280029296875	843147.5625
146.99087159552764	299.5889892578125	840726.375
206.87448449695532	1438.4100341796875	834227.0625
196.91321438168467	1352.3599853515625	833136.5
204.84171363509304	579.698974609375	831501.0625
169.9803585070732	1329.1700439453125	826910.8125
115.0633052371175	582.2039794921875	824762.9375
306.77080549213457	1348.5999755859375	816369.1875
233.93201687165907	934.051025390625	816364.9375
120.04224212780164	553.35400390625	816021.5
213.84215047809474	575.9550170898438	814681.0625
133.87515704095895	535.7550048828125	810498.375
233.93202399015684	821.0009765625	805671.5
401.8753007623784	328.5589904785156	799727.0625
215.8401393265237	276.70599365234375	799405.375
146.99087014474765	254.10000610351562	798462.8125
204.84169612411583	1335.6099853515625	796865.0625
124.02731726466322	449.7179870605469	787634.8125
286.2782522903095	210.45399475097656	786469.8125
133.87516349740153	558.3499755859375	786018.75
213.8421592977906	175.1840057373047	782661.9375
213.8421400481668	612.31201171875	779228.8125
408.90926234366805	1365.449951171875	774740.3125
146.99086986806068	275.4630126953125	773627.8125
286.8067880137881	1340.760009765625	772612.9375
133.87514924712517	578.4520263671875	771599.9375
174.9647726265366	636.2000122070312	769771.0
175.96200415837114	684.5170288085938	762115.0625
213.84216383143405	156.23899841308594	760298.4375
179.97026027563473	1366.68994140625	759618.625
146.9908702229513	358.843994140625	756085.375
159.06843824388184	272.97601318359375	755106.5
174.9647685656253	763.4970092773438	752649.125
155.95471782296306	637.448974609375	748804.8125
383.09102006387644	219.40199279785156	748241.25
224.8056526247421	600.9630126953125	747252.5
146.99087369097543	318.47900390625	746704.25
117.96981186389918	1352.3599853515625	739516.875
249.06477724335102	387.8210144042969	737783.5625
155.9547194781165	745.3150024414062	736195.1875
146.99087098756803	416.8479919433594	733783.125
215.07953456484634	282.98199462890625	733491.3125
254.15194889143436	231.00799560546875	726472.9375
233.93202044054382	959.7459716796875	726283.9375
202.04786220388294	526.9849853515625	725465.625
211.06808793549783	389.06500244140625	724497.125
215.84011584876527	612.31201171875	718942.4375
133.8751598321702	472.5090026855469	717778.8125
133.8751522640009	514.27197265625	716922.375
163.97540235438635	1354.9599609375	715438.0
156.95432894267532	1357.6099853515625	715201.1875
117.07899053867156	572.1710205078125	714369.9375
312.90904737695894	1352.3599853515625	713355.8125
106.01506120996883	643.7589721679688	712379.5
289.9163549501503	1353.719970703125	710620.3125
213.84216294224686	139.65699768066406	705112.6875
191.05589829009867	437.0610046386719	703663.125
295.7724479928086	1342.0400390625	697311.375
155.95472399250355	784.0540161132812	696891.3125
257.09348567226743	1373.3599853515625	693985.375
152.03344141315307	540.7520141601562	692890.25
294.1867120603988	1365.449951171875	692632.75
312.90899140650316	1364.2099609375	691490.6875
123.99528600223218	1378.5	689050.5625
293.0547630215725	387.8210144042969	688336.8125
347.0632043913889	622.35400390625	687670.125
116.0473446045161	419.3500061035156	684761.5625
174.96478508728907	1422.0	683034.625
204.84172716062332	324.7650146484375	678112.5625
204.8417347377036	357.593994140625	677346.375
229.0780875860329	445.802001953125	670728.5625
157.96229112977642	1352.3599853515625	667277.125
273.89058380744405	1351.1199951171875	663599.125
113.0306332073137	447.2250061035156	660524.25
252.10330004729516	214.2570037841797	660356.1875
340.2073056386782	1358.9599609375	658594.5625
174.96478078359857	621.1099853515625	655859.0
174.96476891659188	863.2990112304688	654322.8125
174.96476529013162	899.4310302734375	653500.625
294.1832089739701	220.6439971923828	651347.1875
174.96477216725737	829.8660278320312	650070.75
257.09350083585815	1384.9200439453125	649924.25
174.1116652807815	1032.27001953125	648599.0625
172.1100527960422	257.8399963378906	646931.3125
117.93583278862077	744.06201171875	645940.625
297.80538336343085	1349.8399658203125	645838.0625
229.2122971762682	216.73899841308594	637502.6875
257.0934507824414	1353.719970703125	636272.9375
230.01919643582667	633.7039794921875	635794.375
204.09003624784197	555.8519897460938	635750.0
118.94512910126349	1382.260009765625	633657.25
174.96476064187996	914.8480224609375	632345.4375
155.95472218658924	1411.9200439453125	629807.5625
136.05791604352154	500.1929931640625	628317.875
213.84216386490354	99.1323013305664	628193.8125
158.02152570391854	584.7340087890625	626359.625
123.99529895204145	1364.2099609375	623990.25
211.9389861379809	604.7839965820312	619256.875
174.96476440514797	943.0980224609375	618887.75
382.2106045676615	1375.8399658203125	616385.5
102.03151823161319	552.0689697265625	615178.125
312.3031019492426	211.73199462890625	613024.125
155.95471713169886	859.4849853515625	607106.8125
330.27729366580746	211.73199462890625	604763.6875
204.84169917559163	636.2000122070312	603809.8125
220.0583650333175	637.448974609375	603303.5
382.21051571983065	1353.719970703125	602438.1875
153.9854318206125	1324.010009765625	602330.3125
147.9732771464708	509.0469970703125	601542.25
174.9647702422172	817.239013671875	600736.75
159.13406468863113	238.85299682617188	594332.0625
382.21060796728483	1388.8299560546875	589934.4375
206.83969801299318	619.822021484375	586441.75
201.1810872338964	223.33900451660156	585198.4375
174.96476088282233	972.6270141601562	584113.0
146.99086409362997	461.17999267578125	584000.0
185.06885384269017	402.9230041503906	579357.9375
233.9320216202401	999.801025390625	576113.8125
293.80912514259205	1382.260009765625	576072.25
138.94784933193847	1410.6300048828125	575010.5
204.84172648014612	289.37200927734375	574931.8125
298.25098605873916	215.4980010986328	573255.6875
155.95470986617818	896.916015625	571600.9375
127.0245120151869	260.3340148925781	569720.6875
99.03180005677264	632.416015625	568800.5
270.2559823361916	1375.8399658203125	568391.4375
284.80856189679815	1340.760009765625	567154.0625
155.95471035312124	914.8480224609375	565845.75
136.03861509327214	529.47802734375	563857.5625
139.02696233863725	1351.1199951171875	562595.0625
250.05667722866045	447.2250061035156	561643.1875
175.9620144903846	740.3040161132812	560317.25
222.80788878294493	609.7739868164062	559003.625
91.97830104572108	1259.469970703125	557604.375
155.9547059341674	612.31201171875	556937.625
409.9064784461189	1364.2099609375	555434.125
195.91316634349232	1153.010009765625	553327.375
148.03722217052783	502.7130126953125	550893.3125
243.2281401366214	215.4980010986328	547392.5625
141.01914284152593	637.448974609375	546408.3125
215.8401527092282	58.755001068115234	544111.375
312.1762521569012	206.72000122070312	543736.8125
171.00036415287383	647.4940185546875	539745.1875
274.08018892848906	447.2250061035156	539254.25
288.0958424008107	405.40899658203125	533385.0625
273.89061489370573	1374.5999755859375	533115.0625
197.03246978976998	579.698974609375	531049.3125
100.0522408242265	358.843994140625	528548.9375
224.8056294153385	1339.52001953125	526082.9375
175.9620301574926	764.75	523993.34375
338.1480283208035	437.0610046386719	522194.375
289.06522849473765	1368.050048828125	522129.34375
201.95234013502886	1353.719970703125	521952.375
175.9620156598431	636.2000122070312	508835.9375
133.8751361850562	1342.0400390625	507246.28125
204.8416868153925	666.6610107421875	506697.53125
113.03063867635286	492.7030029296875	504137.9375
204.84173197134328	201.677001953125	503418.21875
196.9131916116411	1386.1600341796875	502183.625
155.95471886953808	981.68701171875	501147.4375
123.04016182291943	353.7969970703125	500756.0
245.07286199020209	503.9590148925781	500735.5625
305.0861508611498	406.6499938964844	500629.9375
326.3187236365653	210.45399475097656	499568.5625
123.99527207343408	1340.760009765625	497368.875
155.95471605480668	995.8300170898438	496024.5
313.90640889428494	1370.530029296875	495485.15625
116.94064316820084	1383.6800537109375	494154.34375
204.8417317343644	154.98800659179688	493678.71875
91.9783017596163	916.1060180664062	491876.5
293.7745763589889	1340.760009765625	491227.5
79.97364441077063	1357.6099853515625	489291.0
168.06498352181842	1378.5	488924.125
91.97830268140716	958.4869995117188	488522.125
204.84169578532348	699.7260131835938	486479.3125
155.96715724451334	1368.050048828125	484200.78125
125.05575147331076	584.7340087890625	481542.71875
207.0541598873222	1384.9200439453125	479966.5
123.99528769243383	1387.4100341796875	479462.0
204.84173223371172	177.68800354003906	478984.6875
146.13070841255882	279.19000244140625	478855.625
175.96202096112503	784.0540161132812	478023.875
284.0855605961082	590.968017578125	477584.34375
235.94000583508966	1352.3599853515625	477330.8125
146.1055432836827	957.1840209960938	476885.59375
133.8751556433313	442.0329895019531	475301.96875
101.04750432147875	552.0689697265625	474093.34375
167.0583693679875	437.0610046386719	473395.25
354.20782047497516	1358.9599609375	470973.3125
269.08411339926124	529.47802734375	470882.46875
255.91396189120314	1356.3699951171875	467732.0
298.1604129721875	1360.199951171875	465186.0625
91.97830609849677	1057.1800537109375	463900.625
91.97830129244764	871.2139892578125	458860.96875
160.03720589915724	544.5560302734375	455943.28125
257.06673427963153	553.35400390625	454678.5
79.96580080695223	684.5170288085938	453177.75
226.80328509214507	600.9630126953125	452169.6875
186.05287045594142	549.552001953125	452091.71875
135.98045214919125	1422.0	451717.09375
132.0898740118878	657.8809814453125	451008.78125
174.02927356121228	458.6839904785156	449295.03125
294.1867833602289	1374.5999755859375	447044.84375
109.02889686641834	459.9320068359375	446738.9375
233.93202102924167	1019.239990234375	446257.0625
326.19179417469627	205.47000122070312	442968.5625
330.93210069799255	1364.2099609375	442516.90625
91.97830752939275	786.56201171875	439758.5625
348.8932448091401	428.33099365234375	439433.03125
291.07176752781504	495.1889953613281	438913.84375
297.77039267859743	1338.280029296875	437833.71875
348.8932687841573	367.6889953613281	437590.0
284.27158207102275	310.9070129394531	436740.78125
168.03345858145238	598.47998046875	435557.125
171.0249421963064	784.0540161132812	435242.96875
175.9620193659087	838.8809814453125	435004.78125
292.0221097252523	794.1710205078125	433318.0625
170.85692443182268	626.1320190429688	433284.1875
241.95278360250225	1353.719970703125	432849.84375
174.9647666059257	1025.72998046875	432814.125
251.04405379656166	1388.8299560546875	431418.0
91.9783012015698	657.8809814453125	431039.8125
257.0667139816908	590.968017578125	429654.125
372.8757219591202	1357.6099853515625	429181.34375
96.99181559599128	1354.9599609375	428976.71875
284.08555498897704	553.35400390625	426856.25
151.04944501100374	590.968017578125	426582.78125
213.8421440770946	666.6610107421875	425716.25
284.2715591931066	6.746059894561768	425625.25
175.9620134582653	922.5850219726562	425326.65625
162.05288263016462	660.3759765625	424090.875
294.8985742639996	1364.2099609375	422649.6875
141.99342007768956	1416.9200439453125	421866.53125
376.0383138529576	310.9070129394531	421598.15625
175.9620172412234	1420.7099609375	420940.46875
117.08708373039421	277.947998046875	420095.0
286.08014789640634	406.6499938964844	419458.03125
136.9799420457267	1356.3699951171875	419202.25
199.8723869427182	1335.6099853515625	418240.96875
133.87515402764575	652.7059936523438	416462.40625
102.03151707278465	588.4749755859375	415742.65625
134.07319992933384	1387.4100341796875	415661.5
134.07318965125378	1370.530029296875	414472.96875
284.2715709166054	350.00201416015625	413461.125
256.0960089520089	454.7550048828125	412386.59375
280.24022459608074	1369.2900390625	409946.875
236.07198929496698	220.6439971923828	409127.71875
175.96201679833933	896.916015625	405184.21875
99.03176956376315	1366.68994140625	400315.75
255.22808161769012	1364.2099609375	400162.46875
222.80786877435932	1338.280029296875	396976.3125
401.1014740577377	216.73899841308594	396927.78125
175.9620074609444	943.0980224609375	394882.1875
428.12940892786645	205.47000122070312	394654.96875
175.96201287877264	955.9240112304688	393559.6875
101.0111249381428	447.2250061035156	392275.4375
272.2352029470479	223.33900451660156	388553.75
195.87596051971573	1413.1700439453125	386887.28125
177.04602040984224	373.98699951171875	385480.3125
279.9374174019682	1370.530029296875	384477.4375
170.0078238567564	647.4940185546875	384122.78125
242.07930751036113	373.98699951171875	383652.4375
158.99642766257824	1364.2099609375	382130.1875
171.02494169059878	773.7960205078125	381988.3125
73.99980030463892	445.802001953125	380092.0
348.89323668197926	213.01400756835938	379370.84375
195.91317602198814	688.2680053710938	376161.09375
217.83777896871158	205.47000122070312	375676.28125
264.05137072740246	447.2250061035156	374150.71875
146.99085102934615	1345.93994140625	374131.90625
213.8421451566439	697.239990234375	374057.71875
172.14641860753972	1352.3599853515625	372421.09375
218.0371456097958	608.5269775390625	371024.6875
174.96479561572747	587.22900390625	370225.78125
157.9514286853443	1362.969970703125	369170.46875
291.07039449160385	448.47100830078125	368799.375
114.03172103567955	729.8829956054688	368282.46875
242.0792691659566	221.91400146484375	367156.3125
121.97958872240024	1345.93994140625	366976.53125
286.8068484182181	11.753899574279785	365924.21875
220.97031244675622	1354.9599609375	364770.5
179.82258599341276	626.1320190429688	364684.46875
125.99046450423434	1324.010009765625	363449.0625
195.87596026851526	1439.6700439453125	362440.78125
177.0281453796438	312.1549987792969	361968.8125
211.1209679942455	274.2200012207031	360218.125
168.0650003667481	1351.1199951171875	360071.25
110.03672806598001	458.6839904785156	359210.25
175.9620140115305	986.958984375	358871.5
284.07526946190484	206.72000122070312	358734.53125
382.2105737733077	1411.9200439453125	358687.84375
100.05223709756395	266.65899658203125	354475.21875
268.2402573532219	1364.2099609375	354229.8125
133.87516447573392	414.34698486328125	353906.4375
288.8050158789374	1340.760009765625	353381.3125
207.0541745119325	1416.9200439453125	350612.5
346.1337019683884	437.0610046386719	350429.65625
287.91923545384566	604.7839965820312	348970.3125
92.0290369320693	342.40899658203125	348823.625
368.8894679583793	353.7969970703125	348751.65625
175.96201411337327	1007.4600219726562	347913.96875
120.03079072972463	617.3300170898438	347461.65625
193.91869524249736	822.2550048828125	345893.0625
326.07278325904434	406.6499938964844	345745.375
125.04765318085356	358.843994140625	344741.46875
352.2282799511812	1357.6099853515625	344336.65625
700.305821550309	220.6439971923828	342178.15625
208.83738527357102	1335.6099853515625	341804.90625
155.9547440636108	589.7219848632812	341476.21875
295.08652647939084	249.02999877929688	340849.8125
197.87418568796917	1375.8399658203125	340588.09375
213.84215390758183	737.801025390625	339394.625
356.0520839499875	312.1549987792969	337487.875
139.02696451083736	290.62200927734375	337385.375
102.03152485265313	294.40899658203125	336358.875
254.22486564730994	214.2570037841797	335612.46875
114.03172876169762	660.3759765625	333852.0
398.2336919560345	1364.2099609375	332489.03125
175.95422286857368	1360.199951171875	332364.25
124.01607645779366	758.2999877929688	331884.53125
127.91231853096205	1362.969970703125	331015.3125
242.07924104341717	142.3470001220703	330705.21875
168.85885627661716	627.3809814453125	330687.3125
229.21236699724668	1356.3699951171875	328845.40625
130.02666294091347	443.3110046386719	327346.8125
148.0736207348964	356.3420104980469	326749.59375
217.8377039095866	161.28799438476562	326470.4375
207.17043730159384	236.36199951171875	326289.5625
210.94153443451253	1354.9599609375	326004.0625
168.04229157500166	585.97998046875	325771.78125
282.1150569912278	1111.1800537109375	324927.1875
150.0081897365346	328.5589904785156	323891.3125
373.87302701835233	1360.199951171875	323800.84375
298.2872433635472	210.45399475097656	323513.3125
226.19342467269348	216.73899841308594	323075.59375
128.04735221239335	400.3900146484375	323017.75
174.96476648345796	1206.3299560546875	322584.53125
219.83551086191036	1339.52001953125	322570.375
242.0792348131275	172.63900756835938	321882.53125
242.05570484894827	493.9469909667969	321604.90625
113.01940272128988	699.7260131835938	321462.375
386.1859265190577	240.0989990234375	321146.5
173.14979156089078	232.44000244140625	320874.8125
195.9472169653379	1397.93994140625	320742.46875
133.8751666530156	218.16200256347656	319753.0
242.0792290663684	254.10000610351562	319714.4375
157.9503898350454	1312.2900390625	318216.1875
312.90912598299127	1384.9200439453125	317978.875
78.04616809408975	596.0	317976.0
682.3047309319337	220.6439971923828	317284.15625
132.03084423972163	698.4829711914062	316927.59375
215.0795534069014	344.9540100097656	315229.0625
174.9647661078306	1236.0899658203125	314680.625
217.83770718228848	612.31201171875	314418.875
142.99293803750527	1352.3599853515625	313719.09375
285.27490975530213	1408.1400146484375	313045.03125
208.87267778250208	1411.9200439453125	312933.28125
201.9726700679609	1360.199951171875	311253.0
204.06357316763646	297.0929870605469	310600.09375
255.9264744299975	1345.93994140625	310512.0
251.04402858380266	1416.9200439453125	310480.6875
242.0792147846713	288.12298583984375	309942.90625
365.89639914500515	1352.3599853515625	309917.59375
150.0413275272336	622.35400390625	309855.0625
260.0296897124883	659.1279907226562	309703.21875
135.87234234260077	1340.760009765625	309012.75
135.8723670387556	1340.760009765625	309012.75
242.07927181092748	206.72000122070312	308997.53125
121.97959372040991	1374.5999755859375	308088.59375
168.06494754184945	1420.7099609375	308076.875
242.07923631452067	191.57899475097656	307226.375
368.889470267912	416.8479919433594	307104.0625
148.0372252226962	1390.0699462890625	306952.125
137.99868827368246	1364.2099609375	306303.0
172.11006344034624	210.45399475097656	306052.78125
233.93204407508682	587.22900390625	305678.96875
278.0669163860522	405.40899658203125	305586.46875
226.8032719533258	1339.52001953125	305578.84375
115.94136378352479	814.68798828125	305346.34375
137.97726048738892	1360.199951171875	305281.96875
267.15869398642485	1364.2099609375	305126.625
158.1306639189014	1351.1199951171875	304819.28125
283.2592176109953	1358.9599609375	304446.75
233.93201176448463	1237.3499755859375	304420.375
208.87273206783567	211.73199462890625	303053.71875
217.83771679611533	135.9010009765625	300815.28125
201.02744695892954	220.6439971923828	300698.1875
242.07924001201883	105.43099975585938	300452.1875
315.03675595537237	387.8210144042969	300318.78125
183.995917971175	1433.3599853515625	299458.09375
146.05795653302937	213.01400756835938	299337.71875
183.9959562266719	1373.3599853515625	298395.59375
165.93589828943763	427.0820007324219	298232.34375
148.03722765885922	704.791015625	298161.40625
139.97776063045106	1370.530029296875	297790.125
233.9320157448651	1201.0400390625	297464.15625
384.739921211718	1349.8399658203125	297235.21875
136.03723836222835	554.60400390625	296989.15625
197.8741719715005	1415.6700439453125	295550.28125
160.00396496350845	461.17999267578125	295397.40625
86.03635171568132	733.8200073242188	295146.125
302.245913742462	1352.3599853515625	295103.96875
243.22814381986228	1358.9599609375	295061.625
73.99979267701872	590.968017578125	294896.1875
114.06228598090203	500.1929931640625	294366.625
153.07900609951645	281.70098876953125	293896.53125
225.88519310835017	1338.280029296875	293619.3125
174.96476302639195	1259.469970703125	292123.71875
365.2781146579091	34.77519989013672	291873.625
104.04720647257543	622.35400390625	291799.78125
217.83772637307163	116.8219985961914	291256.3125
193.9187265804767	1360.199951171875	290073.5625
240.02394011601984	645.0029907226562	288464.875
134.99907577373332	386.5769958496094	288226.1875
290.07514424610537	502.7130126953125	287458.5625
368.3656844775123	207.96600341796875	287121.5
196.99557431951106	539.5020141601562	286521.875
138.04293850766285	397.88800048828125	286302.71875
168.00588018364002	1351.1199951171875	285973.75
182.07911732035868	614.8410034179688	285825.75
197.87415633895927	1438.4100341796875	285688.84375
101.0474974116817	590.968017578125	285211.46875
159.0613117822212	319.72698974609375	285106.8125
215.05842724921726	249.02999877929688	283261.53125
213.14465900381865	240.0989990234375	281565.3125
100.01585413915939	370.1929931640625	281534.25
176.96158823563897	1360.199951171875	280274.0
242.07923370625883	33.524200439453125	279804.5
274.89042386553285	817.239013671875	279791.90625
342.1163060137192	661.6669921875	279368.78125
208.87270107587588	51.164798736572266	278506.28125
234.93160751525892	707.4730224609375	276838.96875
198.06253207215437	596.0	276671.21875
348.8932375840981	516.77197265625	275724.0625
324.3030272207403	207.96600341796875	274456.5625
233.93201208797913	1185.4000244140625	274366.21875
103.03488466297976	362.5979919433594	273939.125
188.00865668270157	597.239013671875	273163.96875
122.00377131082635	22.139699935913086	272954.65625
242.07923441367308	65.0531997680664	272825.625
151.97795039833923	1349.8399658203125	272426.84375
136.05247903067308	247.7830047607422	271187.5625
208.87270733223107	6.746059894561768	270614.625
263.01949891592653	602.2509765625	270309.75
266.0515061581694	503.9590148925781	269782.78125
146.99086472532238	598.47998046875	269417.8125
123.04015371802113	458.6839904785156	268476.78125
112.05241811536335	458.6839904785156	268400.6875
368.8894763505826	491.4179992675781	268253.25
172.11004666399103	275.4630126953125	268156.40625
159.06129353422352	533.2589721679688	267405.03125
373.07026621264276	307.1619873046875	267092.4375
284.8086007441913	42.323299407958984	266736.9375
284.80861605256723	318.47900390625	266124.53125
118.9388337050852	1383.6800537109375	266046.8125
147.97326754428514	1339.52001953125	264576.625
284.80861902764406	305.8689880371094	264228.3125
125.9928647657054	642.4749755859375	264158.8125
158.0215376080823	729.8829956054688	261825.296875
186.01644711827424	786.56201171875	261652.421875
131.10272102960792	265.4100036621094	261634.625
144.07866010482337	350.00201416015625	261503.84375
196.94681118175228	1357.6099853515625	260784.359375
327.1951623617235	1364.2099609375	260536.953125
338.21295242306365	1353.719970703125	260330.8125
160.1099754710627	303.3739929199219	260106.671875
195.95963828962263	1345.93994140625	259128.09375
109.06081245989883	458.6839904785156	259044.671875
207.87789326270908	1364.2099609375	258725.484375
159.08957157872044	350.00201416015625	258618.515625
284.8086144707283	113.0250015258789	258313.578125
394.8696490352787	1361.6099853515625	256225.984375
118.06302270089817	373.98699951171875	254593.859375
311.9095586833644	684.5170288085938	254157.5
308.7685458383354	1345.93994140625	252305.234375
393.7055757546843	1348.5999755859375	252137.28125
200.06858795311535	1382.260009765625	251849.359375
155.95470663723847	1184.1300048828125	251576.609375
72.02049253407164	655.2020263671875	251126.640625
266.15521225767526	1429.550048828125	250646.328125
217.8377272489194	92.83360290527344	250321.359375
177.8246486089124	626.1320190429688	249486.359375
204.06351636975444	573.458984375	249185.0625
135.99290037923322	1339.52001953125	248916.03125
240.13639246434852	216.73899841308594	248600.21875
187.52566937308555	1369.2900390625	248474.875
244.24024199640607	242.79400634765625	248268.421875
395.7033381540206	1344.699951171875	246619.125
79.97364459552722	1384.9200439453125	246492.53125
284.8085991781499	172.63900756835938	246322.453125
284.8086256179119	95.33560180664062	245926.125
284.80862470116904	238.85299682617188	245654.375
183.99590170981298	1353.719970703125	245422.484375
303.24944062716713	215.4980010986328	244352.875
205.87965122892717	1345.93994140625	244243.53125
274.8903941095658	1353.719970703125	243118.546875
208.8727246648355	250.2760009765625	241259.953125
127.91231109640366	1382.260009765625	240994.640625
252.95457390100253	1364.2099609375	240448.890625
197.91064459298568	1361.6099853515625	240338.296875
192.02716485711878	1364.2099609375	239290.3125
268.24044847805885	213.01400756835938	239289.0
340.2073273080324	205.47000122070312	239169.125
170.85691222602847	1335.6099853515625	238086.8125
201.96023955617102	1368.050048828125	237248.046875
208.83737715675065	618.5750122070312	237063.640625
150.07929649840412	305.8689880371094	237062.953125
387.1170630021484	593.52099609375	236951.21875
230.97901274640196	647.4940185546875	236878.6875
196.0467505434346	662.916015625	236137.015625
613.8046396477945	430.8240051269531	236077.15625
208.872713839475	277.947998046875	236062.1875
206.04266230539255	1361.6099853515625	235624.9375
331.9294345727982	1358.9599609375	235190.609375
166.0482096483239	256.59100341796875	234997.6875
113.02392292073831	255.34500122070312	233144.328125
288.9187473274338	1352.3599853515625	232654.078125
143.99025791539952	1364.2099609375	231804.765625
343.1419787631115	1352.3599853515625	231552.03125
298.16031970307205	206.72000122070312	230936.59375
160.14637074794854	269.15899658203125	230835.828125
188.0143898254894	242.79400634765625	230821.5
134.07319873540865	1422.0	230356.265625
220.9703262502768	1370.530029296875	230143.984375
456.1494780016623	447.2250061035156	230021.21875
175.9620167020987	589.7219848632812	229892.921875
142.09943301030364	247.7830047607422	229528.484375
185.94532721245946	1364.2099609375	227068.703125
401.8751729064904	1439.6700439453125	226907.984375
123.98280196500824	1353.719970703125	224994.203125
418.1631298656097	251.56700134277344	224556.046875
208.8727133610665	350.00201416015625	223663.546875
484.1811646832911	405.40899658203125	222484.234375
184.14635903864337	225.83200073242188	221880.421875
201.9523169421172	1383.6800537109375	221358.15625
204.06358914442384	363.8919982910156	221092.796875
200.06856695670166	351.2539978027344	220610.171875
177.9991243586341	493.9469909667969	220275.8125
72.02050659161849	554.60400390625	219968.234375
215.19671470516516	221.91400146484375	219283.0625
156.9701999994243	425.8299865722656	219104.25
295.09053163181125	590.968017578125	218719.265625
189.96439386277487	685.7670288085938	218226.5625
204.06355738236394	318.47900390625	218021.984375
226.19342445092983	1360.199951171875	217686.578125
137.94379068245198	1356.3699951171875	217306.1875
140.9454939303883	1369.2900390625	217209.40625
215.840157643681	1416.9200439453125	217005.484375
156.07873907711678	264.1610107421875	216625.8125
101.04749538542524	631.1680297851562	215765.84375
231.04833518173552	435.8210144042969	215579.109375
254.2246979863887	1435.8599853515625	215271.828125
275.88783636149134	1354.9599609375	214597.25
118.938847426488	1366.68994140625	213902.28125
157.11838562408056	238.85299682617188	213416.40625
171.02494204659592	884.2039794921875	212777.640625
163.9634018162768	1365.449951171875	211775.5625
79.92563882464941	1348.5999755859375	210665.28125
139.06334699951267	438.29901123046875	210176.390625
333.89158109058343	1352.3599853515625	210164.75
221.96767757254682	1354.9599609375	210129.03125
103.07129165300844	339.906005859375	208367.140625
175.96200987458298	1173.6300048828125	208227.671875
267.1587114628242	205.47000122070312	207292.796875
143.05822712560374	552.0689697265625	206242.34375
295.80717244369424	1409.3900146484375	205353.53125
179.88105491641784	1329.1700439453125	204139.765625
208.87271895596984	1438.4100341796875	203805.21875
118.93597905413587	1351.1199951171875	203588.671875
177.943284266722	1368.050048828125	203527.515625
175.96201162855436	1246.5999755859375	202912.453125
95.04494055129723	295.6570129394531	202732.21875
136.05176402267344	500.1929931640625	202673.5
613.8045463319079	395.3429870605469	202642.0
330.056609862993	464.9649963378906	202601.546875
81.92362731803982	1349.8399658203125	202581.125
123.99526947339379	1258.2099609375	202356.671875
196.9132040164219	1428.300048828125	202104.796875
235.92889089749835	683.2670288085938	201920.390625
142.9310476540272	224.58599853515625	201747.515625
213.8421759672118	1409.3900146484375	201721.515625
174.0891913468086	310.9070129394531	201666.28125
240.1363676005453	228.51199340820312	201550.5
139.86742381090832	604.7839965820312	201323.328125
290.0628129681822	528.2310180664062	201308.390625
158.02131549316692	493.9469909667969	201111.71875
207.877867143228	1347.1800537109375	200888.359375
230.07909546770892	247.7830047607422	200669.390625
355.02928877917884	389.06500244140625	199890.65625
413.9737232203326	1348.5999755859375	199805.53125
97.99529165254263	1336.8599853515625	199760.140625
105.0505779448692	457.43701171875	199605.65625
87.03967315769094	699.7260131835938	199133.75
194.05793772747782	280.4339904785156	198876.09375
188.10494288705695	211.73199462890625	198801.828125
212.07730139082844	706.2249755859375	198431.453125
196.05830418538443	648.9219970703125	197760.46875
312.05734810469966	445.802001953125	197463.90625
280.0461341757329	502.7130126953125	197267.03125
153.05075317822374	458.6839904785156	196929.15625
449.853602405691	1365.449951171875	196485.71875
441.8678695543284	395.3429870605469	195605.703125
119.94929097623898	708.9030151367188	195270.234375
215.84018757202017	1392.5999755859375	195243.65625
356.1754778559401	237.60800170898438	195143.59375
277.9760924094409	643.7589721679688	194982.65625
168.85886375195483	1333.1300048828125	194878.296875
156.07291804446905	632.416015625	194604.234375
273.89055303839814	1422.0	194466.328125
112.05243469861864	381.5360107421875	193988.890625
128.05858865728666	406.6499938964844	193480.5
214.0245453446026	547.052978515625	192870.125
168.04227516762603	606.031005859375	192421.625
244.08887307276066	564.6510009765625	192380.859375
181.87926374741696	1330.4200439453125	192069.296875
265.10792908228115	1113.9200439453125	191783.359375
75.03953591366495	617.3300170898438	191619.953125
271.2592355904631	214.2570037841797	191070.203125
356.062579194853	312.1549987792969	190351.6875
157.01423481833325	493.9469909667969	190323.90625
255.9264277974391	1395.27001953125	190194.765625
202.19346746601465	252.85299682617188	190088.734375
221.96766014542575	1368.050048828125	190041.265625
130.06307086197194	1377.0799560546875	189687.09375
156.00925303028976	1353.719970703125	189473.9375
140.0473712506817	459.9320068359375	188775.03125
166.04777123609216	587.22900390625	187634.09375
242.22476823784876	1437.1199951171875	187338.375
102.98797346662323	1331.699951171875	186845.4375
170.13072854771593	233.86900329589844	186254.90625
106.02651521698213	540.7520141601562	185990.421875
188.10493573561632	500.1929931640625	185960.15625
100.01584943523265	545.8040161132812	185002.9375
244.09457008746517	404.1669921875	184966.34375
115.02693346310583	356.3420104980469	184634.421875
72.02049839754517	519.27197265625	184262.953125
384.7053228626927	1338.280029296875	184197.3125
128.08376249795063	264.1610107421875	184092.34375
102.98799601515275	510.2969970703125	183885.84375
221.09001904393267	552.0689697265625	182399.109375
319.10332319195254	611.02099609375	181389.953125
79.92563642423008	628.6290283203125	181114.703125
138.03167608132875	1348.5999755859375	180659.046875
311.90953663501995	746.7540283203125	180200.9375
295.14217505781136	205.47000122070312	179332.796875
115.90901867533144	482.5929870605469	177895.828125
167.93386655185597	427.0820007324219	177646.15625
166.04820208568574	231.00799560546875	177505.578125
300.2665554141657	218.16200256347656	177338.890625
205.05054368158707	437.0610046386719	177280.84375
253.8914178566648	1349.8399658203125	177228.453125
138.05102084856316	509.0469970703125	177221.46875
313.17970283238725	1371.949951171875	177081.015625
189.11950277353478	629.8759765625	176740.234375
176.96163324946735	1368.050048828125	176497.078125
186.08925830876353	265.4100036621094	175579.265625
382.7416566087839	1348.5999755859375	175446.875
171.08963011669	389.06500244140625	174907.90625
233.93201903069271	1071.97998046875	174776.9375
235.92890057800372	708.9030151367188	174757.65625
118.06302700655895	288.12298583984375	174676.09375
81.92361874929526	628.6290283203125	173754.53125
392.91530686936613	1351.1199951171875	173482.875
172.0137633074342	609.7739868164062	172790.4375
176.0320958616887	664.1640014648438	172673.5625
130.0460127501664	498.95098876953125	172372.015625
566.2050692190021	227.26499938964844	172192.4375
265.1678145248415	233.86900329589844	171935.015625
311.90957536446217	655.2020263671875	171788.03125
206.04270446694164	1368.050048828125	170857.90625
271.07266850615065	389.06500244140625	170850.734375
193.07403882081937	336.1520080566406	170678.4375
210.94151040768642	608.5269775390625	170530.8125
289.9162773399308	606.031005859375	169656.15625
214.06310343691604	305.8689880371094	169160.3125
351.8677734856561	1351.1199951171875	169090.09375
284.8086365439828	413.09600830078125	168373.671875
304.06498402621133	404.1669921875	168352.578125
220.0583757396911	670.4500122070312	167901.78125
133.87516272744585	148.64700317382812	167789.546875
115.90901105537125	516.77197265625	167668.9375
240.2090977112608	1373.3599853515625	166860.8125
138.0316976237215	279.19000244140625	166109.09375
351.03473971857613	464.9649963378906	166080.8125
164.0685936926074	544.5560302734375	165966.546875
342.1162506669597	651.458984375	165898.375
171.0777192864482	438.29901123046875	165286.296875
219.95719561656398	1324.010009765625	165269.171875
179.05834091521353	353.7969970703125	165031.828125
167.0218674827413	745.3150024414062	164758.46875
195.99838944703498	699.7260131835938	164668.375
146.09432760809992	261.625	164556.78125
114.0429674493476	638.6959838867188	163076.859375
195.95965139530827	1382.260009765625	162411.125
190.04783025178799	559.5980224609375	162383.796875
119.9341682464199	826.10498046875	162115.421875
132.07868694195585	295.6570129394531	161653.53125
190.04781480445297	589.7219848632812	161630.1875
171.0249449779865	1351.1199951171875	161036.890625
259.0636213770907	593.52099609375	160877.671875
354.3500926900547	206.72000122070312	160564.6875
114.06811245668636	264.1610107421875	160426.125
89.04728591868934	648.9219970703125	160399.703125
213.84214711231752	1438.4100341796875	160286.796875
181.82023480126455	626.1320190429688	159667.3125
283.25929322172163	213.01400756835938	159451.421875
134.01348443599946	290.62200927734375	158745.328125
215.84013793550088	1438.4100341796875	158715.171875
241.21254469854293	215.4980010986328	157985.890625
171.08961324107642	380.2850036621094	157979.828125
427.0296681203506	618.5750122070312	157293.109375
391.7074069977838	1345.93994140625	156962.359375
410.4126847422781	206.72000122070312	156516.125
240.06714977391383	216.73899841308594	156513.375
185.06883094377272	448.47100830078125	156322.453125
288.8050546599992	17.131900787353516	156006.828125
377.29336223579173	216.73899841308594	155957.953125
232.0755857868028	219.40199279785156	155164.953125
445.20592042709154	1349.8399658203125	154314.328125
216.84422478775716	1344.699951171875	154285.328125
207.0460805503098	685.7670288085938	154086.03125
288.11108954475077	418.0979919433594	153495.640625
180.06345126295432	638.6959838867188	152842.390625
218.05990768443968	227.26499938964844	152651.34375
386.7031424937834	1339.52001953125	152135.078125
251.03363502869183	294.40899658203125	151575.53125
187.16535480801386	227.26499938964844	151454.09375
424.0373181911055	614.8410034179688	151301.796875
421.00094660183595	387.8210144042969	151125.5
214.02440805240363	596.0	151010.40625
152.0666276594828	435.8210144042969	150467.265625
194.99634904830162	539.5020141601562	150179.265625
144.92291618905725	826.10498046875	150023.671875
79.04163474480141	405.40899658203125	149866.734375
382.3814699337671	209.2100067138672	149772.703125
259.78950690634633	1348.5999755859375	149641.53125
166.02660973580203	660.3759765625	149260.484375
272.06438794606584	445.802001953125	149233.0
198.05013144935026	503.9590148925781	148554.359375
293.80914528557844	1410.6300048828125	148290.84375
199.16537094630337	221.91400146484375	147604.953125
169.03497016398634	607.2789916992188	147230.171875
75.96860793125106	607.2789916992188	147191.8125
294.1867036081708	206.72000122070312	146988.375
348.05466715282336	406.6499938964844	146794.03125
285.2749386523393	1434.6099853515625	145723.25
340.33419024526313	209.2100067138672	145516.671875
116.9469259066429	221.91400146484375	144469.84375
105.04249013424439	650.1680297851562	144004.390625
103.9970863399654	1340.760009765625	143938.84375
179.82260267534116	1342.0400390625	143938.203125
204.051852453615	318.47900390625	143827.296875
127.01047950273123	641.2310180664062	143649.03125
147.0725703202935	633.7039794921875	143556.25
276.02472507221745	687.0180053710938	143362.828125
170.07107759958438	439.53900146484375	142498.8125
683.3083668668402	221.91400146484375	142449.359375
123.99530244035805	1420.7099609375	141863.21875
127.04007115833501	404.1669921875	141811.015625
176.0321208957729	583.4879760742188	141592.796875
246.0738785285405	501.4360046386719	141505.984375
261.1364256573052	1383.6800537109375	141057.171875
90.94797367682858	1330.4200439453125	140812.4375
118.945129333895	1439.6700439453125	140641.8125
296.23524517406304	215.4980010986328	140491.5
157.00437090664627	1383.6800537109375	140107.4375
223.94146306035967	530.7260131835938	139496.09375
178.09947486455047	238.85299682617188	139327.65625
197.03598142526707	360.093994140625	137918.734375
120.06150979254062	621.1099853515625	137878.828125
95.94755671401978	538.2540283203125	137746.234375
252.96803827078463	636.2000122070312	137605.390625
165.0097303080617	442.0329895019531	137181.34375
547.8324797607663	6.746059894561768	137157.125
299.80369315355676	1347.1800537109375	136893.15625
169.0344655200529	597.239013671875	136882.65625
203.01478760352808	729.8829956054688	136819.921875
259.06367496635653	552.0689697265625	136793.484375
137.87037505831867	1333.1300048828125	136282.59375
165.007234500631	643.7589721679688	135850.859375
155.01945075674692	618.5750122070312	135769.765625
204.06356132314963	589.7219848632812	135626.265625
166.08233476349432	498.95098876953125	135445.6875
233.93202542786648	1108.5799560546875	135168.140625
171.0809978655132	435.8210144042969	135089.25
140.00854383249356	617.3300170898438	134959.15625
352.06329690995835	528.2310180664062	134949.59375
311.909507492609	637.448974609375	134605.296875
214.84546355548096	1345.93994140625	134578.140625
116.946925315423	168.84100341796875	134481.71875
452.45970807611087	205.47000122070312	134354.78125
172.85508640864452	626.1320190429688	133770.921875
128.04736452510087	559.5980224609375	133727.390625
80.96395102259318	391.5570068359375	133649.015625
327.32203358303093	210.45399475097656	133568.28125
141.0426604684408	552.0689697265625	133446.40625
250.1568979507024	206.72000122070312	132960.09375
224.99057718683588	360.093994140625	132679.484375
113.02436693979594	448.47100830078125	132452.734375
266.115445076435	241.50999450683594	132410.078125
352.0408058118851	247.7830047607422	131862.296875
161.0688581884014	650.1680297851562	131278.734375
380.25963685113317	1358.9599609375	131011.7109375
143.05824038560309	590.968017578125	130796.171875
355.9535921203823	643.7589721679688	130504.2109375
215.04320346568312	382.82501220703125	130284.765625
316.8152251658956	1338.280029296875	129837.890625
166.04818186818406	216.73899841308594	129101.015625
214.15703168609934	238.85299682617188	128820.8984375
294.0902216897062	249.02999877929688	128790.0234375
339.15145711804655	438.29901123046875	128788.703125
201.9647412297815	1342.0400390625	128668.625
272.0025294756745	232.44000244140625	128156.3984375
368.88937017325986	1321.3199462890625	127690.8125
116.9469361361771	206.72000122070312	127418.9375
397.70113024140676	1343.4599609375	126916.6796875
226.105378389922	516.77197265625	126850.46875
293.0235679583881	619.822021484375	125989.1640625
160.1100050172498	353.7969970703125	125292.0234375
276.06530719175464	461.17999267578125	125123.8515625
131.96457563038905	606.031005859375	125068.34375
75.03144798519277	660.3759765625	124991.8359375
327.0991052862915	543.3060302734375	124907.5390625
180.07878946607687	256.59100341796875	124410.09375
177.02404049052527	699.7260131835938	123173.0625
382.70706583332924	1340.760009765625	123171.546875
315.7364103227837	1348.5999755859375	123082.8828125
208.01947453055726	1353.719970703125	122904.171875
167.02185889106963	792.9180297851562	122540.390625
206.04268393577647	1386.1600341796875	121991.8046875
115.02688716194476	639.9420166015625	121978.7734375
386.17303904484845	240.0989990234375	120716.6640625
313.30661935335786	210.45399475097656	120588.15625
228.13633905066516	237.60800170898438	120280.484375
168.05102027834604	634.9520263671875	120032.8515625
156.95434759748704	706.2249755859375	119722.765625
111.03201893814712	500.1929931640625	119583.3984375
314.8180493302063	1335.6099853515625	119544.6796875
218.04032667022219	596.0	119483.4609375
216.8449333314235	549.552001953125	119453.78125
148.0249149325714	529.47802734375	119424.6796875
128.04737842804477	1378.5	118724.703125
266.04839261639785	445.802001953125	118033.984375
396.3966624431929	206.72000122070312	117926.1328125
243.18365003426123	254.10000610351562	117792.453125
113.02394433601248	550.7999877929688	117568.0078125
110.03673499468005	352.5050048828125	117198.5078125
150.06807152291702	276.70599365234375	117188.09375
177.82466512198013	1348.5999755859375	116808.9296875
416.0308684480311	313.4440002441406	116774.515625
429.1327080460699	206.72000122070312	116593.1484375
311.90966846930957	1419.4599609375	116590.0078125
547.8322817084977	63.80229949951172	115933.765625
85.0523322989602	500.1929931640625	115804.8828125
141.92661935831433	627.3809814453125	115711.5625
547.8323186460374	99.1323013305664	115690.1015625
253.05629302700186	437.0610046386719	115561.8984375
169.00929969386283	751.8090209960938	115553.6328125
366.3498012575231	207.96600341796875	115526.5
547.8324737724403	116.8219985961914	115271.6875
325.03950804044433	584.7340087890625	115088.4453125
238.0877004827176	232.44000244140625	115058.0625
138.03170952341034	458.6839904785156	114968.421875
308.0688750728555	506.54998779296875	114877.28125
165.04270195313046	458.6839904785156	114794.4375
290.04920102120457	447.2250061035156	114665.7734375
375.7394324783069	1340.760009765625	114627.3203125
168.9681003423082	1338.280029296875	114550.6328125
256.86670809718186	425.8299865722656	114248.9609375
114.04295331368635	447.2250061035156	113922.09375
192.9438105391274	643.7589721679688	113466.5234375
184.03720745068895	250.2760009765625	113403.40625
116.94064001463391	1423.25	113225.7734375
98.0365645973407	314.6919860839844	112538.125
156.00600355374777	319.72698974609375	112475.703125
288.23017002717853	218.16200256347656	111766.3125
89.01901411543513	428.33099365234375	111737.0546875
417.14818449198236	594.7620239257812	111424.8515625
197.94405993595424	1356.3699951171875	111219.6171875
148.05656403728264	606.031005859375	111019.609375
296.95075226768614	645.0029907226562	110865.90625
373.7413326813138	1342.0400390625	110677.65625
200.1414021004396	242.79400634765625	110566.9375
172.01950708468507	282.98199462890625	110544.65625
223.8708969725338	1334.3699951171875	110510.015625
124.04116055402316	596.0	110362.578125
278.02488676607834	404.1669921875	110356.8828125
214.0219178025396	459.9320068359375	110340.6953125
299.76817430483965	1339.52001953125	110311.421875
146.05794296519036	585.97998046875	110122.34375
210.10217505781526	231.00799560546875	110034.7421875
189.0638032095485	584.7340087890625	109995.6796875
369.36905578438177	209.2100067138672	109969.671875
144.0786553459439	277.947998046875	109821.453125
295.1868173706234	220.6439971923828	109679.640625
158.02155642411267	632.416015625	109631.7890625
127.91240971465612	550.7999877929688	109578.0390625
170.09439793000567	269.15899658203125	109193.0234375
241.04356635851457	542.02001953125	109123.7578125
154.03548067166378	638.6959838867188	108978.53125
298.0545362805757	228.51199340820312	108863.4375
209.1052900216433	245.28700256347656	108689.6875
135.06847361484685	285.4729919433594	108647.0390625
198.12572726298237	240.0989990234375	108487.6015625
438.9378526765197	407.8919982910156	108438.0859375
308.0622689402954	405.40899658203125	107933.109375
286.2871937557257	235.11599731445312	107833.1015625
290.0810443391124	419.3500061035156	107735.34375
223.98722774127825	500.1929931640625	107579.1875
161.06886467625768	634.9520263671875	107262.203125
377.0416404721337	310.9070129394531	107230.2421875
111.04324593450218	563.4030151367188	107149.2421875
491.9202460550316	407.8919982910156	106797.8125
211.04101857233422	676.7459716796875	106543.015625
255.1552941052917	231.00799560546875	106397.171875
270.25594860392385	1434.6099853515625	106064.828125
164.08380491524082	264.1610107421875	105550.515625
226.11076491383602	255.34500122070312	105425.640625
222.07413052479777	661.6669921875	105224.2734375
150.0317198973528	304.62200927734375	105203.59375
242.11556923842122	265.4100036621094	105183.140625
112.01609183733144	254.10000610351562	105017.25
137.99869331730417	406.6499938964844	104949.890625
175.01176924248026	242.79400634765625	104933.734375
387.18946842784163	240.0989990234375	104825.734375
122.07315098468735	267.9079895019531	104625.5
279.00768409864844	659.1279907226562	104618.6328125
280.064106467019	404.1669921875	104147.53125
210.07140001446308	387.8210144042969	104022.2421875
225.86911118937985	1330.4200439453125	102993.609375
180.0635226078405	564.6510009765625	102942.890625
373.11228449993155	501.4360046386719	102915.484375
172.85511510532356	1336.8599853515625	102633.3984375
310.1816921877532	204.2209930419922	102562.078125
330.05542648536107	530.7260131835938	101888.25
151.97792745810398	647.4940185546875	101806.7734375
295.8072040217565	1433.3599853515625	101618.0390625
547.832395547875	28.479299545288086	101604.7265625
157.96228841570985	1410.6300048828125	101457.3359375
123.0684509900986	437.0610046386719	101258.921875
126.03169083327876	352.5050048828125	100922.53125
181.93353234668834	604.7839965820312	100739.328125
179.0511887890419	543.3060302734375	99914.9921875
143.92452846749046	627.3809814453125	99502.171875
184.92057002759753	1088.280029296875	99196.5078125
216.02473922439034	666.6610107421875	98739.7265625
270.1103528474465	1394.02001953125	98723.5703125
265.07544699057536	404.1669921875	98438.25
248.1161328583272	304.62200927734375	98408.78125
291.9918982317211	616.0859985351562	97845.546875
191.09873536700638	706.2249755859375	97638.6640625
345.0339353547204	617.3300170898438	97582.8125
139.03953159599553	457.43701171875	97538.2109375
514.9174379261297	310.9070129394531	97299.5859375
114.05597522199368	500.1929931640625	97205.4453125
159.05065037189692	621.1099853515625	97170.1484375
232.09479373361242	242.79400634765625	97119.9453125
310.28737629382795	210.45399475097656	96947.1796875
173.9986544405172	286.875	96506.640625
324.0557369084444	616.0859985351562	95773.6171875
162.0010381650891	461.17999267578125	95721.4375
125.99868385323133	518.02099609375	95574.984375
176.09905885845626	657.8809814453125	95557.6015625
118.07425049111397	759.552001953125	95408.6171875
84.02068370273433	550.7999877929688	95373.9765625
215.05613944281987	634.9520263671875	95361.5859375
133.05687836943727	639.9420166015625	95031.359375
354.2076203622813	1405.4599609375	94914.3828125
345.1372810642712	435.8210144042969	94896.203125
220.0219646446579	729.8829956054688	94867.6328125
218.84246900963333	1344.699951171875	94447.3125
132.0979564081252	524.4879760742188	94314.3515625
400.08666546049494	498.95098876953125	94112.7890625
218.06135739809704	246.53399658203125	94057.2265625
313.0186470866833	1411.9200439453125	94007.734375
165.04602217566543	577.2039794921875	93826.2890625
109.05263095827942	437.0610046386719	93682.1640625
408.3965202995362	205.47000122070312	93460.546875
171.050667544052	623.6389770507812	93424.6171875
171.00875460736754	647.4940185546875	93236.34375
245.95976343653595	684.5170288085938	92638.9375
254.86869764645397	425.8299865722656	92572.5078125
242.18832707094668	223.33900451660156	92330.421875
190.04790101067402	1369.2900390625	91913.7109375
227.880372325138	1338.280029296875	91893.6953125
494.50612758476825	204.2209930419922	91772.546875
228.80078031738267	1339.52001953125	91688.46875
197.03249657438218	260.3340148925781	91685.4609375
184.0565203691724	265.4100036621094	91397.9375
327.19505412148305	205.47000122070312	91225.5
236.14137625282117	228.51199340820312	91204.2265625
581.3469955262801	223.33900451660156	91123.609375
162.08745267237825	1392.5999755859375	90753.0546875
247.06446318378073	607.2789916992188	90653.21875
346.0179512006832	584.7340087890625	90556.9296875
209.06895615062894	256.59100341796875	90408.8203125
221.0900090082461	590.968017578125	90313.4140625
215.8401556737186	888.02001953125	90083.625
93.05038758316321	519.27197265625	90052.28125
153.04264947727964	471.25799560546875	89874.015625
250.78919686086874	627.3809814453125	89816.109375
115.90900245815831	1330.4200439453125	89585.359375
126.01803285936653	642.4749755859375	89491.15625
225.93922210642788	529.47802734375	89413.2578125
201.06387170272822	502.7130126953125	89030.3671875
217.04343101207445	608.5269775390625	88685.734375
224.1415317140384	219.40199279785156	88568.640625
181.03765327037988	242.79400634765625	88521.234375
171.05325214321326	473.7980041503906	88374.6953125
125.036290693761	406.6499938964844	88294.9140625
168.0613957595282	438.29901123046875	88247.125
197.07751883017096	659.1279907226562	88241.640625
292.02203290025153	875.1729736328125	88150.390625
98.99144081879392	1361.6099853515625	88132.4609375
613.8039353851052	1329.1700439453125	88009.765625
134.04084596174894	617.3300170898438	87960.8671875
205.09326264091587	558.3499755859375	87959.6875
108.0574867305743	281.70098876953125	87942.859375
719.7683966802659	433.3429870605469	87928.1015625
159.9418772324844	707.4730224609375	87829.265625
287.2462057822359	246.53399658203125	87628.546875
113.02432571102756	493.9469909667969	87476.71875
159.01679947881	702.2550048828125	87352.03125
405.11184369457413	660.3759765625	86939.359375
168.9858907161681	685.7670288085938	86832.53125
163.9897921060944	227.26499938964844	86729.5703125
313.179445549831	205.47000122070312	86689.9453125
266.9723096805423	437.0610046386719	86492.375
121.06086944727295	432.0660095214844	86455.90625
170.0943626987405	250.2760009765625	86329.9296875
212.17781542980282	223.33900451660156	86181.21875
117.01428613154178	655.2020263671875	86014.6328125
106.04582859834596	659.1279907226562	85862.7265625
195.0743162919143	623.6389770507812	85811.359375
357.05538739529027	312.1549987792969	84945.2265625
158.96835024727375	425.8299865722656	84915.59375
331.28056551496434	214.2570037841797	84886.3984375
89.05541297770773	385.3169860839844	84850.546875
319.86546653555894	849.1580200195312	84826.9296875
234.09400658941112	1115.199951171875	84607.1484375
413.9128794564444	459.9320068359375	84538.3828125
416.14310503439856	404.1669921875	84386.6484375
170.0041012060724	648.9219970703125	84293.703125
236.17772349149203	233.86900329589844	83864.3828125
258.18333380440083	220.6439971923828	83769.7265625
314.9384971388289	759.552001953125	83681.8671875
140.01112911457548	264.1610107421875	83319.7578125
105.04247658600777	1057.1800537109375	83230.453125
113.02391322894884	584.7340087890625	83194.2578125
232.9530048882152	495.1889953613281	83060.8515625
234.95071483416007	495.1889953613281	82685.328125
232.9530365787384	503.9590148925781	82585.6015625
131.06634979684844	377.78399658203125	82537.4765625
150.10445731371098	254.10000610351562	82148.53125
150.05454592530654	540.7520141601562	82125.7265625
329.1628670899296	207.96600341796875	82039.8671875
340.2072350744403	1428.300048828125	81746.2265625
103.0713120874496	318.47900390625	81726.8515625
173.11339767046428	259.0870056152344	81631.7265625
267.09550822057736	553.35400390625	81591.3828125
265.0674676022929	563.4030151367188	81502.6015625
458.93404918965155	402.9230041503906	81350.4765625
159.05320650104605	397.88800048828125	81264.8671875
232.05839333252885	257.8399963378906	81084.0234375
168.0614979088414	256.59100341796875	81025.0
107.04963723639341	459.9320068359375	80982.640625
289.0911751297608	563.4030151367188	80880.3671875
334.03930776617574	445.802001953125	80711.4765625
132.03322560026058	699.7260131835938	80516.96875
161.06885547889217	563.4030151367188	80091.921875
169.03757595038917	282.98199462890625	80010.4921875
348.0473610654982	621.1099853515625	79957.2109375
200.1049666529285	276.70599365234375	79820.2734375
201.9523155337549	1424.5	79630.15625
87.03972684736202	395.3429870605469	79616.546875
168.07869710360586	294.40899658203125	79538.96875
113.01939585718152	533.2589721679688	79534.7890625
329.16299467991837	177.68800354003906	79514.7734375
186.01641246988638	901.9459838867188	79509.9765625
184.14641560688534	241.50999450683594	79249.2734375
377.73757539810714	1340.760009765625	79242.3046875
168.06149616795187	1374.5999755859375	79126.28125
179.97031394306254	1424.5	79083.546875
214.02278040207858	238.85299682617188	78842.5859375
202.15699247766005	237.60800170898438	78836.5859375
79.96581504895425	1364.2099609375	78721.46875
314.9385420175337	784.0540161132812	78621.8203125
289.0993429249519	405.40899658203125	78572.8125
119.95899573776634	606.031005859375	78554.9921875
424.4283542832684	206.72000122070312	78431.6875
163.98781589038978	1335.6099853515625	78420.1328125
360.9309251931238	458.6839904785156	78411.4296875
275.08353333922037	447.2250061035156	78389.6171875
306.0442642774681	502.7130126953125	78258.265625
388.7009814511437	1338.280029296875	77906.7421875
192.06350354320932	557.0999755859375	77824.578125
329.0863068851853	447.2250061035156	77788.40625
177.52986241431702	308.4100036621094	77785.9296875
183.0896359607728	348.7510070800781	77749.5546875
255.88933971176348	626.1320190429688	77665.734375
408.9530899190151	310.9070129394531	77664.0390625
307.77540205609205	1339.52001953125	77658.453125
99.96302073807361	706.2249755859375	77530.9296875
241.04359273041632	555.8519897460938	77406.5625
278.0248669258537	242.79400634765625	77317.328125
461.9354285832078	310.9070129394531	77248.359375
216.0828927339009	284.22698974609375	76541.609375
270.14684647919785	220.6439971923828	76523.0078125
118.06302458429614	467.5069885253906	76348.7421875
183.93852111889353	1338.280029296875	76155.65625
201.06392151688294	568.39501953125	76116.0390625
217.0977017568359	277.947998046875	76032.3125
210.16213799481426	232.44000244140625	75754.0546875
305.7769519193758	1342.0400390625	75631.734375
128.0585827715785	633.7039794921875	75553.2890625
188.17775751904094	256.59100341796875	75455.140625
336.9434869981117	646.2479858398438	75310.015625
196.0947733318349	481.34100341796875	75228.9765625
92.94618448686096	1329.1700439453125	74930.0703125
139.97776045568818	1420.7099609375	74785.78125
132.06158361172348	626.1320190429688	74284.75
223.7722184940086	626.1320190429688	74247.8046875
98.03657453595774	1395.27001953125	74237.9296875
428.0132547688653	670.4500122070312	74170.1015625
328.3345445616377	231.00799560546875	74130.1015625
526.9651029571323	389.06500244140625	74069.890625
238.09542855914864	256.59100341796875	73867.546875
314.9384338746496	707.4730224609375	73663.59375
208.0194786308717	260.3340148925781	73486.3203125
203.05124440067183	528.2310180664062	73178.40625
145.07394162374112	395.3429870605469	73159.0546875
105.0424904315202	740.3040161132812	72994.21875
157.04575318866006	351.2539978027344	72971.40625
196.0736483654961	269.15899658203125	72866.1953125
113.02389772717918	612.31201171875	72848.3359375
194.03282398109062	731.3189697265625	72746.171875
282.04331528186714	501.4360046386719	72626.4140625
269.9086028778648	606.031005859375	72613.671875
207.04758732374083	438.29901123046875	72606.625
169.06580585769734	1404.2099609375	72604.203125
293.0254962594221	798.1160278320312	72395.7890625
460.99328489670955	386.5769958496094	72385.65625
186.12567957650683	257.8399963378906	72375.40625
190.02432473670282	585.97998046875	72260.7890625
113.0194177655338	322.2239990234375	72199.6328125
253.89146697321547	627.3809814453125	72168.5234375
264.11103841052744	355.0469970703125	72146.7421875
355.9710861061079	312.1549987792969	72119.6953125
135.024935257598	650.1680297851562	72017.515625
152.04738637608796	276.70599365234375	72013.734375
431.93001441977646	445.802001953125	71844.0625
494.92086876737824	313.4440002441406	71639.5078125
171.84060240195114	607.2789916992188	71576.84375
212.93858846063262	604.7839965820312	71496.6796875
77.96569065301642	606.031005859375	71276.8125
210.83516233114892	1334.3699951171875	71125.2265625
232.06956639862273	435.8210144042969	70825.390625
150.0317348450166	314.6919860839844	70792.8515625
110.05920749337214	413.09600830078125	70770.1875
192.02714536788793	570.8920288085938	70725.8984375
482.00251720818767	308.4100036621094	70693.203125
263.92507664506104	593.52099609375	70662.3125
249.93199327078256	540.7520141601562	70390.921875
451.92609317818136	449.7179870605469	70344.6953125
226.15708016762088	237.60800170898438	70176.5859375
397.9365335266738	503.9590148925781	70100.75
314.9384859540329	829.8660278320312	70057.640625
269.9316686070529	1330.4200439453125	69954.0546875
248.79126071827994	627.3809814453125	69875.2890625
152.06843920925888	590.968017578125	69570.78125
134.9520049143329	241.50999450683594	69379.0390625
354.207684250778	1425.75	69353.0546875
173.5316397426299	622.35400390625	69340.6015625
184.10996279230312	307.1619873046875	69322.2890625
141.04264441882452	590.968017578125	69307.71875
89.994939640939	706.2249755859375	69185.171875
206.07904519401313	498.95098876953125	69112.9375
212.09520286663366	265.4100036621094	68885.5546875
169.96888199915173	1340.760009765625	68571.2421875
239.8992083485861	847.9019775390625	68440.34375
134.09433571119715	318.47900390625	68244.1171875
329.16296396483364	189.0330047607422	68138.1953125
484.9123895075302	445.802001953125	68112.953125
190.84478509660752	1327.9300537109375	68032.4140625
234.0551035889448	219.40199279785156	67887.6953125
340.9346052395994	459.9320068359375	67642.3828125
206.96036350785448	646.2479858398438	67391.234375
169.84352598653734	606.031005859375	67348.8984375
254.96566704309868	638.6959838867188	67338.3046875
224.05334824805615	554.60400390625	67307.8359375
179.051225711039	573.458984375	67298.9453125
547.9034133909407	313.4440002441406	67178.3359375
169.9312408965718	425.8299865722656	67177.515625
190.95013581899113	1333.1300048828125	67107.0546875
446.12685571505943	645.0029907226562	66949.109375
198.12571337237148	250.2760009765625	66925.25
250.0681335083594	389.06500244140625	66917.0
268.1509980961676	205.47000122070312	66851.46875
232.0195329382015	678.0380249023438	66839.7578125
228.17277713922275	228.51199340820312	66529.0390625
235.9520836239816	1330.4200439453125	66522.734375
177.0514619233026	629.8759765625	66476.75
244.09466481858763	29.729900360107422	65635.140625
229.07196797137158	447.2250061035156	65266.125
266.1001700850187	1101.81005859375	65180.62109375
93.94830602450176	539.5020141601562	65092.6171875
268.9700847628513	437.0610046386719	64771.58203125
261.78770723916807	1333.1300048828125	64742.26171875
314.938467228765	771.2470092773438	64518.6328125
243.2200151604936	247.7830047607422	64513.7265625
284.19882723873195	223.33900451660156	64308.4921875
153.04265733918967	275.4630126953125	64157.84765625
184.10998615261275	251.56700134277344	64013.41796875
410.1155101794913	255.34500122070312	63897.94921875
125.91265678608681	1338.280029296875	63882.234375
198.87754478990078	1334.3699951171875	63671.7890625
210.07407405408384	539.5020141601562	63611.70703125
168.04229891069275	618.5750122070312	63161.69140625
273.2386828582716	223.33900451660156	63116.91015625
146.11927719830032	254.10000610351562	62957.06640625
230.2246716760287	245.28700256347656	62899.7265625
225.98547914507196	500.1929931640625	62869.08984375
393.91650396984215	457.43701171875	62829.8984375
264.11102585428984	277.947998046875	62673.69140625
124.02917028254274	405.40899658203125	62652.046875
288.91862383721815	606.031005859375	62515.8046875
328.05223663221096	502.7130126953125	62455.24609375
157.05015015967712	319.72698974609375	62310.59375
292.0221233374066	890.5349731445312	62091.0546875
200.05080078127523	236.36199951171875	61617.7890625
259.94959352521073	1320.030029296875	61453.94140625
402.1677542812763	246.53399658203125	61207.33984375
366.2813316206232	30.981300354003906	61099.5859375
222.99141648017826	361.3450012207031	61052.56640625
258.21976853741484	216.73899841308594	61038.08984375
199.01178094576449	300.8370056152344	61036.671875
142.06306357210013	577.2039794921875	60975.640625
312.11681277490715	638.6959838867188	60972.6953125
161.85657523454842	629.8759765625	60784.05078125
141.94100811148746	607.2789916992188	60759.2421875
354.2078150172188	204.2209930419922	60722.01171875
193.0304682037476	613.5960083007812	60555.1328125
310.0779162702907	405.40899658203125	60492.2109375
96.02085113833394	459.9320068359375	60404.0703125
435.86256604829043	1438.4100341796875	60274.87890625
252.02589925234355	299.5889892578125	60235.46484375
150.05286091657533	661.6669921875	60108.4453125
212.0256753446089	231.00799560546875	60054.91015625
145.0350682682116	659.1279907226562	59897.8359375
192.05930329621913	438.29901123046875	59849.5390625
123.9830585628449	538.2540283203125	59834.4921875
238.0511909593309	281.70098876953125	59645.7890625
272.1162505962038	352.5050048828125	59510.1484375
141.04264632477023	472.5090026855469	59486.0234375
438.4433694909685	206.72000122070312	59209.0390625
278.1265943889742	276.70599365234375	58926.703125
333.0474449512398	386.5769958496094	58805.3046875
198.05291835631022	459.9320068359375	58758.8359375
151.04685770316513	540.7520141601562	58743.734375
192.99834099480256	540.7520141601562	58570.69140625
418.8633450665268	519.27197265625	58520.3671875
125.05578152617821	626.1320190429688	58459.6875
186.87562775840243	1326.5	58434.68359375
240.06713435699663	235.11599731445312	58315.3984375
374.0625333520589	302.08599853515625	58024.046875
80.96393623256792	645.0029907226562	57982.34375
84.05705661660761	459.9320068359375	57828.61328125
402.12747304809665	448.47100830078125	57777.84765625
179.95169329413847	526.9849853515625	57740.27734375
419.1664313958919	256.59100341796875	57637.26171875
287.0835265165774	405.40899658203125	57604.19140625
125.03061185632549	449.7179870605469	57517.2265625
138.056700507765	304.62200927734375	57499.58203125
396.0267224853125	529.47802734375	57417.85546875
326.1327918396804	634.9520263671875	57296.96484375
204.0190918546391	604.7839965820312	57229.5390625
269.0777274931543	528.2310180664062	57090.72265625
138.05917946720916	303.3739929199219	57057.84375
240.0746673450717	207.96600341796875	56962.58984375
216.02167890848906	545.8040161132812	56948.49609375
162.0893327233063	322.2239990234375	56724.26171875
236.99197524249197	647.4940185546875	56538.66015625
308.0010393633929	445.802001953125	56463.4921875
232.08487111716914	407.8919982910156	56240.078125
398.95106102148986	528.2310180664062	55975.44140625
104.08359077528799	347.5	55923.21875
204.07231268047994	276.70599365234375	55903.84375
536.1586210485187	660.3759765625	55896.72265625
215.09481340201134	290.62200927734375	55789.375
202.12069093421778	252.85299682617188	55715.671875
136.01062995035073	289.37200927734375	55562.84375
369.0449637578297	622.35400390625	55496.80078125
283.1185440819265	1107.1099853515625	55462.61328125
82.04139089758857	458.6839904785156	55458.6796875
188.1413849848938	232.44000244140625	55333.47265625
226.12062622666576	251.56700134277344	55311.98046875
171.03119609622337	498.95098876953125	55301.4140625
245.24361088092655	241.50999450683594	55286.27734375
106.05147850727653	457.43701171875	55272.1015625
279.0701863831498	405.40899658203125	55063.59375
152.97317194404263	1329.1700439453125	54987.19921875
81.98166383554506	604.7839965820312	54837.65625
388.95670434500096	309.6579895019531	54704.0703125
220.0581800002715	600.9630126953125	54546.7734375
374.0729431654996	309.6579895019531	54474.46484375
169.03756284130677	310.9070129394531	54363.64453125
134.9381826943259	1318.780029296875	54359.8046875
480.4904675736332	204.2209930419922	54306.41015625
405.74799128732866	1333.1300048828125	54305.23828125
146.09430936719053	291.8710021972656	54299.0078125
499.8808423052913	459.9320068359375	54231.27734375
251.06004449305303	447.2250061035156	54217.2421875
158.02152211879556	280.4339904785156	54172.71484375
72.05686882235118	289.37200927734375	54037.78515625
324.0146159445465	406.6499938964844	54022.7421875
276.1111463577723	437.0610046386719	53905.6953125
402.91485618040565	648.9219970703125	53793.53515625
192.13627849767846	281.70098876953125	53711.11328125
251.15220798693295	207.96600341796875	53598.37890625
259.7895367816528	627.3809814453125	53582.65234375
163.0011307484936	637.448974609375	53577.40234375
91.03470517882036	341.1579895019531	53432.1796875
226.07201632681503	557.0999755859375	53418.86328125
123.983063575846	560.8460083007812	53173.7578125
209.06650093000198	439.53900146484375	53046.734375
370.03631070777925	404.1669921875	52948.2578125
174.1255900511853	247.7830047607422	52937.96484375
198.03580134469613	580.947021484375	52675.890625
234.1620457755494	96.62999725341797	52621.25390625
296.0620429233566	447.2250061035156	52576.265625
230.18826792420265	220.6439971923828	52562.79296875
287.8979488227093	604.7839965820312	52525.43359375
296.0897759372832	249.02999877929688	52330.765625
234.16209155075816	33.524200439453125	52211.3828125
536.5530123130409	204.2209930419922	51801.28515625
146.98617887063486	1321.3199462890625	51697.66015625
294.0580254673539	389.06500244140625	51627.1484375
252.78743569213793	628.6290283203125	51606.015625
147.13408470509168	276.70599365234375	51516.70703125
440.12616847612463	386.5769958496094	51506.984375
240.17268300761378	225.83200073242188	51418.07421875
469.8622088060259	1329.1700439453125	51304.96484375
160.0715131510867	274.2200012207031	51183.671875
133.9616454766188	604.7839965820312	51175.55859375
224.03589144325082	236.36199951171875	51021.1875
103.96393466226291	604.7839965820312	50936.66015625
365.896487719492	607.2789916992188	50926.53515625
160.00079524856534	748.0490112304688	50872.9140625
172.12133306209887	356.3420104980469	50651.8984375
233.93206889126384	547.052978515625	50612.44140625
466.47459947399324	205.47000122070312	50492.234375
164.03218185604723	651.458984375	50472.94140625
397.14872257395103	443.3110046386719	50418.3203125
121.05278488794089	302.08599853515625	50359.47265625
244.09471160425213	47.4098014831543	50345.44921875
159.06846405169256	322.2239990234375	50312.609375
233.10527316987657	255.34500122070312	50280.3828125
398.86673336226374	519.27197265625	50279.79296875
234.16212549837428	2.8019299507141113	50187.51953125
294.046582787026	447.2250061035156	50112.19140625
172.03726832605432	249.02999877929688	49950.8046875
128.0222224733218	495.1889953613281	49816.16015625
137.02385103153026	458.6839904785156	49800.31640625
197.06879681004406	298.34100341796875	49772.40234375
450.4438361550418	204.2209930419922	49717.2578125
95.03687892070612	406.6499938964844	49699.91015625
309.99918556048306	449.7179870605469	49694.19140625
174.1256287233904	259.0870056152344	49675.515625
225.77014464184802	628.6290283203125	49536.7578125
245.90285699408037	424.5799865722656	49516.953125
139.06336745918478	267.9079895019531	49391.69140625
286.0182018763697	232.44000244140625	49382.15625
80.0256985574066	458.6839904785156	49372.0234375
186.9787247818235	1326.5	49247.28125
218.01750424167827	492.7030029296875	49173.59375
202.03556523926238	448.47100830078125	49123.4296875
119.95887467621952	1387.4100341796875	49094.5703125
221.06174183146226	637.448974609375	48986.171875
345.9851801542489	227.26499938964844	48946.390625
218.05575452700586	611.02099609375	48856.28515625
93.93501336000865	606.031005859375	48766.8046875
241.0434622539093	568.39501953125	48763.46484375
177.03547201265738	632.416015625	48462.015625
134.0579631844	376.5329895019531	48445.77734375
195.01179542243867	617.3300170898438	48314.0703125
258.0067608263336	435.8210144042969	48298.70703125
221.1862665043035	237.60800170898438	48267.84765625
78.04640343289962	459.9320068359375	48171.71484375
324.08654873488194	355.0469970703125	48061.328125
298.14301747275215	265.4100036621094	48054.546875
225.91373328515778	707.4730224609375	48045.4609375
73.01575676062576	619.822021484375	48038.13671875
141.0401691366587	619.822021484375	47881.72265625
394.3813813302723	204.2209930419922	47579.26953125
210.09809841126247	629.8759765625	47531.46875
306.08952068173585	406.6499938964844	47527.30078125
300.03397546052446	228.51199340820312	47311.75
218.8429821067693	553.35400390625	47307.91015625
334.0163230095425	492.7030029296875	47285.90234375
181.96545656574557	1312.2900390625	47212.6953125
170.05797716520684	223.33900451660156	47099.47265625
303.1083662070322	609.7739868164062	46873.515625
77.01884594271483	380.2850036621094	46758.65234375
220.03477754904245	459.9320068359375	46744.796875
244.09475716240448	13.190199851989746	46728.64453125
75.03955655785414	439.53900146484375	46699.6640625
146.10556024873927	628.6290283203125	46668.5859375
251.93889846729485	685.7670288085938	46637.3671875
247.9051813948031	603.5360107421875	46627.16015625
270.0855062424332	528.2310180664062	46613.625
197.0618115925245	558.3499755859375	46505.15625
256.11571640805823	550.7999877929688	46478.81640625
100.93289136434026	225.83200073242188	46391.76171875
269.98694163071707	231.00799560546875	46280.62890625
240.1192563574384	1428.300048828125	46027.55859375
92.0622374176945	302.08599853515625	45854.73046875
231.05104728771224	607.2789916992188	45801.5
154.0742785268335	413.09600830078125	45709.0
379.1112829827863	580.947021484375	45659.921875
212.0533621384902	659.1279907226562	45600.69140625
77.01883066482235	520.52099609375	45549.3359375
270.75298963865055	626.1320190429688	45543.5703125
159.93273207684268	849.1580200195312	45495.22265625
259.00568409753777	628.6290283203125	45469.9765625
231.02258697856334	633.7039794921875	45314.88671875
327.0761507710736	405.40899658203125	45249.71484375
342.27724738269916	207.96600341796875	45138.98046875
193.99891019519436	538.2540283203125	45072.31640625
203.0948428449665	294.40899658203125	45067.09375
249.06155202165272	603.5360107421875	44933.3125
191.98989021857633	647.4940185546875	44898.5859375
377.03709928466867	389.06500244140625	44835.59765625
257.09963917733876	458.6839904785156	44828.90234375
309.90242440232055	1438.4100341796875	44815.81640625
292.07377651632027	445.802001953125	44800.8671875
137.041852371898	530.7260131835938	44785.70703125
221.77414622457914	627.3809814453125	44600.1953125
204.09999580917398	265.4100036621094	44563.5625
181.94936634948337	526.9849853515625	44532.6796875
212.12434202737614	274.2200012207031	44515.03515625
145.05275574909223	304.62200927734375	44349.76953125
186.0722032509715	401.63800048828125	44269.5625
179.9827258702047	1330.4200439453125	44143.10546875
161.14971331985512	267.9079895019531	43831.265625
211.94635651633337	687.0180053710938	43744.91796875
123.04467187736131	584.7340087890625	43741.66796875
251.06075294119813	387.8210144042969	43695.87109375
153.0426183783695	579.698974609375	43156.65234375
322.0166434631694	405.40899658203125	43133.921875
247.9010478921362	424.5799865722656	43063.75
272.08019470121985	391.5570068359375	42967.26953125
492.49076338080124	205.47000122070312	42914.40625
218.04259183055527	614.8410034179688	42905.87890625
146.12179335524806	254.10000610351562	42752.203125
213.93588404315304	604.7839965820312	42741.55859375
198.99580970166983	542.02001953125	42695.1875
160.89409641028124	510.2969970703125	42529.09765625
111.04006800627064	459.9320068359375	42516.96484375
353.0440917220676	249.02999877929688	42511.73046875
283.1055604675398	457.43701171875	42388.390625
287.9974743472779	231.00799560546875	42365.41796875
191.95094179421218	1327.9300537109375	42362.5859375
168.151470931007	241.50999450683594	42350.609375
83.05595382680264	528.2310180664062	42187.44140625
338.1023523263639	300.8370056152344	42082.203125
317.05232617020744	386.5769958496094	41944.1796875
566.957675638815	385.3169860839844	41923.62890625
304.0966008796815	365.14300537109375	41837.39453125
261.987532294907	629.8759765625	41765.74609375
508.879291281504	647.4940185546875	41711.41015625
123.06842414366338	260.3340148925781	41696.515625
252.0699096616665	704.791015625	41647.8359375
386.94520733082413	505.2040100097656	41617.5703125
250.7893235215558	1329.1700439453125	41387.72265625
123.98306416979234	524.4879760742188	41371.59375
229.09518506415446	516.77197265625	41329.99609375
183.81775626629064	623.6389770507812	41271.1171875
372.015763601556	502.7130126953125	41185.6875
275.0689214494651	459.9320068359375	41150.65625
147.9732250243923	1294.3800048828125	41138.6875
412.4282101061019	227.26499938964844	41121.90625
183.93045744624047	606.031005859375	40988.54296875
134.0943549951138	391.5570068359375	40983.94921875
196.0936556010827	1032.27001953125	40935.33984375
504.91497506414726	530.7260131835938	40916.28515625
175.11497167578958	1032.27001953125	40819.609375
336.06841327773236	529.47802734375	40756.21484375
87.00090993045634	1324.010009765625	40653.3359375
164.0689742709593	241.50999450683594	40631.7890625
288.0595237295091	552.0689697265625	40620.98046875
299.0545889188806	231.00799560546875	40265.60546875
258.14683223493165	238.85299682617188	40223.1953125
357.1787335007866	238.85299682617188	40210.03125
212.10500024901253	269.15899658203125	40104.5703125
323.8833962251035	501.4360046386719	39721.8828125
388.121662176851	661.6669921875	39700.70703125
261.0034652887556	629.8759765625	39598.2578125
314.2461817113308	213.01400756835938	39492.07421875
246.1466337759605	252.85299682617188	39355.70703125
187.05621705598227	547.052978515625	39286.16015625
153.0368273218121	540.7520141601562	39267.1875
196.14641144733937	228.51199340820312	39242.890625
259.9894494695219	629.8759765625	39188.2578125
211.8835974865659	425.8299865722656	39158.21484375
230.15193289734808	249.02999877929688	39087.17578125
404.0273934836911	267.9079895019531	38995.6171875
279.993528533807	458.6839904785156	38944.3984375
214.97575645779406	529.47802734375	38854.32421875
99.95611553490475	612.31201171875	38786.51171875
322.15298548307175	251.56700134277344	38774.46484375
173.03167036733763	589.7219848632812	38755.64453125
159.95153039840852	604.7839965820312	38725.9453125
356.0211135474143	448.47100830078125	38573.16015625
272.2717356938166	237.60800170898438	38566.85546875
447.15894106753234	660.3759765625	38556.85546875
175.03263459182364	459.9320068359375	38544.60546875
439.92726346154194	501.4360046386719	38544.2421875
186.91876904784024	1073.43994140625	38510.82421875
567.8995525279265	305.8689880371094	38478.61328125
244.0560511253597	661.6669921875	38424.984375
128.04955045456313	406.6499938964844	38390.81640625
521.9946567740104	309.6579895019531	38303.12109375
189.04357487809082	540.7520141601562	38233.48828125
110.03227697020243	458.6839904785156	37896.046875
281.0704770171785	277.947998046875	37892.7890625
375.04326369398274	540.7520141601562	37743.5078125
410.1151210909339	166.33700561523438	37730.78125
247.12091755777055	238.85299682617188	37702.17578125
154.09946314829762	259.0870056152344	37618.4375
245.0667775844179	503.9590148925781	37397.3828125
125.9986760872657	357.593994140625	37307.6640625
214.12070376697145	259.0870056152344	37286.10546875
257.90253118166015	461.17999267578125	37167.828125
213.08261479061767	245.28700256347656	37061.23046875
191.98003078773974	634.9520263671875	37018.2265625
262.94903166713533	698.4829711914062	36913.515625
186.0979407236228	957.1840209960938	36839.91015625
418.1868707450964	604.7839965820312	36798.0859375
258.8641664332903	428.33099365234375	36708.5703125
117.05072282906792	419.3500061035156	36445.75390625
199.1209360926685	265.4100036621094	36330.109375
251.92954803949098	540.7520141601562	36242.8828125
225.81077912321928	549.552001953125	36194.83203125
73.01575953474534	662.916015625	36157.7109375
205.0741008531888	277.947998046875	36058.0234375
304.09077323748613	529.47802734375	36042.84375
300.12115629059394	358.843994140625	36024.09375
171.95005933088123	810.8829956054688	35985.19921875
221.07230807554404	419.3500061035156	35915.453125
325.1485618468644	633.7039794921875	35841.4375
160.062137737983	318.47900390625	35840.5078125
152.00851448778744	700.969970703125	35793.3984375
271.9056671908001	604.7839965820312	35490.90234375
150.04392499042874	622.35400390625	35490.77734375
320.0709318465469	958.4869995117188	35461.05859375
198.91041824459757	837.6240234375	35283.19140625
242.15189567306814	242.79400634765625	35119.89453125
222.16211521258154	240.0989990234375	35044.01171875
252.0850513627368	528.2310180664062	34983.6875
181.96546327902644	1208.8599853515625	34904.6171875
164.05853323907073	297.0929870605469	34851.2421875
218.11553470870857	266.65899658203125	34794.6953125
244.13108727786746	256.59100341796875	34521.171875
232.08472513481595	608.5269775390625	34513.49609375
118.0823683207443	570.8920288085938	34410.359375
217.06344085404484	225.83200073242188	34252.32421875
98.9801903631898	606.031005859375	34196.47265625
156.06659779404194	634.9520263671875	34145.93359375
567.2084188912756	231.00799560546875	33927.125
214.97126635716847	265.4100036621094	33831.56640625
261.7877365203586	627.3809814453125	33614.63671875
213.13672260060633	238.85299682617188	33553.29296875
215.04083157114644	626.1320190429688	33551.96484375
266.1712162652252	233.86900329589844	33525.1015625
114.99621815786398	1321.3199462890625	33522.1953125
161.0406219957687	543.3060302734375	33376.03515625
124.99606569659599	509.0469970703125	33337.24609375
367.35333856828856	205.47000122070312	33160.6875
203.11579960858478	391.5570068359375	32956.0546875
137.94382149995502	669.2000122070312	32900.28125
213.06386775929047	445.802001953125	32815.75
453.46316215237283	205.47000122070312	32800.17578125
157.9505696544857	22.139699935913086	32205.84375
356.9596503953894	530.7260131835938	32032.732421875
120.95427033670845	604.7839965820312	32029.8671875
368.0718549110252	260.3340148925781	31957.314453125
185.1497321369847	227.26499938964844	31483.3984375
220.14635787037835	241.50999450683594	31385.66796875
233.77119918467858	608.5269775390625	31332.3203125
243.0744984110186	232.44000244140625	31181.70703125
149.07702489987528	355.0469970703125	31148.501953125
316.26138061054456	224.58599853515625	31096.8359375
186.02930378765558	456.00299072265625	31050.861328125
201.94918632693276	609.7739868164062	30971.09375
207.8444903901281	550.7999877929688	30749.166015625
217.05324920366897	633.7039794921875	30559.298828125
237.10026170531668	372.7359924316406	30361.068359375
126.05668221414898	585.97998046875	30190.853515625
501.9913889803688	530.7260131835938	30184.841796875
217.8378956354179	826.10498046875	29950.62109375
173.83737903091867	606.031005859375	29529.67578125
216.84449865799309	85.24330139160156	28987.134765625
550.5685016663504	204.2209930419922	28850.46875
402.882455527709	1331.699951171875	28846.310546875
349.90118771198377	1322.5699462890625	28791.123046875
186.03347145675116	232.44000244140625	28745.05859375
159.02497148076716	583.4879760742188	28640.5625
144.05754111820747	289.37200927734375	28599.306640625
257.79156904668605	627.3809814453125	28577.13671875
394.1238425036373	528.2310180664062	28349.583984375
141.04259662236066	787.8150024414062	28125.365234375
97.94776596029905	539.5020141601562	27912.521484375
117.9057715798574	516.77197265625	27730.857421875
181.96547214396546	1249.1300048828125	27505.595703125
153.04594248039146	262.9119873046875	27391.025390625
279.020139440002	671.7440185546875	27378.634765625
227.80862932180884	549.552001953125	27230.0390625
181.965452876739	1280.1700439453125	27114.865234375
327.06794977190526	564.6510009765625	27079.123046875
128.01102910114855	201.677001953125	26963.08203125
93.02861364273515	342.40899658203125	26955.884765625
260.0796999686392	506.54998779296875	26896.36328125
195.99844472880358	733.8200073242188	26128.619140625
328.1158044152069	467.5069885253906	25965.142578125
169.04566655214452	587.22900390625	25650.828125
109.05276321821366	578.4520263671875	25336.58984375
300.1324757306944	514.27197265625	25064.90234375
259.89974798898874	462.4289855957031	24790.3984375
248.99985142615228	439.53900146484375	24709.384765625
369.96893843866684	617.3300170898438	24582.392578125
230.08788876220765	959.7459716796875	24384.9765625
214.84553374632392	199.1300048828125	23452.373046875
476.00091060427667	407.8919982910156	23305.79296875
93.05748802638027	509.0469970703125	23113.955078125
213.06383383674375	1425.75	22372.392578125
170.05787219806405	1428.300048828125	22097.263671875
509.85464868227575	1308.469970703125	21677.767578125
111.06840120189608	1422.0	21298.544921875
277.0593035566788	386.5769958496094	20908.181640625
504.8307657253636	1303.43994140625	20355.982421875
162.1256780114306	314.6919860839844	20279.951171875
156.0035382470248	660.3759765625	20182.140625
176.1413141272491	294.40899658203125	19435.45703125
128.0028293636652	295.6570129394531	19415.74609375
118.09940673592831	297.0929870605469	19196.560546875
130.07422208642635	617.3300170898438	18963.8515625
261.03313975760017	660.3759765625	18835.53125
201.9490844332331	1310.989990234375	18753.625
335.13323651244406	633.7039794921875	18642.650390625
154.0032526333401	608.5269775390625	18503.2109375
94.00832906445468	353.7969970703125	17993.90625
274.99930961508204	607.2789916992188	17717.763671875
161.11338271438842	302.08599853515625	17686.09375
241.03370266520196	307.1619873046875	17643.427734375
119.99985045133732	228.51199340820312	17437.08984375
289.0847677705278	418.0979919433594	17289.890625
227.99432976257125	241.50999450683594	16831.091796875
215.1521866970972	286.875	16774.017578125
495.3822343109542	1413.1700439453125	16710.8515625
272.1987870330995	238.85299682617188	16691.57421875
172.85511209260676	182.7760009765625	16634.939453125
157.08218139858593	266.65899658203125	16526.408203125
207.07450928191815	651.458984375	16454.853515625
241.13982016599206	229.75999450683594	16403.79296875
508.52143985600213	205.47000122070312	16346.7060546875
308.0734111040793	529.47802734375	16159.505859375
235.09740784233801	1111.1800537109375	16082.08203125
83.97875556202798	604.7839965820312	16074.591796875
205.06673757183654	295.6570129394531	16014.0048828125
198.91742684972388	835.114990234375	15921.544921875
318.0506498372493	256.59100341796875	15783.251953125
208.04711764191438	681.8309936523438	15765.005859375
209.8855715091107	425.8299865722656	15726.2265625
302.97305795340196	613.5960083007812	15492.6943359375
325.9940066740288	502.7130126953125	15480.3173828125
181.03754546922394	415.59698486328125	15390.33203125
187.97942646157327	1327.9300537109375	14940.990234375
164.97091354481185	1321.3199462890625	14913.9326171875
264.0375221334723	495.1889953613281	14838.865234375
218.0372099245711	634.9520263671875	14666.93359375
203.19675253148392	252.85299682617188	14588.9287109375
291.06604230742215	526.9849853515625	14094.0009765625
129.05066835683232	401.63800048828125	14038.0908203125
233.03348365872878	539.5020141601562	14006.7294921875
178.07414640959905	288.12298583984375	13995.7626953125
150.01631930086992	683.2670288085938	13945.173828125
371.03164605754137	564.6510009765625	13849.0166015625
286.2144229696217	228.51199340820312	13701.798828125
260.0671922957785	552.0689697265625	13639.53515625
161.91877703415975	261.625	13434.5009765625
95.93211602718722	607.2789916992188	13346.3291015625
331.05758282438	466.25799560546875	13322.28515625
100.97727736276236	606.031005859375	13150.6455078125
350.1329977439524	554.60400390625	13056.5234375
94.02592748593312	339.906005859375	12933.923828125
227.9367314027854	526.9849853515625	12867.263671875
158.03274075149352	142.3470001220703	12787.81640625
248.05315313812926	533.2589721679688	12586.865234375
204.01578009875476	732.5689697265625	12454.57421875
143.93790447029073	604.7839965820312	11874.24609375
176.10480695814167	264.1610107421875	11830.9833984375
147.0169456855753	693.5	11782.060546875
234.83489603408577	488.9230041503906	11457.67578125
171.06452306604663	146.14300537109375	11438.869140625
92.03566049467011	334.8580017089844	11295.626953125
136.9783704379174	342.40899658203125	10943.5029296875
165.07917460542342	742.8099975585938	10866.6015625
154.988870924493	1312.2900390625	10858.431640625
170.98576719421789	528.2310180664062	10314.884765625
352.10088492061726	557.0999755859375	9673.8505859375
202.12064181559697	1071.97998046875	6589.89990234375
157.0487177819477	1228.3199462890625	5179.18701171875
