	RT	Std1_1in100
95.98760899504873	1360.4000244140625	2.33748544E8
256.2403510887062	214.84500122070312	1.10511872E8
115.94355992323548	1363.02001953125	6.1387856E7
173.96520809191907	1359.1600341796875	5.6801316E7
284.2715547277383	212.35800170898438	4.1435136E7
117.94177523331359	1383.56005859375	2.7817608E7
257.24370486385595	214.84500122070312	1.9143746E7
166.02660571986183	596.9569702148438	1.900307E7
136.0524889371509	302.5360107421875	1.6624712E7
144.11502501454237	253.38900756835938	1.5931231E7
77.97677930630714	1363.02001953125	1.325497E7
96.98719199212599	1359.1600341796875	1.3177283E7
256.2403486105112	1363.02001953125	1.0659848E7
174.0164129552771	699.0479736328125	1.0113047E7
233.93205724093596	1359.1600341796875	9874421.0
97.98448512218413	1360.4000244140625	9392321.0
285.27489704983043	212.35800170898438	8259406.0
204.87627093350932	1363.02001953125	7630084.0
104.01081602581337	643.594970703125	7580655.5
195.91316236185236	830.9580078125	6638672.0
116.08372011412662	283.6409912109375	6608636.5
206.87446897875046	1348.949951171875	6077106.5
174.9647962180923	1359.1600341796875	5939806.0
122.03679555241435	353.1080017089844	5631291.5
158.1306765965286	239.35899353027344	5506079.0
169.07393035272952	437.6570129394531	5394984.0
135.9804645045445	1360.4000244140625	5358379.5
155.95472651985955	1363.02001953125	4993198.5
215.84009900421378	1347.530029296875	4954909.0
213.84213663849158	1348.949951171875	4478827.0
141.9934369238775	1363.02001953125	4394892.5
284.2715636033133	1354.1099853515625	4251584.5
311.9095962968117	1368.0999755859375	4172439.25
200.1777379927022	223.8249969482422	4148889.5
175.96203487260618	1365.5	4063905.5
195.91319869309652	1352.8699951171875	4018508.25
206.87447728193766	1383.56005859375	3960743.25
102.06791691267736	335.39599609375	3953211.25
228.20908336854924	217.33299255371094	3828702.25
130.02665615054337	699.0479736328125	3794004.5
407.90977971634146	1363.02001953125	3597354.75
196.05834040689913	595.7100219726562	3548006.0
130.0994358281573	263.4679870605469	3400235.75
136.95238860483565	1363.02001953125	3365987.75
118.02662714705507	617.0969848632812	3261297.25
209.94199239768537	1355.3499755859375	3209834.75
122.03678960958062	596.9569702148438	3166957.0
156.01717950725788	494.7030029296875	2997945.0
195.94722222196654	1360.4000244140625	2778376.0
195.9131889317973	1387.2900390625	2664789.75
219.970758800795	1365.5	2663016.5
329.93255813223334	1363.02001953125	2631450.5
242.22475843921399	216.08999633789062	2583008.75
136.9523737886411	1383.56005859375	2572059.75
173.977523594461	1363.02001953125	2428070.25
94.04157181298169	297.4909973144531	2412957.25
251.9550636376777	1361.6800537109375	2397159.75
97.99187219207711	1359.1600341796875	2386652.0
172.14642035019713	231.69000244140625	2358928.5
194.04266225405982	661.2219848632812	2348651.0
95.99996400502019	1379.6300048828125	2259141.25
126.04291407839278	404.87799072265625	2214442.5
195.8759319425408	1339.8699951171875	2212243.75
266.1552046329732	1368.0999755859375	2191958.0
117.94178160671602	33.71620178222656	2191515.75
112.02727881889977	446.6719970703125	2166427.5
212.14135769144085	240.60400390625	2128638.25
156.11511164149866	238.11199951171875	2109750.25
217.83772057323173	1348.949951171875	2099584.0
698.2996878217039	222.3939971923828	2057097.5
197.87414314675954	1333.47998046875	1990810.0
209.07228021009965	388.4339904785156	1974566.0
195.91316893186678	925.0919799804688	1960637.5
206.16711299602784	235.6179962158203	1936648.625
257.2436903707211	1363.02001953125	1927900.875
172.00424260398563	1348.949951171875	1925205.25
148.03721386944778	622.1389770507812	1904102.5
164.0474500196858	431.37799072265625	1888621.0
88.05204249841935	388.4339904785156	1845211.0
293.89892986811344	1360.4000244140625	1845001.375
233.9320299778822	695.2919921875	1836519.25
76.01547946029494	378.3320007324219	1819538.625
254.22469607518832	1365.5	1791274.125
195.87596217685288	4.04863977432251	1772023.25
295.80719498109863	1363.02001953125	1746596.375
195.91316198589013	948.0980224609375	1745506.375
151.9697559434928	1329.52001953125	1694134.875
228.20909757030728	1363.02001953125	1644235.5
234.93161347830124	1363.02001953125	1634066.375
287.91932061199026	1354.1099853515625	1616983.5
195.87595990695178	348.0119934082031	1610583.5
195.87596095586076	72.92009735107422	1594236.625
126.90742880983352	1332.050048828125	1587974.75
136.9523765417167	1410.8399658203125	1572083.625
195.91316346959962	1169.18994140625	1569550.0
258.2471229093503	214.84500122070312	1553336.125
167.0299906452468	596.9569702148438	1548041.375
195.8759582735635	122.27100372314453	1539507.375
137.05577407611776	303.8290100097656	1539078.125
112.02727704985507	494.7030029296875	1531673.0
197.8741779976885	33.71620178222656	1514500.125
197.87417481099573	51.432701110839844	1492316.5
138.94785544872818	1364.260009765625	1488207.75
135.05454702700885	498.4859924316406	1460498.625
197.87417727382856	94.41639709472656	1457380.0
86.03635719279765	394.77899169921875	1451066.5
195.8759610374069	140.0050048828125	1441395.125
236.96095735446687	1350.18994140625	1441059.5
116.94692508940334	1370.5799560546875	1439099.0
208.87268909402437	1361.6800537109375	1435858.375
197.87417837472574	322.7860107421875	1435520.375
197.87417443934893	339.15399169921875	1407531.375
282.25589567545575	1360.4000244140625	1406099.875
197.8741673555036	283.6409912109375	1394170.875
195.87596123651605	166.84300231933594	1371106.375
197.8741750093467	368.2239990234375	1363392.875
266.155209809511	204.7969970703125	1357344.75
197.87417405587183	297.4909973144531	1356409.5
145.11840616360536	254.63600158691406	1351578.75
202.04787882737304	320.19500732421875	1347689.125
197.874174203574	262.17498779296875	1340872.25
371.87622067258985	1359.1600341796875	1338559.125
133.87515389280765	605.7730102539062	1334046.375
302.2459127632813	213.6009979248047	1328411.625
197.87417539015837	127.33399963378906	1319664.125
233.93202782836147	648.593017578125	1317304.625
233.9320273039608	738.2369995117188	1316484.125
304.77283210325686	1347.530029296875	1308536.375
273.8905409763126	823.3809814453125	1303714.125
293.8091596503443	1363.02001953125	1295610.625
197.87418110719003	218.62100219726562	1286643.25
211.93902267201582	1354.1099853515625	1262425.875
232.12123389894933	278.5589904785156	1257635.0
206.87447851962412	1409.5999755859375	1251919.875
214.19343020222522	221.1490020751953	1240117.75
242.22476074122378	1365.5	1236660.5
136.95236464716672	1352.8699951171875	1202702.0
204.87627250636993	4.04863977432251	1184394.75
92.0106264651023	1312.8199462890625	1169640.75
197.87417170004534	421.2799987792969	1167975.375
126.90739947391006	603.2739868164062	1165264.0
215.8401365037086	466.9939880371094	1163778.375
140.0143639938646	1359.1600341796875	1163149.125
197.8741704367204	200.99200439453125	1141159.625
129.04263318492602	487.16400146484375	1139641.25
130.0630550760686	377.0799865722656	1138923.0
213.84216010472645	1355.3499755859375	1117461.25
174.96476878207017	688.9530029296875	1109573.375
123.03206935785933	406.12799072265625	1109121.875
74.03618291469908	438.906005859375	1105753.375
186.16201969455867	227.75599670410156	1099948.25
196.91316230600196	818.3170166015625	1091583.25
155.95470835267437	686.448974609375	1076957.0
155.95471785583587	701.593017578125	1074526.125
169.00454989836106	647.343994140625	1062640.0
242.0903682906462	404.87799072265625	1062395.75
163.9675422238928	1334.719970703125	1059393.5
134.02154276499323	649.843017578125	1054176.875
148.03722530900797	591.9310302734375	1052829.875
215.84013379773236	378.3320007324219	1048183.75
213.8421471333092	469.4939880371094	1042368.4375
270.2196575432498	217.33299255371094	1018036.625
235.92891002675194	1363.02001953125	1014910.25
206.87449262415473	4.04863977432251	1002881.375
155.95470897560065	662.4719848632812	986491.8125
195.9131682948167	1009.6699829101562	985842.4375
155.95470781524878	719.2559814453125	985375.375
204.84171227009884	470.7430114746094	983636.4375
213.84215757293595	432.62799072265625	983283.3125
198.16206911408128	222.3939971923828	978741.75
206.87448169224328	47.63050079345703	976683.8125
215.8401662565253	217.33299255371094	973600.5
116.01094951070114	554.197021484375	971969.0
228.07479431841085	446.6719970703125	969322.25
200.17774398008413	1360.4000244140625	957476.4375
240.209118713017	216.08999633789062	950118.5
206.87448555897063	222.3939971923828	944827.6875
213.84215607714478	409.8810119628906	942185.3125
191.96236519295593	1328.280029296875	932547.9375
282.2558832073881	1379.6300048828125	922373.125
174.964767532529	748.3579711914062	917178.0625
161.0841147610063	1371.8499755859375	915613.25
206.87448867555312	150.12600708007812	913624.125
215.84014854613415	321.489990234375	913280.4375
312.90911915320737	1359.1600341796875	912081.6875
175.9694168000294	1363.02001953125	905993.875
312.17622099081626	1366.739990234375	903138.8125
285.27490351269887	1360.4000244140625	898611.5625
699.3028201913581	222.3939971923828	898396.125
197.87416119162503	464.45001220703125	893366.4375
213.84214823880507	497.2380065917969	888696.0625
314.93843931882594	1350.18994140625	888684.75
206.87448741697355	268.4729919433594	888419.25
213.84216360762244	348.0119934082031	887402.9375
204.84170210394	1333.47998046875	885210.4375
147.9732631356985	1348.949951171875	880472.4375
233.93201268355884	846.1599731445312	876515.9375
213.8421704485874	209.83200073242188	875795.5
326.1917922281144	1360.4000244140625	875111.75
206.8397098746554	1333.47998046875	874551.125
233.932023064915	895.6680297851562	868066.25
204.84171687085464	485.8699951171875	864744.9375
270.25590078033736	213.6009979248047	862796.125
161.08410322144886	1389.949951171875	861234.125
155.95470749359473	639.7589721679688	858804.625
215.84014487804578	194.6790008544922	857943.125
113.05893029261252	499.7330017089844	856694.375
204.876271130791	1439.9000244140625	841802.8125
213.84215713581935	518.8809814453125	840786.0
174.9647727691201	763.7329711914062	837612.9375
206.8744865552011	294.9880065917969	836221.0625
155.954710133302	762.47900390625	826784.5
97.97671831100554	1366.739990234375	826498.875
204.84171590188754	440.15399169921875	824951.8125
204.8417179977994	518.8809814453125	824027.6875
233.9320201053302	935.4019775390625	820448.5
233.93201541330652	858.8629760742188	814982.875
175.9620162712887	683.947021484375	814143.3125
213.8421641665189	217.33299255371094	811173.0625
195.91316066716504	1274.2099609375	811001.75
213.84215153933252	190.875	808788.5
135.87229725813762	604.5239868164062	806740.875
213.8421605049331	337.9010009765625	804577.0
155.95470935391378	754.719970703125	803962.875
233.93202111979264	946.8380126953125	799008.5625
273.89052268836355	1352.8699951171875	788042.75
195.91316259627789	1232.97998046875	781963.875
204.8417340840279	414.9739990234375	777467.4375
170.02159187488638	1360.4000244140625	777218.0625
286.8068174642126	1338.6199951171875	774811.375
213.84214689231052	527.7119750976562	769278.4375
78.97635782154691	1369.3399658203125	766472.8125
393.87064361336064	1363.02001953125	766315.0
408.90929442374414	1365.5	753778.4375
295.77240326752695	1339.8699951171875	747191.75
211.12095355337766	274.8139953613281	746116.8125
306.7708528629579	1348.949951171875	745028.375
354.0564678795171	312.6369934082031	744967.9375
233.93202252436595	960.7969970703125	743230.375
302.77481812938913	1348.949951171875	742925.6875
175.9620189379964	667.5130004882812	741105.875
310.1816084068488	1366.739990234375	737831.4375
146.99087926977236	219.86399841308594	735929.0625
204.84171551407061	535.2949829101562	733737.0625
175.9620139465966	706.6439819335938	733559.8125
286.2782387651914	212.35800170898438	729987.25
155.95471617850015	623.427001953125	729440.875
133.8751526856731	527.7119750976562	728974.9375
155.95473186852064	1422.1800537109375	728306.9375
254.1519358036881	230.25399780273438	722325.6875
213.84215556067053	277.30999755859375	720719.3125
204.84173147386102	396.031005859375	713816.125
74.03617677809441	617.0969848632812	712442.0
146.9908655038875	243.3209991455078	711859.5
249.08739377898598	1361.6800537109375	708671.25
215.8401343471561	600.6959838867188	708651.5625
146.9908708838686	102.03099822998047	703455.6875
195.913152913723	1284.550048828125	698383.125
213.8421520762732	566.7570190429688	698303.5625
156.95435422374646	1361.6800537109375	696936.25
146.99087119025947	23.608800888061523	695071.4375
146.99087441578888	379.5840148925781	692210.5625
179.97027581901878	1361.6800537109375	691949.75
146.99087384443743	268.4729919433594	691906.9375
158.05791741543655	320.19500732421875	691125.8125
169.98035392372591	1326.8499755859375	689339.8125
257.0934633786131	1387.2900390625	689218.5625
284.27156578844705	1438.6400146484375	688064.8125
133.87514775136907	540.2979736328125	687200.1875
133.87515249762248	473.2820129394531	685519.9375
213.8421438792788	601.9869995117188	681505.9375
133.8751578990842	560.4439697265625	678373.875
118.94513746475845	1363.02001953125	673423.5
157.9622993575169	1354.1099853515625	672637.375
297.805386988734	1348.949951171875	671121.1875
257.0934529790395	1363.02001953125	669640.4375
155.95471160842007	786.6430053710938	664175.1875
146.99086666105708	168.13999938964844	664164.1875
133.87515095991594	490.9150085449219	663977.9375
409.9063505854423	1360.4000244140625	659364.0
146.99087229053004	339.15399169921875	658813.3125
175.96200404433026	719.2559814453125	657650.5
175.01980986776434	699.0479736328125	655786.25
204.8417311689543	337.9010009765625	655135.875
196.91321760691073	1356.5899658203125	651688.25
92.01065941646637	1382.1400146484375	651143.625
340.2073187200882	1355.3499755859375	642701.3125
146.99087713541036	397.28399658203125	640512.0625
174.9647708653469	925.0919799804688	639540.3125
127.02451173564542	262.17498779296875	639405.75
213.84215578029222	100.7770004272461	637116.625
313.90633622212295	1360.4000244140625	632975.0625
118.93598828775573	833.5120239257812	629495.125
79.97365319212098	1357.9200439453125	623240.3125
236.0719878515826	221.1490020751953	621804.6875
229.212268326299	217.33299255371094	616170.75
282.25596331636876	213.6009979248047	614317.4375
123.99530812288103	1359.1600341796875	609274.875
163.9754152956334	1357.9200439453125	609246.8125
215.8401546117669	52.687198638916016	606432.8125
155.95471077316577	823.3809814453125	598457.5625
330.2772601629307	213.6009979248047	592421.6875
146.99086713441068	421.2799987792969	588971.75
289.0652624685462	1368.0999755859375	587609.5
298.25106436877	213.6009979248047	583626.6875
175.9620146428428	745.8499755859375	580575.6875
382.2106124646827	1374.47998046875	579558.0
161.08408744927848	1355.3499755859375	578562.4375
244.06955106313382	503.6470031738281	575754.25
139.02698307175228	1350.18994140625	575284.4375
279.9373620374092	1363.02001953125	574488.0
294.1867218652834	1366.739990234375	572490.4375
204.84172840304555	263.4679870605469	571930.25
138.94784820950034	1410.8399658203125	570368.875
289.9163253432012	1354.1099853515625	567457.5625
224.80566176435292	604.5239868164062	567369.8125
175.96201577137055	644.843994140625	565348.25
123.9952838979159	1374.47998046875	563451.5
159.13405495268162	239.35899353027344	559582.6875
354.20774221667807	1361.6800537109375	553369.375
270.2559403745575	1359.1600341796875	551221.0625
97.97682741039453	605.7730102539062	548540.875
204.8417018181848	623.427001953125	547820.5625
273.8905839054322	1368.0999755859375	544633.5625
252.1032121282324	213.6009979248047	544243.6875
117.96984353224626	1359.1600341796875	539934.5625
201.95236317086997	1352.8699951171875	535521.5625
91.97830033127357	1258.75	533998.0
312.3031042586489	209.83200073242188	533760.3125
157.96227094158354	1369.3399658203125	532195.625
112.01605172627724	700.2990112304688	531158.9375
153.9854337718623	1321.6700439453125	525552.9375
116.04734312045866	419.9830017089844	524326.875
215.84017484688877	8.183520317077637	523508.375
284.8085739635345	1341.1500244140625	515638.125
195.87593792875052	651.1370239257812	514611.03125
97.9671202015008	705.3909912109375	512845.46875
201.18106790623204	222.3939971923828	507186.5625
204.84169837492934	632.218994140625	502627.9375
134.07320340537004	1373.239990234375	500608.0625
326.3186631266267	209.83200073242188	499493.09375
104.04721014337642	456.906005859375	498872.78125
241.9528104202324	1356.5899658203125	496585.6875
201.02746583145344	218.62100219726562	495877.3125
91.97830170720023	1173.3599853515625	495623.65625
100.05223122572089	358.1199951171875	493867.71875
96.99182189152565	1365.5	491237.15625
224.80569262882014	1337.199951171875	490819.375
204.84173538389493	171.94400024414062	488485.53125
233.93201877836887	1008.4099731445312	488467.90625
197.87415902451593	642.302001953125	484226.09375
207.05416929655954	1384.800048828125	482589.71875
199.87236851070537	1334.719970703125	481417.28125
133.87514744163028	1332.050048828125	479376.34375
209.9419953201667	605.7730102539062	478153.1875
204.8417306689764	119.76200103759766	472453.46875
251.0439999384443	1388.7099609375	472392.65625
294.1832256315811	219.86399841308594	471592.1875
91.9782995317368	692.7899780273438	470841.71875
175.96201119603623	782.875	470083.6875
91.97830194940967	886.7689819335938	468936.1875
123.9952844075808	1387.2900390625	467881.75
204.84171130705178	661.2219848632812	465212.25
135.98045330794744	1422.1800537109375	464884.28125
91.97829905270501	946.8380126953125	464252.46875
287.91934450720066	1365.5	463537.78125
170.02158383930183	789.197021484375	462013.46875
148.03723526913532	1368.0999755859375	458803.90625
116.9406446407232	1365.5	457589.5
92.04701582525084	520.1309814453125	456968.53125
201.9523612695932	1360.4000244140625	456664.34375
91.97830295317554	838.5780029296875	455658.15625
365.8965644323622	1355.3499755859375	455102.09375
122.03679561975837	458.156005859375	453819.1875
222.80786989006896	1341.1500244140625	453574.9375
195.8759400328324	705.3909912109375	449096.0
155.9671628239709	1369.3399658203125	448895.71875
91.97830191817529	865.1959838867188	448099.5
91.97830555129505	790.4520263671875	447621.8125
123.99527648067006	1347.530029296875	447163.96875
297.7703589784675	1339.8699951171875	447067.28125
222.80788261804636	605.7730102539062	446185.0
130.02665788318953	544.1259765625	445695.9375
91.97830257165843	658.677001953125	445506.9375
117.08708757645303	283.6409912109375	443361.59375
197.87417516302702	690.2039794921875	443170.125
204.84173803987957	70.41120147705078	441647.5
102.0315148772151	294.9880065917969	438968.625
170.07727727401166	436.4100036621094	438921.03125
91.97830392092905	770.1900024414062	438856.375
268.24025079738857	1360.4000244140625	438397.84375
99.0317738375342	1369.3399658203125	438126.5625
280.240229461604	1357.9200439453125	437320.375
175.9620088481535	935.4019775390625	435770.625
125.01461455449129	642.302001953125	434928.5
175.96944830142294	1378.3900146484375	433778.3125
146.99086472438034	475.7820129394531	433615.03125
119.05828178988097	620.8460083007812	433549.5
91.97830046636787	747.10400390625	431845.375
255.22804215421158	1369.3399658203125	430401.21875
293.7745342159002	1338.6199951171875	429237.5625
161.0840999514913	1422.1800537109375	427485.71875
330.93216677068403	1365.5	426385.0
169.05747955014047	1366.739990234375	423274.75
91.97830406310933	678.8569946289062	420768.21875
133.875143141293	1348.949951171875	419903.375
123.04017120628556	353.1080017089844	418034.34375
243.22809540698478	218.62100219726562	416122.40625
382.0876847198904	219.86399841308594	412565.5
204.8417338582461	52.687198638916016	411626.0625
273.8905931185218	1388.7099609375	411208.8125
284.27157162558984	348.0119934082031	410018.40625
208.8374144494788	465.70001220703125	409868.625
116.94064824108276	1374.47998046875	407712.375
146.13069964209473	277.30999755859375	405863.84375
294.89851747496783	1363.02001953125	404565.28125
298.1604578622508	1361.6800537109375	402352.84375
284.2715783710318	10.693499565124512	398739.875
172.11004792660975	260.8810119628906	398595.46875
372.8758075019364	1359.1600341796875	395417.71875
158.99643392310736	1368.0999755859375	395016.59375
270.2559446651126	1383.56005859375	394468.25
251.04404873729246	1379.6300048828125	394118.03125
213.84214355101585	639.7589721679688	393579.6875
384.7399308095753	1363.02001953125	393564.09375
141.99342651792264	1413.3399658203125	393107.75
127.91232549553347	1361.6800537109375	385264.0625
284.27157174921655	86.84629821777344	383539.03125
251.0440233972847	1350.18994140625	382288.375
155.06952472829474	633.510009765625	381602.15625
213.84214285304196	665.0120239257812	378972.15625
133.87514829626568	661.2219848632812	378419.9375
197.87415553812056	714.2449951171875	377891.9375
169.05745267955152	1388.7099609375	376424.15625
193.9186944894843	817.0189819335938	375692.6875
210.94162316571658	1355.3499755859375	373674.84375
86.0363428493077	700.2990112304688	373262.75
219.97074056965258	702.8889770507812	371377.875
207.87783951695917	1363.02001953125	370624.875
197.8741799297718	1356.5899658203125	368415.125
142.99290914873546	1365.5	368016.875
373.8731298202261	1366.739990234375	367963.09375
105.04247415988922	658.677001953125	367719.0
195.8759679458097	1439.9000244140625	366678.9375
280.24024108069216	1368.0999755859375	366281.46875
348.89322629601577	212.35800170898438	362556.1875
255.92645069245768	1348.949951171875	362373.15625
229.212389260524	1368.0999755859375	360622.53125
204.8416969945922	721.8060302734375	357672.96875
102.03151895385115	363.2139892578125	355556.90625
284.2715752765515	156.5850067138672	354814.28125
255.91404489408387	1354.1099853515625	353165.90625
157.95149239957536	1368.0999755859375	352222.0625
100.05223292085269	268.4729919433594	346221.59375
251.0440479966197	1422.1800537109375	342450.90625
146.06915083525675	634.760009765625	341999.4375
121.97959114254839	1347.530029296875	339257.09375
129.987858726557	1326.8499755859375	338663.4375
146.99087216386192	1348.949951171875	338519.75
225.88517117068636	1339.8699951171875	337998.75
197.8741711373037	1438.6400146484375	337884.75
331.92942600010326	1364.260009765625	337533.90625
157.9503951753816	1314.0799560546875	336662.25
233.9320180034757	1252.25	336497.78125
252.95461908288908	1359.1600341796875	336201.03125
272.2351870698932	225.072998046875	335776.5
286.8068492904868	4.04863977432251	334988.625
386.1858249503601	239.35899353027344	334775.71875
315.89350008467864	1363.02001953125	334298.46875
175.95422152419147	1365.5	330227.65625
195.8759375581121	1375.719970703125	330040.46875
368.36551640542194	209.83200073242188	329354.46875
226.80331256927397	607.02099609375	329073.1875
133.87517334957187	213.6009979248047	328476.53125
286.80685658491996	81.78700256347656	328347.78125
207.05416087160597	1419.6800537109375	326029.3125
268.08078560926333	530.2130126953125	325784.78125
365.27811779049625	37.51860046386719	325600.1875
175.01172500277576	243.3209991455078	322063.59375
302.24580055159583	1355.3499755859375	321769.5
485.8867867623026	1359.1600341796875	321482.6875
121.97958942292874	1387.2900390625	319630.34375
121.97957979009306	1387.2900390625	319630.34375
257.93413227950884	1321.6700439453125	316653.375
124.05246625518343	585.64697265625	315404.1875
233.94433214285118	1363.02001953125	314482.84375
208.83737250046997	1334.719970703125	311776.09375
226.19342615655694	1360.4000244140625	310376.4375
91.97830209569784	584.3980102539062	310173.75
147.05319353014113	607.02099609375	310156.78125
213.14472570240304	240.60400390625	309163.25
174.96476721771296	1167.9200439453125	308719.9375
219.9707633378196	1398.010009765625	308088.59375
312.90914032652074	1379.6300048828125	304257.59375
174.96476024502877	1205.699951171875	302512.28125
125.99046897938489	1328.280029296875	302200.625
139.97778245863836	1364.260009765625	301267.65625
174.964758763566	1260.010009765625	299093.5625
286.8068424664629	327.7959899902344	298558.15625
92.02904000919074	345.5050048828125	297415.59375
288.80499760476096	1339.8699951171875	296494.84375
73.99980010262378	446.6719970703125	296161.25
219.83549139578372	1343.81005859375	295496.3125
137.99869966742995	1355.3499755859375	294963.0625
254.2248176461605	214.84500122070312	294264.4375
207.17045057302562	235.6179962158203	294064.21875
176.96166438017173	1356.5899658203125	293725.25
197.8741666491365	1418.4300537109375	293678.375
235.9401349992733	1361.6800537109375	293356.90625
283.2592495592234	1352.8699951171875	292414.28125
201.9726839043609	1363.02001953125	292397.5625
195.87594533344455	1414.5899658203125	292053.09375
324.30299999471765	208.58700561523438	290789.75
207.05411622653915	1352.8699951171875	288841.1875
282.2558904400294	1436.0899658203125	287221.59375
115.9413531198879	823.3809814453125	286195.8125
173.1497899473473	231.69000244140625	285224.28125
188.01438623988162	242.03500366210938	284102.125
302.24587028580174	1369.3399658203125	284058.03125
217.83775486131415	608.27197265625	283148.3125
169.0574502534098	1423.4300537109375	283106.84375
150.00819082415697	335.39599609375	282292.9375
288.91877545147815	1354.1099853515625	282262.21875
274.8904228666721	827.14697265625	282074.0
147.97328670407902	507.39801025390625	280727.53125
128.0473594440091	398.5369873046875	278229.9375
139.0269592856858	289.8970031738281	276931.9375
136.97999606241447	1365.5	275733.78125
133.03751757128404	618.3480224609375	275127.25
195.95968419334	1347.530029296875	274991.25
119.97351782035976	1301.27001953125	274131.1875
226.80327162348226	1332.050048828125	273904.5625
449.8531653393378	1368.0999755859375	273652.0625
147.97324881697693	1332.050048828125	273520.03125
303.2493921052245	213.6009979248047	273463.4375
182.07917008240372	615.8489990234375	272570.28125
283.25918110759517	1384.800048828125	272392.40625
219.9707340549778	759.926025390625	272147.46875
220.97026611087693	1352.8699951171875	272138.03125
136.0524838021804	243.3209991455078	271439.59375
221.9677237142567	1357.9200439453125	270533.28125
133.87516327706712	404.87799072265625	269589.5625
283.25926161297514	1364.260009765625	269021.0
155.9547085872979	1205.699951171875	268670.65625
219.970742166997	886.7689819335938	266676.28125
268.2402807607392	1382.1400146484375	265502.59375
157.0044141617667	1369.3399658203125	264614.8125
136.97995051447157	1354.1099853515625	263671.875
338.21288429627384	1365.5	263461.03125
160.14638964279487	268.4729919433594	263186.8125
286.8068623291426	383.4280090332031	262506.75
156.95428800531536	1387.2900390625	262126.28125
196.9468950952267	1371.8499755859375	261328.59375
170.85692074749264	1348.949951171875	260801.640625
216.0402415867463	607.02099609375	259673.265625
132.05348337639126	639.7589721679688	259367.296875
177.94335628113575	1369.3399658203125	258757.0
201.96028425122748	1360.4000244140625	257334.703125
208.8373772181124	584.3980102539062	257217.28125
146.99085952636284	555.4459838867188	256747.4375
103.07128476648423	336.6499938964844	256323.71875
156.078725620982	262.17498779296875	255911.765625
196.94687550177156	1354.1099853515625	255363.03125
185.06886443932217	1374.47998046875	254792.984375
240.1363258677851	216.08999633789062	252945.15625
115.02693095190367	355.614013671875	252454.96875
118.06301815208933	374.57501220703125	251550.203125
181.04098626384723	174.4510040283203	251428.15625
214.19342060788838	1360.4000244140625	251231.59375
431.84238978427834	1365.5	249964.703125
440.12038093280603	1368.0999755859375	249916.265625
118.93882734200825	1380.8699951171875	249495.515625
131.10271153872753	259.6300048828125	247533.578125
298.28722930003653	213.6009979248047	246502.125
329.1630438402001	1351.469970703125	244861.875
170.85690072646915	1333.47998046875	243911.78125
175.09567814391716	657.426025390625	243881.34375
157.95041866277762	728.1170043945312	243695.25
184.14636062398299	226.5070037841797	242593.359375
135.872379282314	1338.6199951171875	242109.078125
393.70555713504694	1346.2900390625	241897.203125
138.03169238009153	1354.1099853515625	241867.421875
244.24024291239158	240.60400390625	241571.25
193.91868429852283	1351.469970703125	240164.375
81.92363347800635	1350.18994140625	239171.875
284.80861260971614	74.17379760742188	238669.765625
226.1934439896561	218.62100219726562	238469.1875
167.98242891401674	685.197998046875	237739.546875
157.11836958555722	238.11199951171875	237688.65625
165.00968758640616	442.7349853515625	237283.9375
195.91319094686654	643.594970703125	237247.8125
100.01584990514776	370.7300109863281	237197.390625
295.80719088231433	1395.1500244140625	237164.90625
162.0529033775949	1371.8499755859375	236019.390625
211.93899746989587	1383.56005859375	235071.609375
101.01112719229955	447.9219970703125	233821.4375
157.950408395748	805.6389770507812	233684.765625
151.06332522134713	437.6570129394531	233131.984375
196.91315924600866	1169.18994140625	232886.859375
208.87271436125815	14.455599784851074	232044.28125
308.76877413791016	1348.949951171875	231442.984375
352.22835961032683	1364.260009765625	230782.640625
108.05744862261201	459.4070129394531	229858.3125
123.04015921066545	595.7100219726562	229404.8125
220.18281433208367	1368.0999755859375	229091.875
157.95041236823099	753.4650268554688	229022.0
208.83737505350493	622.1389770507812	227820.109375
197.9441115643274	1366.739990234375	227816.296875
130.02665412163222	623.427001953125	226969.375
142.93105932279917	225.072998046875	226600.453125
123.98284275765413	1371.8499755859375	226461.15625
144.07865289633196	348.0119934082031	224430.5625
135.99286635584156	1346.2900390625	224071.09375
333.8915926757378	1356.5899658203125	224043.203125
208.83738406404345	209.83200073242188	223124.03125
151.97795892988603	1348.949951171875	222246.21875
257.2436617664442	1429.780029296875	221539.734375
156.00927633324574	1371.8499755859375	220355.015625
267.1586979125737	204.7969970703125	219447.84375
197.0617556234598	595.7100219726562	218549.859375
181.0409815762965	145.02099609375	218455.0625
418.1630614664573	253.38900756835938	217713.453125
136.03722493848866	554.197021484375	216051.625
172.11003271195358	278.5589904785156	214449.75
140.94545603293835	1363.02001953125	213614.984375
284.80861562445705	303.8290100097656	212557.0625
219.9707431666827	651.1370239257812	212043.203125
175.96201028327886	1218.6199951171875	210590.359375
133.8751670777782	344.25299072265625	210336.9375
79.9256426915096	1348.949951171875	210318.65625
157.95039386717815	973.5910034179688	209086.40625
700.305553849818	221.1490020751953	207651.625
133.87516321403396	322.7860107421875	207599.125
143.9902598966953	1366.739990234375	207018.65625
213.842145645799	1410.8399658203125	205422.421875
137.04766959557605	509.89898681640625	204648.8125
152.0473828892839	458.156005859375	203636.1875
219.97072959629963	1258.75	203620.53125
133.87515667886117	272.2720031738281	202113.609375
333.9038985511274	1379.6300048828125	201307.984375
157.95039194910697	1058.25	200954.171875
230.07908368145416	1373.239990234375	199306.59375
160.10997528659456	299.9909973144531	198864.75
384.7051880705054	1337.199951171875	196631.46875
394.87004159805844	1369.3399658203125	196489.28125
132.04225398903287	178.25399780273438	195346.9375
386.73802221638744	1348.949951171875	194645.59375
179.88107940179182	1341.1500244140625	194209.390625
181.04097703282648	305.0790100097656	193726.078125
130.02666250059934	733.219970703125	193661.609375
122.00377709121068	71.66699981689453	193456.546875
214.06311529384976	305.0790100097656	192290.484375
268.24040074075634	212.35800170898438	192144.90625
99.97392147779176	607.02099609375	191892.234375
202.19344563330384	253.38900756835938	191642.90625
300.26644039899384	217.33299255371094	191495.421875
132.04226007203016	99.52339935302734	191099.21875
166.04820234617983	257.13299560546875	191094.5625
132.04224866735146	150.12600708007812	190809.703125
132.04225871149737	60.292701721191406	190734.953125
445.2059612335273	1348.949951171875	190021.703125
240.13638514619845	230.25399780273438	189795.71875
132.04225518192274	91.90689849853516	189512.734375
313.7386558384235	1339.8699951171875	189461.359375
115.06331450105559	581.8610229492188	188693.8125
132.04225773511283	21.09910011291504	188603.1875
241.2125119025722	214.84500122070312	188499.734375
351.8678492108858	810.7030029296875	187359.390625
355.0598150835878	313.9320068359375	187280.03125
95.0449329482203	296.2380065917969	187120.09375
343.14201369590944	1347.530029296875	186645.890625
219.9707287978819	1232.97998046875	186238.765625
132.0422467825258	159.13600158691406	186203.984375
132.04226235308218	207.29800415039062	186189.46875
255.88953245682433	1354.1099853515625	185912.296875
175.96200899250357	1166.6099853515625	185082.46875
279.93743694839367	1384.800048828125	184287.09375
132.0422659689503	42.574100494384766	183915.4375
682.3044287507776	222.3939971923828	182837.734375
105.0141493568928	644.843994140625	182222.546875
329.93247928554155	1412.0899658203125	181814.21875
134.01348508776	289.8970031738281	180869.234375
340.33411818822543	209.83200073242188	180761.921875
181.8792624247555	1333.47998046875	179698.515625
215.19671389414074	221.1490020751953	178584.796875
100.05222551243206	245.81500244140625	178565.8125
131.05821354578205	624.6749877929688	178473.6875
131.0299336322387	699.0479736328125	178320.984375
157.02058055598377	493.4540100097656	178124.640625
211.93900388401585	604.5239868164062	177995.453125
186.08926403005518	264.718994140625	177887.671875
119.02998259138295	617.0969848632812	176831.375
116.0109463306608	654.927978515625	175936.078125
271.222938182424	217.33299255371094	174582.234375
270.2559354643656	1410.8399658203125	173494.4375
240.067124141328	217.33299255371094	173485.421875
219.9707387020985	1205.699951171875	171145.421875
97.99528575660744	1337.199951171875	170283.796875
171.08962641478104	378.3320007324219	170276.0625
410.4126648310305	208.58700561523438	169864.0625
119.93415786884576	825.8920288085938	169754.40625
179.05834360598132	353.1080017089844	169581.578125
233.1245883425412	276.06201171875	167988.125
356.1754281615995	238.11199951171875	166951.375
166.04782673867598	585.64697265625	166913.390625
293.8090659813949	1409.5999755859375	166854.5625
313.179540670413	1373.239990234375	166715.609375
382.74156331121577	1350.18994140625	166130.28125
132.04227024411392	4.04863977432251	165865.671875
329.05275234095063	465.70001220703125	165845.796875
181.0409945450896	104.53900146484375	165447.84375
178.0477894533022	550.3759765625	164448.140625
210.0756069203832	388.4339904785156	164250.4375
285.2749057472081	1437.3399658203125	163677.265625
372.0669182612899	308.8349914550781	163618.328125
128.0837719997635	268.4729919433594	163589.609375
242.22473461036293	1431.030029296875	163557.75
195.04602701890028	659.927001953125	162959.4375
114.06810870249835	264.718994140625	162934.5
146.99084507375233	630.927001953125	162858.25
400.0978376178252	216.08999633789062	162719.34375
181.04097155269406	57.7864990234375	162484.859375
102.98797541535747	1333.47998046875	162132.703125
119.97352368186135	965.9310302734375	161405.046875
386.7030110979998	1337.199951171875	161184.15625
165.05082937147677	432.62799072265625	160901.875
220.18283695815938	238.11199951171875	158731.09375
259.7894558413139	1348.949951171875	158103.828125
294.18667900936265	202.29100036621094	157987.921875
119.93415955067724	809.448974609375	157711.78125
190.0954470445289	706.6439819335938	156669.9375
312.1762687534549	206.04800415039062	155903.9375
295.80721472704874	209.83200073242188	155511.09375
260.08957355574057	1373.239990234375	154908.84375
133.87516721821376	121.01599884033203	154551.484375
250.15690526373035	207.29800415039062	154504.71875
224.14140834103472	218.62100219726562	154272.21875
299.76822651792014	1337.199951171875	154159.921875
187.1653610654329	226.5070037841797	153519.34375
119.9735198351595	896.926025390625	153349.609375
175.96202482326248	1130.8499755859375	152623.65625
112.0160614811927	318.9429931640625	150278.625
354.35010862398366	211.11399841308594	149433.46875
168.85884112149864	1342.3900146484375	149259.5
295.8071632759909	4.04863977432251	148358.21875
218.06135911288624	247.06300354003906	148297.390625
326.19177450426014	206.04800415039062	147744.03125
116.94065538576979	1405.489990234375	146857.6875
188.1161222966546	629.676025390625	146021.875
202.0114616523328	730.6240234375	145978.109375
295.14228256577553	204.7969970703125	145741.453125
181.04098399211875	33.71620178222656	144579.921875
135.9685133581044	950.6199951171875	144413.609375
237.96037779596725	1350.18994140625	144160.953125
179.82260511882245	627.1749877929688	144006.21875
210.1021955822648	230.25399780273438	143784.5
131.93850807167843	1384.800048828125	143782.484375
142.09942722391384	245.81500244140625	143588.25
135.96851677207994	1132.3199462890625	142889.875
348.8931998530386	1324.3499755859375	142063.59375
348.8931263284467	1324.3499755859375	142063.59375
133.875152894362	112.14900207519531	142013.984375
274.89041459513203	1347.530029296875	140447.546875
170.13072693366033	231.69000244140625	140082.46875
243.09365037793404	406.12799072265625	139879.828125
183.05326597854076	267.22198486328125	139790.828125
168.0306319506873	595.7100219726562	138806.671875
295.80715098229285	179.50599670410156	137116.640625
135.9685148981068	1204.43994140625	136741.875
195.95962676134815	1378.3900146484375	136446.390625
219.95721329396625	1316.5799560546875	135798.859375
214.15703765372933	235.6179962158203	135660.21875
288.2302648776851	218.62100219726562	135000.125
119.9735168259106	865.1959838867188	134204.59375
271.2592323551419	211.11399841308594	134204.3125
135.96851958508927	967.1929931640625	133076.203125
314.81792659438895	1345.050048828125	133007.0625
170.85690551784248	627.1749877929688	132497.296875
102.98799508209562	507.39801025390625	132475.265625
166.04819530624872	233.1199951171875	132013.421875
112.01604934409536	535.2949829101562	131662.28125
72.02050193071653	554.197021484375	131545.0
203.0512585415721	321.489990234375	131321.703125
223.92228985977147	1311.5699462890625	130891.8515625
179.82250262272743	1348.949951171875	130757.0390625
280.2402651299136	1406.9200439453125	130738.3046875
825.7325262584725	216.08999633789062	130331.6328125
135.9685092875056	704.1400146484375	129647.1796875
250.03003837366464	296.2380065917969	129256.375
135.96852417498044	739.4920043945312	129106.484375
176.02057800916828	699.0479736328125	128835.25
135.98045110967345	754.719970703125	128807.2265625
295.80718971402905	104.53900146484375	128724.6953125
176.96914909851884	1365.5	128570.2109375
295.80719510533044	74.17379760742188	127447.046875
135.96850667949408	678.8569946289062	127276.6171875
316.81531732878756	1338.6199951171875	127019.671875
166.04820151917335	216.08999633789062	126342.53125
141.92657704800914	1348.949951171875	126019.015625
112.05244785664091	349.2650146484375	125376.2421875
386.17294754911285	240.60400390625	124704.4921875
210.03762509471926	676.35498046875	124593.6484375
98.99145287625076	1365.5	124359.2109375
312.17623638161996	1438.6400146484375	123801.4375
215.05844561626733	248.31199645996094	121901.6328125
396.396682541094	207.29800415039062	120716.5234375
275.88758673142286	1363.02001953125	120627.046875
238.08769949635382	248.31199645996094	120479.2265625
214.97133237336755	1359.1600341796875	120073.0703125
243.18365615581635	253.38900756835938	119920.7265625
199.16541863171113	221.1490020751953	119318.8984375
295.8071614716599	322.7860107421875	118171.1953125
164.0474596736348	454.2179870605469	117861.0
368.8893300680697	1323.0999755859375	117860.5390625
368.8893219310766	1323.0999755859375	117860.5390625
382.3812433845946	207.29800415039062	117224.7734375
382.2106892082326	259.6300048828125	116921.5546875
181.04098300953544	21.09910011291504	115980.1484375
219.95719623337558	1330.760009765625	115684.3671875
382.21063495805	29.959400177001953	115589.6171875
98.03656325844595	313.9320068359375	115171.1796875
103.99702964708386	1339.8699951171875	115141.3203125
135.96850997889604	1316.5799560546875	115010.2890625
228.1363269909017	235.6179962158203	114886.09375
192.02715492033522	1368.0999755859375	114572.984375
168.8588552873273	627.1749877929688	114558.7890625
127.04627435733947	404.87799072265625	114420.4453125
323.0519836730817	615.8489990234375	114367.6640625
243.08604061037082	564.2589721679688	113742.8125
382.210691970153	51.432701110839844	112257.6796875
157.9622790796714	1422.1800537109375	111970.109375
266.11548330557304	243.3209991455078	111546.1796875
238.0876688763511	236.86500549316406	110771.9609375
214.8455005593985	1346.2900390625	109832.1953125
387.18929010423665	239.35899353027344	109567.3828125
508.3944650746778	1387.2900390625	108593.6015625
155.96716922644333	1410.8399658203125	108413.03125
189.06381772850153	586.89697265625	108273.3984375
257.7914819210406	1345.050048828125	107902.5703125
176.0320976021022	630.927001953125	107269.5546875
131.09462008590623	521.4240112304688	107060.140625
152.03344341590963	540.2979736328125	106915.25
298.05453424840186	229.0050048828125	106861.2890625
201.9647222084289	1338.6199951171875	106775.6640625
119.97352691439853	758.6710205078125	106555.5546875
287.9192957860081	604.5239868164062	105473.28125
90.94796836410771	1337.199951171875	105411.171875
133.8751565745999	33.71620178222656	105358.296875
382.2106575716111	219.86399841308594	105165.765625
149.04061271570075	623.427001953125	104607.5
331.28083046722486	209.83200073242188	104176.625
170.09438235933735	273.56298828125	103968.5625
383.0911258191106	219.86399841308594	103931.90625
192.02710120391814	613.3499755859375	103173.0703125
122.07317404301246	269.7250061035156	103113.15625
408.39692144530324	204.7969970703125	103074.5625
380.25953219815847	1360.4000244140625	102739.7421875
232.95301298714978	498.4859924316406	102652.90625
137.87027351526757	1342.3900146484375	102599.3984375
382.2105829481701	96.96939849853516	102027.1796875
89.05541637450051	388.4339904785156	101925.640625
76.00051743544343	784.1309814453125	101385.2421875
184.01208563892934	1348.949951171875	100879.234375
119.94930798686133	709.14599609375	99738.3359375
115.90901704366827	1337.199951171875	99308.953125
143.92448479199896	1348.949951171875	99299.859375
291.07040263730363	446.6719970703125	99196.03125
382.21062039964744	233.1199951171875	99086.546875
168.96810790751596	1333.47998046875	99074.5
307.065439827186	503.6470031738281	99064.34375
382.21054143941603	268.4729919433594	98989.6640625
164.08387410748054	264.718994140625	98845.921875
194.05796989236563	281.1000061035156	98286.078125
452.45943613671585	204.7969970703125	98179.3359375
76.00051966152523	863.9390258789062	98148.3203125
131.06633432419093	378.3320007324219	98127.328125
329.16282257389963	208.58700561523438	98107.1875
198.1256862283695	239.35899353027344	97975.0859375
382.2106299496697	147.5749969482422	97672.46875
253.89145111281624	1348.949951171875	97618.4296875
190.98653895871936	646.093017578125	97483.78125
382.2106213141583	18.589500427246094	97340.5546875
324.0360744183289	585.64697265625	97086.71875
174.08921127148585	298.7409973144531	97034.0859375
125.99867691827556	517.6309814453125	96731.6875
185.06884872771963	1410.8399658203125	96579.4765625
273.0258415566421	1347.530029296875	96578.484375
382.2106194689578	105.79199981689453	96551.4375
119.9735395402513	692.7899780273438	96541.2578125
322.2178719372089	1370.5799560546875	95404.015625
200.14139530089432	247.06300354003906	95376.40625
310.1816441386788	1436.0899658203125	94818.84375
271.89608464197323	833.5120239257812	94264.0859375
76.00051329825338	654.927978515625	94060.3359375
295.18665826669735	221.1490020751953	93536.921875
76.000515148465	748.3579711914062	93046.0078125
375.73933378718584	1347.530029296875	92623.421875
101.04749812809995	551.6580200195312	92359.078125
229.0781481925028	446.6719970703125	92241.015625
229.87854063456675	1339.8699951171875	92171.9140625
138.03171286739064	279.8070068359375	92160.03125
192.06351617907552	559.1950073242188	92129.890625
76.00051170607234	1218.6199951171875	92027.9765625
327.3219616880778	208.58700561523438	91908.6796875
131.938485479675	1409.5999755859375	91387.6796875
310.2876594327303	209.83200073242188	90742.453125
264.07227387155444	403.62799072265625	90726.25
494.5065877390169	206.04800415039062	90678.6171875
268.24027985208437	1405.489990234375	90615.640625
382.21063353379196	71.66699981689453	90509.859375
329.1629928888666	159.13600158691406	90395.5703125
206.04275537687138	1369.3399658203125	89847.796875
106.0264924855345	539.0460205078125	89629.71875
305.0863461767704	408.6289978027344	88240.5546875
448.1416960359803	218.62100219726562	88031.53125
298.2509563961479	1360.4000244140625	87764.8359375
120.0575202905604	432.62799072265625	87578.7421875
328.33435873425236	230.25399780273438	87440.3828125
313.30665402570304	208.58700561523438	87397.1875
613.8038397799004	1320.3800048828125	87099.96875
202.15698916996703	240.60400390625	86883.9765625
138.05670333663653	302.5360107421875	86579.5234375
206.04269224758755	685.197998046875	86191.375
159.01678624817785	707.89501953125	86127.3984375
215.07952640832758	284.8909912109375	85747.9921875
260.08957038286246	1413.3399658203125	85501.1875
287.2460891431095	247.06300354003906	85400.8515625
212.93854601537495	1352.8699951171875	85333.8203125
136.0579468166175	500.9809875488281	85110.4609375
382.2105656312249	9.440010070800781	85075.828125
113.03063385780487	494.7030029296875	85010.21875
347.0628929462643	623.427001953125	85007.3984375
329.1629868202173	133.6490020751953	84962.6640625
373.74135719590646	1339.8699951171875	84955.1796875
180.0635061031386	566.7570190429688	84952.046875
226.15703871776066	235.6179962158203	83910.875
126.03171263536751	350.5169982910156	83682.1875
178.09947466048848	240.60400390625	83451.7421875
165.07909111845882	500.9809875488281	83118.9296875
108.05746725951272	283.6409912109375	82679.9140625
150.0680706221355	281.1000061035156	82544.078125
242.18828952154414	225.072998046875	82511.3828125
134.99904736697187	389.6839904785156	82358.2734375
202.12070169185915	254.63600158691406	82323.6875
79.96580707351586	1359.1600341796875	82303.8515625
119.93416791382123	1347.530029296875	82223.265625
211.06811485582375	385.9309997558594	82133.015625
225.86913432888315	1335.9599609375	82052.6171875
172.11005595709918	1395.1500244140625	81417.140625
234.9507554611489	499.7330017089844	81350.53125
75.03145551973734	1351.469970703125	81065.4765625
255.1552445260771	231.69000244140625	80930.3828125
271.8960801657738	799.322021484375	80463.015625
168.06133734558847	1395.1500244140625	80261.7265625
188.10494790940612	499.7330017089844	79959.46875
124.03543110582467	407.3789978027344	79869.265625
157.95142588460925	1406.9200439453125	79837.734375
212.12431307678608	272.2720031738281	79746.609375
366.2812457502125	43.82680130004883	79450.609375
257.0667990537149	554.197021484375	79170.7109375
156.95430502794088	604.5239868164062	78892.6640625
180.06348626788855	608.27197265625	78885.1796875
105.04248611171924	734.4749755859375	78882.5390625
113.03063518294111	446.6719970703125	78878.5390625
161.97218022074028	1335.9599609375	78717.5859375
388.7012976451356	1339.8699951171875	78446.421875
105.04248179293586	963.406005859375	78195.6015625
201.95237338872514	1431.030029296875	77910.4140625
228.80086731014097	605.7730102539062	77664.1015625
329.16299093960015	190.875	77460.890625
170.0944126624416	252.0989990234375	77333.9140625
188.17769761505508	254.63600158691406	77222.3671875
160.10998534319555	353.1080017089844	77177.6875
200.10498296061456	276.06201171875	77106.34375
257.06672252399693	593.218994140625	76674.421875
132.07866893913427	294.9880065917969	76618.6171875
125.91271788435897	1334.719970703125	76470.375
149.05108821007866	541.5880126953125	76273.6328125
313.01867064312466	1413.3399658203125	76174.8515625
249.06475358895744	387.1830139160156	75910.75
104.01085258141184	1403.0	75736.171875
236.17776952428997	238.11199951171875	75618.7265625
203.0948395041666	291.1910095214844	75571.671875
92.94618323938533	1330.760009765625	75212.0859375
119.973542752164	643.594970703125	75160.5
223.87086390467334	1341.1500244140625	74825.1328125
149.04061484950137	588.14501953125	74476.3359375
81.9236326775476	628.4249877929688	74316.7109375
103.07131070664786	316.43701171875	74161.359375
114.04295148601496	1401.75	74069.7578125
139.86744301664697	601.9869995117188	73841.3125
719.7686104065114	198.48500061035156	73832.5546875
237.07549628261194	221.1490020751953	73832.3828125
566.2049092062056	229.0050048828125	73801.265625
200.05084909234873	235.6179962158203	73442.7109375
286.28713204175773	235.6179962158203	73332.0234375
441.86767390811355	1335.9599609375	73317.5234375
242.1156480838591	267.22198486328125	73159.359375
329.1629035607413	86.84629821777344	72722.0546875
197.03246728673312	580.5700073242188	72667.734375
239.8992918353801	848.7169799804688	72626.109375
272.00257560376974	231.69000244140625	72609.796875
402.1678528608358	247.06300354003906	72502.8359375
284.08555117264723	552.9459838867188	71595.578125
319.8653334377942	848.7169799804688	71070.1875
507.83914171041005	1315.3299560546875	70924.65625
150.10447044684182	254.63600158691406	70416.484375
293.05471464824416	385.9309997558594	70116.8046875
132.08990976156758	658.677001953125	69578.1171875
169.96894400555286	1335.9599609375	69203.28125
407.74545973754323	1342.3900146484375	68997.5859375
142.06307308341252	576.8200073242188	68711.890625
274.0801066996281	446.6719970703125	68648.9296875
209.94197057426612	1419.6800537109375	68413.34375
73.99978750574638	1399.25	67608.203125
259.9495670778397	1321.6700439453125	67419.7578125
188.104957481765	262.17498779296875	67034.296875
683.308272230996	222.3939971923828	66852.46875
141.01914572669443	638.5089721679688	66803.359375
117.07900280684633	573.073974609375	66431.6328125
179.98273076585573	1342.3900146484375	66333.03125
106.01508678975016	643.594970703125	66140.2421875
268.1510004940315	206.04800415039062	66003.765625
186.1256934864752	258.3810119628906	65663.1953125
180.0188342467745	335.39599609375	65540.359375
240.06718100241966	235.6179962158203	65500.1484375
130.04601921258575	485.8699951171875	65318.31640625
159.08960018781104	346.75799560546875	65199.40625
82.05259629249427	527.7119750976562	65132.91796875
210.16202080530027	231.69000244140625	65083.75
150.03173156964607	316.43701171875	65039.80078125
195.05311885164252	364.46600341796875	64735.48046875
110.05921907440693	412.4289855957031	64552.9140625
190.84483874961654	1337.199951171875	64392.35546875
223.87082993375512	1329.52001953125	64370.26171875
174.11168849504233	1030.3900146484375	64369.171875
236.1413374860003	229.0050048828125	63759.1328125
260.0895462761202	1433.5400390625	63308.859375
100.02704274881351	1399.25	62762.9140625
286.080187386132	406.12799072265625	62711.734375
104.08357247746737	351.8139953613281	62226.00390625
118.06304076863884	466.9939880371094	62166.421875
405.7480046504539	1334.719970703125	61660.01953125
315.93795064197553	1351.469970703125	61618.82421875
100.08860172195615	242.03500366210938	61568.42578125
410.1154564919832	250.8090057373047	61379.87890625
117.04261673899914	1399.25	61337.19140625
218.0371531942249	605.7730102539062	60992.89453125
146.1192585294131	253.38900756835938	60711.06640625
87.0397228665866	393.5260009765625	60659.0234375
102.04277196085486	1405.489990234375	60624.46875
209.1053184461388	245.81500244140625	60478.203125
198.12571015699575	250.8090057373047	60468.21484375
146.09430949806887	276.06201171875	60449.2890625
177.04602958556558	373.322998046875	59995.03125
136.01057258529073	289.8970031738281	59931.4921875
284.0855293523964	590.6439819335938	59795.1328125
536.5535919805724	204.7969970703125	59272.5546875
228.17273899778255	229.0050048828125	59271.74609375
228.80098070993586	565.5079956054688	59221.109375
411.4155488651897	204.7969970703125	59182.4765625
258.2197352784799	221.1490020751953	59123.15625
272.2715078847104	238.11199951171875	59114.1328125
147.9732318753175	1321.6700439453125	59072.65234375
152.06847695901	591.9310302734375	58859.81640625
250.0566262542319	446.6719970703125	57782.01953125
99.95606102745353	1410.8399658203125	57221.64453125
825.7325028810139	1321.6700439453125	57161.0
565.3517668682575	221.1490020751953	56957.00390625
158.02156448466562	586.89697265625	56866.078125
159.93268794439126	849.9739990234375	56837.7734375
186.87563879841062	1335.9599609375	56723.890625
184.10999899271266	262.17498779296875	56524.3515625
193.07400725762744	331.59698486328125	56281.859375
171.00037411269417	647.343994140625	56157.4921875
230.22463033656655	244.56700134277344	55939.6953125
190.9500934725325	1329.52001953125	55830.9453125
314.0859630589045	219.86399841308594	55681.10546875
199.12090397355746	303.8290100097656	55502.1171875
226.12066253725965	250.8090057373047	55481.140625
365.88033905131584	544.1259765625	55394.49609375
235.95214394843896	1324.3499755859375	55387.140625
110.03673566593152	458.156005859375	55345.75
325.3067351109504	207.29800415039062	55296.078125
159.061299875462	321.489990234375	55219.96875
450.44394733292535	206.04800415039062	55210.1796875
216.17270436139302	231.69000244140625	55181.96484375
141.99356405910555	513.8779907226562	54980.265625
104.03489307657499	1417.1300048828125	54884.63671875
289.9162181118631	604.5239868164062	54727.75
138.05915509974906	302.5360107421875	54616.21484375
419.16619788003385	253.38900756835938	54504.50390625
466.474934564801	203.54400634765625	54395.6875
101.01114458535135	1399.25	54391.0234375
258.18324016228826	213.6009979248047	54099.82421875
342.2772248503766	206.04800415039062	53988.59375
156.0787122819439	291.1910095214844	53969.8046875
216.84463246703584	549.1259765625	53876.69140625
177.028146620214	315.18499755859375	53832.3828125
134.93818611130024	1330.760009765625	53624.18359375
145.12100630510565	253.38900756835938	53449.28515625
376.0380513198203	312.6369934082031	52626.828125
152.0143610617029	385.9309997558594	52389.10546875
165.93591889917812	426.3290100097656	52231.94921875
173.99884854136704	267.22198486328125	52157.83984375
264.05128936687476	446.6719970703125	52039.43359375
114.06230363505031	500.9809875488281	51817.265625
356.0523086556698	312.6369934082031	51798.6796875
264.11103769073634	358.1199951171875	51710.94140625
238.0511631394478	283.6409912109375	51691.7890625
170.00790612336408	647.343994140625	51654.12890625
89.99494386588924	705.3909912109375	51537.68359375
251.1522218150876	234.3699951171875	51267.390625
139.06334668417182	436.4100036621094	51209.0703125
146.98613373692464	1319.1300048828125	50969.609375
288.0592887609585	551.6580200195312	50898.5234375
214.02277820015112	238.11199951171875	50861.30078125
123.04016357908723	458.156005859375	50627.7109375
117.01436375569678	552.9459838867188	50204.8203125
138.06808859165073	318.9429931640625	50106.34375
87.03162236420661	594.4650268554688	50102.87109375
243.220006572404	245.81500244140625	49552.46484375
245.07290542435516	503.6470031738281	48982.25
273.23868650200615	225.072998046875	48948.51171875
264.1045518475019	1109.3699951171875	48747.828125
194.06133025475629	234.3699951171875	48639.17578125
146.1055512299299	957.0139770507812	48558.38671875
124.05254408141687	1389.949951171875	48520.1484375
146.09433736744646	263.4679870605469	48479.67578125
469.8620373854508	1325.5999755859375	48419.30859375
480.4906884939786	204.7969970703125	48258.9765625
134.02158019313043	1400.5	48149.140625
210.94156183290903	605.7730102539062	48140.99609375
150.05276407594744	535.2949829101562	48116.7890625
146.12183555058039	253.38900756835938	47846.16015625
290.0751170030926	503.6470031738281	47566.82421875
372.1697444078176	239.35899353027344	47369.01171875
230.97901222896024	647.343994140625	47358.00390625
115.02692961013179	1346.2900390625	47159.49609375
138.0680801887492	263.4679870605469	47111.27734375
198.0627236752107	594.4650268554688	46991.546875
87.03161028871672	612.06201171875	46977.40625
132.07867433331498	345.5050048828125	46967.3671875
153.04269763855368	276.06201171875	46837.140625
147.97324357902647	1250.93994140625	46675.7421875
134.09434758045148	320.19500732421875	46453.7421875
87.00092640253756	1326.8499755859375	46068.0859375
128.0585755283681	404.87799072265625	46042.40234375
578.600263189879	203.54400634765625	45896.9140625
547.8315576707524	1323.0999755859375	45796.32421875
186.97866557579417	1324.3499755859375	45470.2890625
191.0559156868995	436.4100036621094	45294.4921875
284.19890438875296	222.3939971923828	45173.953125
125.99290339427385	643.594970703125	45069.78125
180.0787254159379	259.6300048828125	45029.53515625
134.05793792245177	372.0260009765625	44716.12109375
241.0337304210195	303.8290100097656	44260.671875
151.0494219090342	591.9310302734375	44093.10546875
78.04624085012028	598.2020263671875	43896.49609375
352.86770844913525	818.3170166015625	43593.73046875
77.01883960821078	379.5840148925781	43228.21484375
231.02028510812832	358.1199951171875	43223.65234375
370.38118899967225	229.0050048828125	43200.5
168.07870933143653	260.8810119628906	43051.859375
135.02490061633344	648.593017578125	43040.75390625
172.85510282583397	623.427001953125	43035.4296875
222.16209517311543	240.60400390625	42891.44921875
152.9731697862594	1329.52001953125	42680.328125
92.06220944102594	302.5360107421875	42567.3046875
100.93289273549925	223.8249969482422	41985.921875
196.04693543123477	661.2219848632812	41560.98828125
394.38142476762187	206.04800415039062	41493.24609375
192.13622998556167	279.8070068359375	41448.14453125
113.01940234711104	699.0479736328125	41003.85546875
141.92661107360706	628.4249877929688	40905.765625
281.12641756911967	207.29800415039062	40766.796875
180.0635017938391	534.0449829101562	39727.85546875
182.1055946797861	245.81500244140625	39727.53125
213.08261466758552	247.06300354003906	39310.328125
507.8381205402686	1439.9000244140625	39147.08203125
158.02141784441733	495.95098876953125	39110.81640625
342.11625671718235	665.0120239257812	38942.875
109.02889783191497	459.4070129394531	38885.2890625
288.1111042815447	425.0780029296875	38672.3828125
240.17274255116112	225.072998046875	38535.9375
418.8629846270194	1310.27001953125	38219.953125
508.52136571082343	206.04800415039062	38085.98046875
199.01179069117504	303.8290100097656	37914.54296875
186.91879376563423	1086.22998046875	37805.08203125
75.03954014654857	438.906005859375	37516.78515625
127.91236863506421	554.197021484375	37408.58203125
132.03087621959276	699.0479736328125	37098.92578125
126.0317072697369	161.8280029296875	37010.63671875
513.4026168392109	225.072998046875	36986.63671875
280.1708353623686	204.7969970703125	36843.66796875
245.24369925146434	240.60400390625	36712.4609375
373.0701468781225	310.0870056152344	36520.1640625
290.09424886095786	257.13299560546875	36503.7109375
194.02494678903398	283.6409912109375	36002.96484375
99.96300013644738	706.6439819335938	35914.8671875
208.9782576265021	675.10400390625	35785.76171875
412.4280179898559	225.072998046875	35638.4609375
265.167759239369	234.3699951171875	35636.9609375
148.07367931266646	354.3609924316406	35591.58984375
345.98486746907594	226.5070037841797	35589.0546875
168.0335366500626	598.2020263671875	35414.3515625
212.1050411773961	263.4679870605469	35090.5078125
154.0994430863548	264.718994140625	35052.7421875
300.03390455433896	229.0050048828125	34770.69921875
300.12090966338525	355.614013671875	34747.12109375
131.96456896608066	605.7730102539062	34683.70703125
278.0669452802335	403.62799072265625	34651.36328125
124.02730094058147	447.9219970703125	34475.16796875
427.0293352024809	624.6749877929688	34454.3125
404.02726775498417	269.7250061035156	34407.48046875
243.07449861130726	230.25399780273438	34267.83203125
214.0244995332474	541.5880126953125	34110.78125
302.2098444831092	225.072998046875	33604.84765625
159.94185201781957	704.1400146484375	33534.49609375
123.07967639678512	343.0	33525.0859375
172.12122556337465	356.8659973144531	33353.078125
84.05706379604263	399.78900146484375	33173.26953125
140.01122181545776	277.30999755859375	33105.27734375
222.05638888329636	233.1199951171875	33031.08203125
315.1474381968257	226.5070037841797	32955.78125
314.31876539999104	233.1199951171875	32774.7890625
136.03721662494004	535.2949829101562	31752.4921875
315.0367312340605	388.4339904785156	31722.8359375
280.0462356657778	503.6470031738281	31666.7265625
107.94649922479464	117.20899963378906	31486.62890625
383.38443639113746	206.04800415039062	31318.27734375
204.08996928590497	557.947021484375	31280.658203125
164.06867521012805	565.5079956054688	31130.43359375
142.0379242374414	1401.75	31104.8984375
136.97831395529977	311.38299560546875	31011.462890625
118.088016149554	282.3489990234375	30840.654296875
287.9973542939183	230.25399780273438	30613.7421875
124.0524748038399	384.67999267578125	30568.568359375
205.05055757783407	436.4100036621094	30397.697265625
236.17774556786463	632.218994140625	30349.705078125
931.6949699473766	1317.8800048828125	30222.375
177.99903425074925	495.95098876953125	29769.865234375
214.9712440368333	265.968994140625	29641.83203125
117.0507229849109	418.73199462890625	29541.48828125
75.99751683083602	343.0	29186.138671875
111.04325397748883	1401.75	29000.49609375
269.90876082804937	605.7730102539062	28858.1640625
418.9826936812984	1439.9000244140625	28711.25390625
162.12571243539116	313.9320068359375	28636.361328125
156.0728028613438	636.0089721679688	28597.478515625
160.1375844079742	236.86500549316406	28561.875
88.00183771539848	1323.0999755859375	28439.16015625
230.15186868378433	248.31199645996094	28351.357421875
165.0426711727563	289.8970031738281	28290.44921875
225.9136924034701	706.6439819335938	28275.3359375
296.14545004304836	204.7969970703125	27819.3984375
127.03818145839601	1403.0	27756.09375
157.014202491031	493.4540100097656	27754.74609375
133.03746743057332	1401.75	27616.92578125
172.01377216156968	608.27197265625	27370.58203125
250.7891930932951	1330.760009765625	26673.126953125
491.91970515090554	403.62799072265625	26542.91015625
266.0515221831132	504.89599609375	26461.212890625
523.8114445050596	705.3909912109375	26164.974609375
161.14974216601877	270.97698974609375	25429.8984375
187.04814087890844	443.9849853515625	25249.224609375
155.04434719043962	563.010009765625	25121.095703125
174.02938818664282	456.906005859375	24959.01171875
107.94650890382306	1319.1300048828125	24704.005859375
156.97021052106177	426.3290100097656	24563.74609375
291.095455302273	542.8770141601562	24559.134765625
218.04232940517832	605.7730102539062	23553.138671875
139.97773249526153	877.9099731445312	23489.984375
159.13404108603004	1401.75	22654.982421875
150.10439539192623	1036.760009765625	22006.177734375
228.06349342140652	1422.1800537109375	20258.318359375
116.05852560438657	1400.5	19824.0625
357.1789207910341	242.03500366210938	19817.296875
168.1515038991291	239.35899353027344	18925.673828125
252.17265532875933	235.6179962158203	18537.775390625
236.17764342775837	1063.530029296875	18426.537109375
311.1374639311857	1420.9300537109375	18369.00390625
187.96107534249015	1309.010009765625	18320.234375
104.07223607661274	336.6499938964844	16834.7890625
170.08088050854997	437.6570129394531	16061.9638671875
522.5373444559825	204.7969970703125	15971.1044921875
170.02175365333386	145.02099609375	15726.0302734375
120.07865720955544	442.7349853515625	15620.4482421875
247.12082684207155	264.718994140625	15526.6162109375
385.8834590867342	1439.9000244140625	15305.357421875
286.2144323910053	230.25399780273438	15182.033203125
140.03046122748125	292.4429931640625	14895.298828125
125.05579215250239	586.89697265625	14832.1318359375
150.0792190923492	303.8290100097656	14565.0947265625
355.0291196323899	387.1830139160156	14556.1015625
418.9829750906701	14.455599784851074	14054.5458984375
81.97079114125056	194.6790008544922	14041.44140625
93.0286504949362	344.25299072265625	13962.79296875
164.1202563839575	249.56199645996094	13880.10546875
138.05104127211513	509.89898681640625	13870.3974609375
90.03003634931493	194.6790008544922	13852.6650390625
379.8935230534687	1434.7900390625	13686.701171875
171.95255699083057	294.9880065917969	13538.890625
662.6946414951325	203.54400634765625	13530.8466796875
170.09439831835476	503.6470031738281	13307.685546875
117.90731877801582	1326.8499755859375	13274.0068359375
162.08936235978976	348.0119934082031	13271.4853515625
148.56070926571408	426.3290100097656	13208.587890625
312.30315568486384	1436.0899658203125	13196.0986328125
145.08195908739043	346.75799560546875	12739.5810546875
210.0165602793549	764.9869995117188	12388.1083984375
575.8271628509772	1314.0799560546875	11917.4482421875
157.91565018727607	981.3909912109375	11841.9130859375
159.06838451777753	273.56298828125	11445.3173828125
111.06846989563233	187.07000732421875	10947.9892578125
78.01975656861308	380.8370056152344	10222.583984375
245.12638674281476	518.8809814453125	9869.5810546875
143.0218361189761	372.0260009765625	9436.64453125
304.9100260447092	1292.1700439453125	8291.20703125
166.062995271001	1003.3499755859375	7803.544921875
541.8133704059437	1293.469970703125	6978.1435546875
142.03792498469116	1214.780029296875	6564.76220703125
647.7920650950824	1118.77001953125	5696.93115234375
