	RT	Std1_1in1000
95.98760354270809	1358.1400146484375	2.67289648E8
256.24033352428495	213.77000427246094	1.09294368E8
173.9651963356125	1354.1600341796875	6.7308984E7
115.94355639439354	1364.6099853515625	6.0178908E7
284.2715310418676	212.48300170898438	4.370218E7
117.94177456179298	1364.6099853515625	2.7372684E7
117.94176537013996	1381.4300537109375	2.4720092E7
257.2436832425823	215.01400756835938	1.9400822E7
136.05248575213554	303.32501220703125	1.6679467E7
77.9767742009712	1355.4000244140625	1.5920685E7
96.9871862615216	1354.1600341796875	1.4739599E7
97.984478795518	1358.1400146484375	1.1378465E7
233.932046877456	1354.1600341796875	1.0607269E7
256.24033237212325	1363.3699951171875	1.0323786E7
144.11502023523562	253.91799926757812	9528361.0
285.27488365582406	212.48300170898438	7908201.5
174.96478579922456	1358.1400146484375	6895942.0
204.8762668120521	1359.3800048828125	6873204.0
195.9131608623869	817.6320190429688	6734653.0
135.98045847030264	1351.5799560546875	6304497.0
206.87447899453164	1359.3800048828125	6084533.5
155.95472230855833	1356.8199462890625	6014206.5
141.99342988284062	1354.1600341796875	5706019.0
311.9095854370598	1358.1400146484375	5125447.0
158.13067778118017	239.8719940185547	5083134.0
215.84011408768453	1347.8299560546875	4899247.5
209.94197783463352	1352.9200439453125	4736992.5
284.2715595337829	1355.4000244140625	4640512.5
213.84214528767504	1347.8299560546875	4579623.0
175.96202203122564	1355.4000244140625	4351072.0
195.9131912445097	1352.9200439453125	4219231.5
200.1777280863958	223.07899475097656	4088300.75
116.08372034569378	285.47698974609375	4039063.25
407.9097606358695	1354.1600341796875	3970338.0
228.20908247214658	217.53900146484375	3760952.5
122.03680151657132	354.02899169921875	3716490.5
219.97074844193654	1352.9200439453125	3618944.5
311.90956027942883	1367.0899658203125	3460252.25
102.06791617038263	336.3450012207031	3260972.75
136.95237167764833	1362.030029296875	3207777.75
130.09943396954495	265.25799560546875	3108883.5
195.91318759852464	1364.6099853515625	2998644.75
195.91317806513118	1385.3299560546875	2723116.25
195.94722108457583	1354.1600341796875	2667894.25
329.9325093722705	1364.6099853515625	2597102.75
251.95504481155317	1364.6099853515625	2511496.0
97.99186899636375	1355.4000244140625	2486580.75
95.99996220143056	1376.25	2379629.75
242.224737221501	217.53900146484375	2353419.0
117.94178592966243	216.29400634765625	2333056.25
172.1464254853299	230.76400756835938	2315368.75
266.1551935439351	1363.3699951171875	2308847.25
195.91318393626383	1395.6800537109375	2283494.0
287.91927230519514	1352.9200439453125	2249516.75
173.97752284847877	1360.6199951171875	2245528.75
94.0415706673371	297.0260009765625	2237133.25
212.14134886552796	241.30299377441406	2206783.75
117.94177719695521	8.19579029083252	2176733.0
293.8989079833866	1355.4000244140625	2121197.5
156.11511006080974	238.62399291992188	2081550.625
195.87594066772752	1338.75	2062313.625
217.83770832994205	1346.4100341796875	2038690.75
257.24368099576594	1354.1600341796875	2036634.375
211.93897454780904	1352.9200439453125	2012313.5
172.00424251890956	1349.0699462890625	1971360.625
254.22468929129855	1360.6199951171875	1955159.625
371.876233298764	1355.4000244140625	1915896.75
155.95471950627515	1386.5799560546875	1897921.125
76.01547658904592	379.29998779296875	1875099.875
233.93203062919008	694.2210083007812	1868475.5
166.02661726505355	597.0780029296875	1862158.75
228.20909363914325	1359.3800048828125	1817520.0
117.93594963680938	1347.8299560546875	1783657.75
197.87415212926942	1334.8399658203125	1735187.25
284.2715627681725	1400.6700439453125	1724819.875
206.16711130441712	237.3769989013672	1667809.0
151.9697617807171	1333.5999755859375	1654025.625
195.87596025902891	22.380199432373047	1639535.125
234.93161955608474	1351.5799560546875	1619785.125
195.9131654825644	951.5859985351562	1603892.125
88.05204188071617	388.156005859375	1589874.5
117.93594512577283	1393.18994140625	1589037.875
195.8759633422729	84.69509887695312	1577735.25
257.24366555084157	1381.4300537109375	1563341.375
195.8759581371637	112.52100372314453	1542977.25
208.87270754786556	1363.3699951171875	1537580.625
236.96093824044064	1349.0699462890625	1537538.625
195.87595708823324	305.82598876953125	1507624.0
295.80717290922354	1364.6099853515625	1499899.625
95.99999954281186	1345.1700439453125	1494617.875
258.2470881252484	215.01400756835938	1492653.0
195.87595628370622	322.3900146484375	1490754.625
137.0557653976023	303.32501220703125	1486677.0
138.94784602922405	1363.3699951171875	1442166.5
195.87596263537603	361.59100341796875	1431744.375
195.87595450508093	374.24700927734375	1429671.875
195.87596039953723	134.07200622558594	1419250.125
197.87417071363535	27.44230079650879	1417534.625
116.94692311295088	1364.6099853515625	1405693.125
195.87595962578433	391.9150085449219	1405662.375
195.87595889556277	258.9169921875	1404057.0
86.03635793226815	395.7149963378906	1394763.125
197.87417285925062	112.52100372314453	1357947.5
197.87417006310432	304.57598876953125	1356490.875
266.1551854851635	204.9550018310547	1356343.875
304.7728588851761	1347.8299560546875	1343850.0
195.8759556357397	155.58200073242188	1325140.25
126.9074624732049	1332.1700439453125	1324215.25
197.87417306514917	383.10198974609375	1315254.375
197.87417676721978	89.7572021484375	1311433.625
195.91318379927603	1410.8699951171875	1295944.625
95.99997818119152	1404.6300048828125	1294852.875
293.8091313650729	1350.31005859375	1286157.25
197.87416883567587	258.9169921875	1270645.0
282.2559015589635	1359.3800048828125	1265771.125
197.87417501236044	362.885009765625	1254302.5
214.1934301721121	221.64599609375	1244712.0
195.87596134859257	410.875	1238020.125
273.8905404014322	823.9550170898438	1230450.5
233.9320304040186	751.4459838867188	1229797.25
197.87417368917062	154.3260040283203	1228639.375
197.87416809677393	140.38999938964844	1223767.375
175.96943355120138	1354.1600341796875	1202735.25
197.87417609048234	408.3710021972656	1187126.875
233.93202739107988	783.281982421875	1164198.0
174.96477367202004	705.5800170898438	1153555.875
196.9131583466984	817.6320190429688	1134776.625
130.0630496236243	376.7959899902344	1132762.375
197.87416882888533	180.89700317382812	1128928.375
242.2247609438501	1370.9300537109375	1115745.0
155.95471405477383	694.2210083007812	1106017.625
186.1620179374795	227.01499938964844	1088538.5
302.24589813806097	213.77000427246094	1080929.75
293.8091099615698	1363.3699951171875	1066081.875
129.04262916196097	487.885986328125	1065604.125
240.20912406873683	216.29400634765625	1054880.25
92.01062307197945	1307.6800537109375	1044763.5
215.84014152013916	412.1289978027344	1033482.4375
140.01435784843326	1359.3800048828125	1033237.25
282.25587973182354	1381.4300537109375	1031954.5625
148.03722118445918	585.708984375	1022566.0625
134.02154932337808	650.0679931640625	1017731.25
326.19182283845237	1363.3699951171875	1012365.25
74.03618713185641	439.9259948730469	1009723.875
204.876267182468	23.634899139404297	1006434.9375
147.97330051454765	1347.8299560546875	1000440.625
196.05834839748135	595.7839965820312	997556.8125
213.8421561661004	465.1629943847656	996207.1875
235.92887473511254	1355.4000244140625	988246.0
197.8741687130633	431.0820007324219	988207.5
206.8744839527038	215.01400756835938	985660.375
204.8762644753049	217.53900146484375	970464.375
249.08735885940533	1352.9200439453125	967774.625
198.16206084373835	223.07899475097656	961416.0
312.90908202318025	1354.1600341796875	956014.4375
312.1762446939825	1355.4000244140625	950451.3125
204.87626351059612	144.19900512695312	947754.9375
285.2748804922452	1359.3800048828125	922864.375
213.84216053561533	385.60699462890625	914534.8125
133.8751567977866	605.8619995117188	914420.25
270.21965740464475	216.29400634765625	913388.0
393.8706118273967	1358.1400146484375	912903.0625
206.8397201974296	462.62200927734375	912064.0
233.9320250749489	874.6859741210938	904769.125
191.96236155376616	1324.469970703125	900623.75
213.84215576828254	433.6260070800781	892507.125
78.97635478612092	1354.1600341796875	888467.3125
213.8421530407755	490.38800048828125	887127.3125
206.87448839152034	24.889999389648438	879149.5
204.8762684746914	1439.9200439453125	878814.25
306.7707974632012	1347.8299560546875	878304.625
314.938471961131	1349.0699462890625	874296.5
179.97025856582607	1356.8199462890625	873448.5
286.27817272015733	211.23899841308594	848263.8125
195.91315955151308	1021.5399780273438	844604.9375
195.91315907804113	1201.7099609375	842539.875
233.93202411917895	910.4359741210938	840109.125
195.9131579432943	1250.8800048828125	838819.375
197.87416982350803	465.1629943847656	834979.625
155.95471903854707	634.8809814453125	834838.25
195.91316020504732	1137.6199951171875	833947.8125
206.83969810199068	496.72601318359375	831277.5625
206.83971203730567	424.7770080566406	827013.625
155.95470965664697	743.8729858398438	824048.3125
408.9092909960471	1358.1400146484375	822919.4375
97.97671625074096	1367.0899658203125	821330.9375
204.84172777962007	457.6180114746094	820701.1875
204.84172235663434	472.74798583984375	820431.4375
206.8396977769839	1336.0799560546875	810048.375
302.7748443329077	1347.8299560546875	809459.1875
204.87626478565096	302.0329895019531	803677.1875
282.2558679873092	1388.0	799742.875
195.91315432746367	1086.4300537109375	798181.25
146.99087559195922	212.48300170898438	797885.625
204.84171368788864	491.6400146484375	797487.1875
145.11840634390322	255.16700744628906	796058.5
204.84169770643018	1333.5999755859375	795070.4375
175.96201153999723	705.5800170898438	788404.4375
118.94513764199245	1365.8499755859375	783516.3125
204.8417105440433	507.14898681640625	779769.4375
233.93201909631492	960.6389770507812	779020.625
104.01082841999283	643.7239990234375	775897.0625
200.17771924381293	1352.9200439453125	775857.125
174.01642977043457	699.3189697265625	770181.25
201.95232397608598	1354.1600341796875	770073.625
161.08411254410063	1381.4300537109375	769699.0625
213.84214938229672	217.53900146484375	764204.9375
270.2559077667891	212.48300170898438	762707.875
213.8421575017858	323.68499755859375	762702.375
195.9131617938102	1191.3699951171875	761283.5
297.80542045460413	1363.3699951171875	753831.8125
293.89892973461957	1377.489990234375	749683.625
195.9131757283815	571.8779907226562	745662.9375
213.8421448408923	304.57598876953125	743188.0
204.87625941276374	367.9410095214844	735017.1875
310.18163526911644	1359.3800048828125	728296.4375
206.83972078721746	532.6580200195312	727029.25
146.99087072954146	98.62930297851562	719554.3125
146.9908695213409	80.88829803466797	718021.8125
340.20733877008655	1354.1600341796875	715338.4375
297.80541666244994	1351.5799560546875	714840.5
206.83972967295446	371.70001220703125	713404.75
146.99086947751942	305.82598876953125	711150.6875
116.01095203074627	554.2169799804688	709042.5625
257.0935051686422	1369.68994140625	709009.75
155.9547215314864	617.2420043945312	704295.0
213.8421457532726	541.635009765625	701850.25
206.8744957271385	337.5979919433594	693996.5
206.87448413308132	304.57598876953125	693968.4375
123.99528083067081	1370.9300537109375	692317.0625
133.87515359253726	563.0479736328125	688781.0625
146.99086833888032	238.62399291992188	688266.6875
206.8744899035819	351.4779968261719	687483.25
146.99087278641088	126.4990005493164	685794.75
273.8905493519581	1349.0699462890625	685044.0
169.98036293416004	1317.989990234375	684881.25
146.9908711938925	146.75399780273438	683705.4375
204.8417145317281	546.677978515625	683256.25
213.84215307769355	258.9169921875	680577.625
146.99086647243954	57.8489990234375	677085.1875
146.99086943298698	192.27699279785156	668941.375
133.87515690982787	510.9010009765625	668036.625
163.97538059102783	1359.3800048828125	666739.5625
146.99086841318714	33.7577018737793	665283.0
173.9775498892953	1408.3800048828125	662844.25
174.96476736352423	961.8989868164062	662048.875
313.9063094502439	1359.3800048828125	659114.125
157.9623144001236	1355.4000244140625	653761.75
117.96984551480992	1354.1600341796875	651533.4375
174.9647677583118	900.1309814453125	649641.5625
206.83971235945492	560.5479736328125	648687.8125
146.9908724097261	394.4620056152344	648056.125
254.15195750649633	232.1999969482422	646091.75
215.84013811391486	603.3619995117188	645357.5625
146.990877631441	410.875	644754.5
146.9908719046995	361.59100341796875	643492.4375
213.84215657273006	134.07200622558594	641210.0
204.84172150483582	305.82598876953125	640561.625
289.9162565008269	1351.5799560546875	640223.5
294.1867271925899	1355.4000244140625	639634.4375
196.91319068884926	1355.4000244140625	637676.3125
146.99087882780276	327.48699951171875	636404.3125
204.84171234462605	556.7589721679688	633716.8125
295.77240102237084	1339.989990234375	633001.4375
174.96477811483047	832.8359985351562	632799.1875
206.83973325704343	329.9930114746094	629794.5625
204.8417060287521	579.4619750976562	623349.6875
270.2559450623918	1365.8499755859375	622019.375
175.96202422712972	661.4130249023438	618635.3125
79.97364917084751	1355.4000244140625	617625.5625
174.96477885748453	862.0139770507812	617477.5625
118.9359865228782	822.7000122070312	610715.3125
155.95471187793493	892.4860229492188	608676.875
204.84173077572487	335.0480041503906	608448.5625
156.95435244245576	1355.4000244140625	606239.1875
698.2996390147254	223.07899475097656	599438.625
175.96201236789685	759.0609741210938	590406.3125
127.02451332065321	260.1669921875	589381.6875
197.87416278067928	514.6909790039062	586295.3125
286.80684028128985	1338.75	584979.25
382.21063646639243	1389.239990234375	584201.3125
354.20781307764753	1362.030029296875	583629.0625
206.8397229136656	615.947998046875	578045.25
195.8759516213532	541.635009765625	574606.1875
139.0269605294018	1349.0699462890625	573942.375
257.09344907292973	1364.6099853515625	572626.125
289.0652428584566	1368.449951171875	568685.8125
330.277205067561	213.77000427246094	562786.8125
175.96202768182854	637.426025390625	561046.9375
255.914015411743	1356.8199462890625	559721.5
201.0274298075395	220.21600341796875	559345.0625
174.96477077030463	989.39501953125	558342.125
96.99178535714286	1356.8199462890625	555921.0
409.90629517507426	1358.1400146484375	553855.4375
206.87449255270093	393.2099914550781	548002.5
229.212258403056	218.97000122070312	545968.9375
155.96715410427	1362.030029296875	544258.875
170.02158143134966	1382.8499755859375	541435.375
76.01547763848431	1438.6600341796875	539607.6875
207.05415090299465	1372.3499755859375	535298.75
170.0215586602751	1364.6099853515625	533261.25
91.97830065628993	1278.1300048828125	518708.625
206.83971118717605	637.426025390625	517230.3125
382.21048242854306	1351.5799560546875	514479.125
204.84172885531675	260.1669921875	513714.9375
146.99087011676474	461.3710021972656	511804.25
282.2559677096025	212.48300170898438	508442.6875
204.84171510806783	623.5380249023438	504154.625
206.83975084273072	196.1280059814453	501430.9375
312.30296950717076	209.9949951171875	496870.75
201.1810662941974	223.07899475097656	496018.4375
153.98543007012094	1321.7900390625	495182.78125
207.05418027776685	1395.6800537109375	494570.59375
159.13406234091778	238.62399291992188	489563.46875
206.83972675811023	175.83599853515625	485923.78125
204.84173179727404	112.52100372314453	485885.5
195.87594685600902	631.1270141601562	484700.90625
158.9964278291886	1356.8199462890625	484399.84375
279.93744869532367	1359.3800048828125	478165.5
206.83972121320838	149.26400756835938	477315.15625
326.3186841198205	209.9949951171875	476179.5625
330.9320641492631	1359.3800048828125	473666.65625
372.8756179520019	1355.4000244140625	472197.9375
224.805614305418	1334.8399658203125	472032.9375
97.96712194693829	708.1710205078125	471472.65625
273.890552653029	887.4080200195312	470915.9375
243.22809458391163	216.29400634765625	470802.1875
134.07319906421077	1367.0899658203125	466612.9375
204.84172491385772	646.27099609375	466331.8125
294.898474357445	1358.1400146484375	466059.84375
91.97830262792641	830.323974609375	464037.9375
235.92887036919254	1385.3299560546875	456721.375
241.95278991903336	1355.4000244140625	455915.1875
365.8964738688256	1351.5799560546875	455676.4375
91.9783036654727	1027.9000244140625	449435.59375
204.84173320527373	140.38999938964844	448475.6875
91.97830411700292	896.3079833984375	448010.46875
175.96201488987367	909.176025390625	447815.15625
91.97830242553447	915.6599731445312	447555.625
169.05745689680907	1372.3499755859375	447505.84375
169.07392472616792	436.1719970703125	447049.75
146.99086745762222	476.5469970703125	442857.03125
284.80854337232563	1338.75	442141.34375
252.1032136433429	213.77000427246094	438363.90625
135.98045933102625	1415.949951171875	437773.4375
224.80564843900171	605.8619995117188	436924.40625
116.94063790097344	1381.4300537109375	436401.375
206.83971762909954	71.8760986328125	435482.09375
175.9620223012788	882.3289794921875	435398.34375
204.841735916033	80.88829803466797	434640.46875
207.0541861790903	1364.6099853515625	432398.90625
133.87515442161322	1339.989990234375	432333.09375
91.97830426670468	724.552978515625	431903.59375
210.94158829180475	1351.5799560546875	430506.0625
255.22809795188155	1360.6199951171875	427219.53125
251.04405393659945	1384.0899658203125	427204.71875
91.978303258816	791.052001953125	426668.09375
280.24024967968785	1354.1600341796875	425724.75
298.16043286146305	1363.3699951171875	424702.625
175.96200783171335	961.8989868164062	424055.71875
122.03679824900739	597.0780029296875	423467.96875
195.8759533234934	623.5380249023438	422232.46875
217.83773991648047	443.7229919433594	421749.03125
220.9703128873528	1354.1600341796875	418965.28125
91.97830494143884	675.2659912109375	417287.53125
273.8905980207032	1373.77001953125	415746.375
298.25100528281473	213.77000427246094	415392.5
116.04735661012015	420.97900390625	413080.5
91.97830972403015	658.9110107421875	412248.375
148.03723362158993	1359.3800048828125	409263.90625
100.05223205446703	357.8320007324219	409098.25
199.87236896970336	1341.27001953125	408149.90625
170.0215711823503	1347.8299560546875	407905.34375
235.9400605650513	1351.5799560546875	406723.875
91.97830537319555	784.5380249023438	405387.09375
118.02663722490173	621.0349731445312	404508.125
161.08411265642195	1422.25	403779.84375
201.97267831918347	1364.6099853515625	403399.71875
485.88667298099324	1354.1600341796875	402339.09375
297.77036367271756	1339.989990234375	395973.875
233.94428635743864	1356.8199462890625	395221.9375
294.18309758397197	220.21600341796875	395192.25
217.83774153503492	380.5530090332031	394388.25
155.9547123655939	1031.739990234375	392879.15625
156.0171806746226	494.1809997558594	391609.78125
134.0732031194534	1386.5799560546875	391046.5
295.89565888664436	1358.1400146484375	389030.75
373.87304822863126	1355.4000244140625	388594.625
193.91869322335606	830.323974609375	387571.6875
137.99868472468077	1350.31005859375	386928.84375
195.87596826727736	1376.25	386296.65625
195.87594219953806	738.6690063476562	383903.8125
204.84173690451297	47.72719955444336	380398.09375
268.24019823840234	1359.3800048828125	379389.5
293.7745726694884	1339.989990234375	378034.03125
236.07200341529094	221.64599609375	376147.9375
206.839702360609	682.864013671875	373048.5
251.043953220921	1352.9200439453125	371689.0625
147.97326698317613	1332.1700439453125	370118.96875
213.84214001274498	651.3189697265625	369650.46875
280.2402481207519	1381.4300537109375	366715.46875
123.98287112739571	1354.1600341796875	366315.59375
384.7399274425155	1351.5799560546875	364164.375
204.84170553370723	695.4730224609375	363811.28125
97.99187353414415	1413.449951171875	359752.78125
121.97958688999427	1384.0899658203125	359560.34375
139.9777737870858	1364.6099853515625	358648.53125
146.13070341022126	276.6210021972656	357512.90625
272.235182948498	223.07899475097656	356546.84375
222.8078848139641	1336.0799560546875	356526.59375
197.87415923450922	706.875	355860.40625
195.8759705544531	1438.6600341796875	355270.03125
228.20910385074686	1398.1700439453125	355232.90625
338.21305840836897	1352.9200439453125	355081.3125
199.8723954459042	14.476499557495117	354794.3125
126.04291499728583	405.822998046875	352580.9375
199.87239472836677	216.29400634765625	351927.375
175.9694464110711	1382.8499755859375	347107.59375
100.05223180956433	267.760986328125	344863.875
196.94681423115472	1354.1600341796875	343864.125
142.9929212485981	1355.4000244140625	343569.4375
134.07320431210894	1358.1400146484375	343568.5625
221.96760844298	1352.9200439453125	342929.34375
130.0266541541319	700.5709838867188	341872.0625
251.0440350354504	1401.949951171875	340390.125
229.2123510895084	1362.030029296875	338955.125
207.0541743179651	1413.449951171875	337432.28125
255.92643937187574	1346.4100341796875	335001.0
267.1586181911364	1356.8199462890625	334627.90625
129.9878522554981	1320.489990234375	331685.9375
233.93201520839582	1198.989990234375	328578.75
222.80788696450358	604.6110229492188	326423.34375
174.96476647344028	1254.9000244140625	325060.5
315.8934962347661	1368.449951171875	324618.0625
208.83743256703153	1334.8399658203125	324167.21875
125.99046819934016	1329.6400146484375	323923.28125
133.87514825467386	665.1690063476562	321728.84375
157.95039855706182	1312.7900390625	321282.84375
193.91871699115143	1351.5799560546875	320351.40625
204.84169857241224	704.3280029296875	319711.0
133.8751519370038	677.85498046875	318701.21875
233.93202062604237	1266.3499755859375	318315.09375
208.83742266209455	365.3909912109375	314822.59375
146.99086542362548	519.8800048828125	314628.1875
155.95470099362194	1195.1600341796875	313148.0625
194.04267376397254	663.9169921875	312054.53125
109.0138911712061	1338.75	311460.78125
136.97996464623694	1363.3699951171875	309289.84375
257.93413821821275	1321.7900390625	308800.5625
121.97958519529418	1338.75	306644.53125
219.9707465787009	677.85498046875	305781.1875
195.87595822341743	1412.1600341796875	303647.8125
240.2090904580348	1358.1400146484375	301930.34375
115.94135324444538	823.9550170898438	301636.0
207.8778959756005	1351.5799560546875	300284.90625
431.8426083049223	1354.1600341796875	298952.375
127.9123265547004	1356.8199462890625	298127.4375
222.80788875555015	479.0480041503906	297965.8125
368.3655199293934	209.9949951171875	297568.09375
140.94545954784294	1359.3800048828125	297183.90625
324.30305678668367	208.74899291992188	296449.90625
172.11004440241203	260.1669921875	296070.53125
393.70578971307395	1346.4100341796875	295922.96875
99.03177656044524	1364.6099853515625	295419.46875
315.893391522809	1381.4300537109375	294320.15625
365.27810417288333	37.564701080322266	294162.78125
219.83547101505252	1338.75	293814.9375
139.02696448603217	291.7869873046875	293643.46875
226.19341142214907	1354.1600341796875	292165.90625
207.05412158709152	1349.0699462890625	291175.5625
197.91081568682515	1352.9200439453125	290813.25
146.9908444389695	1346.4100341796875	290110.5625
302.2458770414283	1354.1600341796875	289538.8125
219.9707389836368	733.6090087890625	289531.875
204.841691559456	737.4149780273438	289266.5
225.88517583027627	1341.27001953125	287467.59375
298.2872126329861	209.9949951171875	287254.5625
233.93202000765356	1180.8199462890625	286834.0625
274.89041080577164	815.0780029296875	286384.6875
331.92929441636505	1367.0899658203125	284724.71875
195.9596149513952	1346.4100341796875	284258.53125
129.9878719931796	1338.75	283229.71875
123.04015968984403	354.02899169921875	282738.34375
213.14471576955975	239.8719940185547	282474.9375
155.95470572415755	1223.699951171875	281301.625
201.9602180167864	1354.1600341796875	280858.25
160.14637523413032	270.26800537109375	280685.78125
133.87515897124038	212.48300170898438	279222.1875
97.97683423036406	604.6110229492188	278150.75
156.0092515044326	1351.5799560546875	275939.71875
315.89362228942446	1347.8299560546875	275328.4375
117.08708180855109	286.73199462890625	275019.84375
79.97364078356424	1385.3299560546875	274096.03125
136.05248451783805	245.08599853515625	273997.28125
282.2559241484398	1433.6500244140625	273280.78125
268.24021060459035	1382.8499755859375	272867.375
288.8050287343616	1342.510009765625	271636.8125
76.01546629627595	1356.8199462890625	271285.15625
128.04736138635954	399.51800537109375	269810.21875
205.87966121632599	1359.3800048828125	269327.46875
284.8085428713756	432.3340148925781	265727.96875
216.06350194141038	1359.3800048828125	264732.9375
173.14978801975897	232.1999969482422	264025.34375
155.9547163827919	1167.8900146484375	263705.46875
386.1858528658084	239.8719940185547	263420.0
217.83771522578678	607.156005859375	261615.640625
146.99085792353912	552.968017578125	261527.828125
283.2592377058412	1363.3699951171875	261518.21875
176.9616338984703	1355.4000244140625	260863.59375
330.27716471629594	1354.1600341796875	260618.453125
219.9707361939575	986.68798828125	260550.640625
286.8068355020436	131.5189971923828	259357.34375
226.80328842842297	603.3619995117188	258760.078125
219.97072458202382	934.8759765625	258186.59375
197.87415981880594	782.0260009765625	257583.671875
243.22806103512556	1359.3800048828125	257521.65625
219.97072603771352	915.6599731445312	256438.703125
150.00818564810416	336.3450012207031	256247.75
112.02728893179696	446.2699890136719	255679.59375
219.97074165114702	967.1690063476562	253263.15625
133.87515742479903	375.5	252933.84375
133.87515609624026	701.822998046875	252515.859375
255.8893355841561	1352.9200439453125	252214.203125
188.01438254199314	242.5500030517578	251176.65625
138.04291833656643	1343.9300537109375	250973.515625
116.94693017527219	1434.9000244140625	250927.8125
244.24020083550033	241.30299377441406	247247.4375
271.2592166367148	213.77000427246094	247179.25
157.00438254849172	1359.3800048828125	246942.078125
233.93202041364046	1152.18994140625	246749.96875
135.8723531895063	1334.8399658203125	246152.53125
147.97328702347806	508.3999938964844	245914.28125
219.97074821984236	794.8200073242188	245441.125
386.73815850358983	1350.31005859375	245089.984375
137.87052220792785	603.3619995117188	244460.265625
699.3030416674	223.07899475097656	244077.9375
226.80324987300094	1339.989990234375	243988.75
143.99030997418132	1354.1600341796875	242069.203125
219.9707325689763	831.5789794921875	239218.640625
100.01585785005047	370.4460144042969	238444.90625
119.97351730897986	1266.3499755859375	237567.71875
151.97795934369833	1354.1600341796875	236051.28125
157.95045206529224	691.7169799804688	234658.34375
192.02718565311775	1356.8199462890625	233095.453125
308.7687436251236	1347.8299560546875	232929.046875
255.92650712910114	1376.25	231971.734375
266.155210598929	1434.9000244140625	231075.15625
182.07921110425386	615.947998046875	230334.921875
219.97072662866626	1000.8400268554688	230213.515625
170.85693442856817	1349.0699462890625	229918.703125
175.9620091542205	1174.260009765625	229670.96875
313.73849657376087	1347.8299560546875	229419.6875
219.9707364532886	859.4970092773438	229332.171875
219.97073917411302	878.5499877929688	229304.5625
209.94198272388772	604.6110229492188	229066.5625
135.9928685744343	1339.989990234375	228698.90625
131.10271315496885	266.5090026855469	228528.34375
208.87273951954612	215.01400756835938	227452.921875
195.94720316902274	1423.5400390625	227087.671875
137.97725635048548	1358.1400146484375	227034.46875
142.93105004156135	225.57899475097656	225650.5
156.07871725855009	262.7550048828125	225573.625
122.00377916531885	270.26800537109375	225377.625
207.170423202446	236.1300048828125	224225.734375
157.95041354120508	762.8709716796875	223946.890625
92.029046471856	345.1629943847656	223165.625
302.24586230309444	1373.77001953125	222978.796875
175.9620154203346	1222.4000244140625	222952.078125
257.2436606461434	1438.6600341796875	222652.203125
144.0786476590129	350.2229919433594	222614.09375
208.8727181356431	234.8820037841797	221882.703125
79.92564835316288	1349.0699462890625	221657.96875
240.13646892426883	216.29400634765625	221472.5
185.06887247164815	1372.3499755859375	221042.078125
486.1411763798407	1367.0899658203125	218637.0
441.8678507705052	46.430301666259766	217822.734375
112.02727462685878	494.1809997558594	217627.5
157.95044685340739	615.947998046875	216291.203125
219.97075096640185	644.9749755859375	215735.921875
157.95040059188142	960.6389770507812	214049.65625
118.0630250714042	374.24700927734375	213942.296875
175.01174364043572	243.83900451660156	213685.09375
271.2229372678425	217.53900146484375	213053.6875
133.87516014263434	361.59100341796875	212665.4375
208.87271184349382	18.616300582885742	211131.703125
441.86784621427336	132.81700134277344	210169.578125
441.86780844025856	211.23899841308594	210099.015625
441.8679086331041	93.56580352783203	209352.765625
133.87516489634228	326.2340087890625	209294.453125
103.07129249518131	335.0480041503906	208139.703125
97.9952917093435	1336.0799560546875	207530.390625
157.11837096536976	237.3769989013672	207096.515625
441.8678889374848	103.69300079345703	206228.5
127.91231014715964	1381.4300537109375	205859.328125
209.07229910517484	388.156005859375	205579.984375
398.2337706188991	1367.0899658203125	205111.421875
333.90370764806795	1350.31005859375	205088.703125
184.14635688040227	227.01499938964844	204659.953125
273.89059298605105	1413.449951171875	203765.046875
219.97072300070195	1020.22998046875	202999.703125
445.20582133207927	1346.4100341796875	202966.890625
133.875146891728	304.57598876953125	202011.3125
226.1934478918709	215.01400756835938	201660.578125
137.94385412068846	1364.6099853515625	201226.0
122.00377162766135	87.24759674072266	201196.65625
122.00376886101041	47.72719955444336	201049.0
177.94329343644574	1364.6099853515625	200585.59375
95.04494292546627	298.27801513671875	200015.859375
214.0631185698372	304.57598876953125	199728.296875
441.8679467107686	11.964699745178223	198791.578125
208.87271347937522	177.13400268554688	198778.859375
122.00376831457196	208.74899291992188	196818.328125
155.95471433569017	564.2979736328125	196404.015625
119.01636421883077	1382.8499755859375	196401.421875
343.14201851177575	1349.0699462890625	196075.765625
418.16305481738937	256.4159851074219	195769.515625
160.10998554531915	303.32501220703125	195467.21875
117.96982264084951	1376.25	195214.859375
135.0545655423222	499.22900390625	194369.203125
440.12035353107035	1370.9300537109375	193908.890625
219.9707217998963	1031.739990234375	193017.921875
130.02665084357906	542.885009765625	192037.203125
137.8705291805069	565.5490112304688	191529.59375
240.13639718853707	229.51499938964844	191418.203125
171.08962577911976	379.29998779296875	191285.671875
208.87270475049516	204.9550018310547	189915.140625
208.87271763978046	322.3900146484375	189301.84375
441.86789931262473	179.64300537109375	189087.46875
295.142205371647	206.25100708007812	187997.34375
382.74135170541587	1347.8299560546875	187923.28125
174.97719881953142	1363.3699951171875	187409.34375
111.03203649878887	1364.6099853515625	187112.40625
441.8678282074144	155.58200073242188	186836.28125
220.18282227982792	1367.0899658203125	186481.21875
135.87218583704535	675.2659912109375	186479.5
268.2403535159822	212.48300170898438	185917.671875
208.87271418908452	264.0060119628906	184643.828125
102.98799296578956	1339.989990234375	184482.703125
192.02723407868208	1365.8499755859375	183650.6875
208.87269008318444	1438.6600341796875	183367.1875
123.03207845162731	409.62298583984375	183159.828125
136.03723532628143	554.2169799804688	183051.1875
215.05844291140804	248.8350067138672	182422.625
267.15875900464414	206.25100708007812	182380.15625
253.95198477943325	1384.0899658203125	181775.453125
122.00376966008706	123.94400024414062	180310.21875
122.00377582313078	18.616300582885742	180271.265625
138.0317413281232	1347.8299560546875	179893.953125
157.9514563512294	1381.4300537109375	179681.8125
168.85884842044956	1333.5999755859375	178519.75
219.9707244672975	1195.1600341796875	178223.859375
81.92363396344925	1347.8299560546875	177747.640625
213.8421508624642	1412.1600341796875	177569.078125
395.703282800632	1346.4100341796875	176761.09375
202.193467095014	252.6269989013672	175821.34375
215.19675029081145	220.21600341796875	175417.109375
167.02998940836554	597.0780029296875	175286.234375
73.99980373358204	446.2699890136719	174706.75
333.9039668126048	1376.25	172897.03125
179.05831352143397	354.02899169921875	172896.5625
166.04819853720366	258.9169921875	172206.828125
219.97073323277914	1270.3199462890625	172025.1875
122.00374026697392	1405.8800048828125	171998.15625
119.93415861645121	818.9329833984375	171845.375
144.92291368886418	236.1300048828125	171572.390625
219.9707389487612	1173.0	171150.078125
303.24942232304073	213.77000427246094	170108.0
119.9735219914043	1031.739990234375	169965.765625
164.0474556632634	433.6260070800781	169763.5
340.33429319404746	209.9949951171875	169477.28125
128.08376020619767	267.760986328125	169411.390625
115.0633242630091	581.9600219726562	167591.828125
122.00377587565619	59.102699279785156	167422.734375
135.98045266577165	692.969970703125	166977.671875
179.88107098388437	1337.3199462890625	166327.34375
280.2402130483854	1409.6199951171875	166234.265625
219.970725540405	1214.77001953125	165900.953125
171.08961737536129	390.6619873046875	165123.046875
170.13073122290876	232.1999969482422	164413.34375
135.98044785414257	665.1690063476562	164358.8125
157.9623149216719	1395.6800537109375	162550.734375
186.08927764504597	267.760986328125	162372.65625
202.0479113258981	321.1369934082031	160913.28125
119.97352153390415	1074.3199462890625	160719.125
122.00376634537956	136.62600708007812	160167.875
122.00376839272587	155.58200073242188	159818.90625
113.05892005989527	499.22900390625	159043.65625
229.21232769773178	1382.8499755859375	158975.4375
114.06811026239646	265.25799560546875	158865.140625
119.05829038928346	622.2860107421875	158587.6875
294.8983926180637	1385.3299560546875	157863.109375
250.15693200664202	207.50100708007812	157660.234375
384.70532404876764	1338.75	157618.28125
266.15525275958214	19.871200561523438	157205.890625
201.96470039878147	1338.75	155511.03125
111.03204046299581	1427.300048828125	155102.4375
219.9707395833826	612.197998046875	154907.765625
119.97352686561875	989.39501953125	154885.171875
166.0482031156051	230.76400756835938	153454.15625
181.8792767580718	1339.989990234375	153331.671875
233.9320269794348	1103.8299560546875	152461.15625
410.41251447674375	206.25100708007812	152413.046875
235.9399158564466	1395.6800537109375	150674.296875
313.90646200373305	1381.4300537109375	150468.171875
242.09022766211368	405.822998046875	149726.390625
133.87516101237767	136.62600708007812	149486.15625
216.8444825755591	1347.8299560546875	149355.25
356.17540416575747	238.62399291992188	148744.15625
241.212556552496	216.29400634765625	148420.796875
219.95723800355023	1319.239990234375	148116.59375
134.01347853687574	291.7869873046875	148083.53125
181.04099329049987	271.5639953613281	147792.875
214.19339755643009	1354.1600341796875	147648.0625
111.03205367194572	1410.8699951171875	147316.171875
119.97352543184506	915.6599731445312	147301.25
119.97351785925996	892.4860229492188	146026.3125
367.042538661029	1354.1600341796875	145680.96875
169.0045936791541	647.52197265625	145415.71875
242.22473622715225	1439.9200439453125	145091.671875
100.05222426815816	241.30299377441406	144721.515625
294.1868063605996	203.70199584960938	143607.921875
101.01113038580127	447.52099609375	142645.96875
266.1552667930879	108.75499725341797	141687.75
142.09943598308635	246.3350067138672	141655.203125
285.27492601850037	1437.4100341796875	141383.15625
348.89320890165465	1324.469970703125	141045.984375
219.9707342914805	1154.9200439453125	140961.09375
219.97074609851506	1059.3699951171875	139403.03125
166.048189446793	216.29400634765625	138381.390625
354.3500920956261	208.74899291992188	138182.765625
210.10221113593096	230.76400756835938	137198.640625
119.97352997603474	854.375	136398.8125
133.8751518004887	120.13600158691406	136162.671875
266.15524465266867	73.31590270996094	136135.65625
228.13629739088273	237.3769989013672	135521.15625
166.04781286648708	585.708984375	134952.1875
98.03656228364815	313.572998046875	134454.203125
146.1307051746795	1337.3199462890625	133861.15625
314.81807144716913	1343.9300537109375	133224.96875
119.97352428262694	832.8359985351562	132560.984375
419.19442444102106	1380.1500244140625	132002.421875
187.16533293265067	227.01499938964844	131872.609375
214.15701979994176	239.8719940185547	131062.78125
300.2665289008315	220.21600341796875	130655.6015625
368.8893537984646	1320.489990234375	130464.3359375
112.0524267335067	215.01400756835938	130412.828125
223.92225194573842	1314.050048828125	130169.9453125
440.1202956901459	1356.8199462890625	128254.453125
119.97350851239285	812.5659790039062	128226.171875
162.08747475261612	1386.5799560546875	127891.7734375
243.18362983853078	252.6269989013672	127137.546875
147.9156922806437	1376.25	126984.1015625
133.87516171505737	757.8060302734375	126233.6875
266.1552538380948	161.9010009765625	126029.5625
351.8681090359083	1347.8299560546875	125519.4140625
168.0613685553596	1385.3299560546875	125189.078125
135.9685215234463	685.3690185546875	124767.734375
102.98799613226687	510.9010009765625	123590.8828125
232.12125520653908	277.87298583984375	123028.3671875
146.05791558828673	1377.489990234375	122743.15625
199.1653749235525	223.07899475097656	122684.1171875
137.8703596970071	1328.3900146484375	121165.0625
452.459719316328	204.9550018310547	121098.21875
173.9999307519941	1349.0699462890625	120591.7109375
391.7075141215439	1339.989990234375	120517.1640625
135.96852243871257	793.5650024414062	120424.578125
382.3812413967443	206.25100708007812	119973.890625
179.82258216918447	1345.1700439453125	119714.4296875
366.34989805448316	208.74899291992188	119484.765625
165.0097155451037	442.42999267578125	118862.359375
170.02158199939706	858.239013671875	118056.140625
261.1364262904342	1389.239990234375	117528.171875
161.08409939196355	84.69509887695312	117096.8046875
155.06952804509172	633.6290283203125	116997.7890625
116.01093860038415	651.3189697265625	116558.2265625
99.97390572125995	1347.8299560546875	116441.453125
90.94796515495524	1329.6400146484375	116316.3125
386.70306032467147	1338.75	114718.7890625
216.04021479176615	605.8619995117188	114349.546875
299.8039413312829	1359.3800048828125	113774.5625
396.39699071987025	206.25100708007812	113641.5703125
266.1154735278541	242.5500030517578	111828.6484375
386.1731169111219	238.62399291992188	111635.8125
98.99147305576837	1355.4000244140625	111338.7265625
255.15527092102414	232.1999969482422	110364.296875
293.8989340297387	653.8209838867188	110280.1015625
201.95231097600177	1404.6300048828125	110228.3046875
160.03716457154118	1346.4100341796875	110105.5390625
236.17770478172642	236.1300048828125	110047.8203125
408.3966927806084	207.50100708007812	109342.8359375
312.17624200664386	1437.4100341796875	108490.25
79.98104932328512	1359.3800048828125	108334.75
382.21063253453735	110.01000213623047	107758.3984375
235.9398535540008	1420.949951171875	107751.125
240.0670514799315	218.97000122070312	107326.265625
299.7683881298701	1338.75	107242.671875
613.8044107061924	1321.7900390625	106715.2421875
382.21072410957754	70.62259674072266	106073.890625
382.21070156181605	92.26789855957031	105870.46875
382.70704760882296	1342.510009765625	105744.765625
494.3799334599603	1369.68994140625	105366.0859375
368.88935160286434	1329.6400146484375	105305.375
382.21064990795895	38.862300872802734	105225.1953125
270.2560194882121	1438.6600341796875	104997.5
316.8152759941946	1342.510009765625	104968.3125
119.97354528097313	759.0609741210938	104911.6328125
112.05243534357918	167.00799560546875	104628.828125
382.210629281926	196.1280059814453	104555.4609375
157.950448144643	486.635009765625	104276.5
382.2105930919093	164.4550018310547	104119.796875
143.92453408357716	1347.8299560546875	103675.7109375
224.14139337781094	218.97000122070312	103397.71875
382.21071178989155	142.94400024414062	103172.7890625
150.0680709290056	281.67498779296875	102973.0078125
311.1853930769696	1363.3699951171875	102175.078125
170.09440453723508	270.26800537109375	101601.3515625
122.07316166846117	271.5639953613281	101407.5234375
108.05747817920658	282.97198486328125	99849.6796875
382.2106779021965	126.4990005493164	99073.6328125
157.9623204703623	1423.5400390625	98703.359375
168.96811294688888	1336.0799560546875	98632.65625
229.87861803088688	1341.27001953125	98575.0703125
373.92227046223786	1365.8499755859375	97284.328125
164.0838592106838	264.0060119628906	97204.96875
133.03750887552684	621.0349731445312	97183.2578125
161.0841033953682	29.99489974975586	97138.125
161.084085919167	35.01169967651367	96732.7734375
200.17770194268095	27.44230079650879	96514.21875
214.84553985187753	1338.75	95955.2265625
382.2106588184239	19.871200561523438	95195.7109375
261.1364368640281	1404.6300048828125	94438.1328125
369.369041120304	209.9949951171875	94256.3515625
200.1777151439482	144.19900512695312	94137.4453125
133.8751597236903	764.1259765625	94011.671875
146.06915747054916	634.8809814453125	93600.5234375
119.97352439621334	733.6090087890625	93507.5703125
200.1776766202633	118.88200378417969	93340.015625
125.99867936545355	518.6290283203125	92803.6484375
119.97352992845273	691.7169799804688	92780.1796875
198.12570677645846	238.62399291992188	92490.421875
112.05243594415799	57.8489990234375	92014.3359375
327.3221027321494	208.74899291992188	91928.640625
115.0269411952888	356.5790100097656	91912.421875
133.87515719612057	22.380199432373047	91436.2890625
214.97133246221003	1360.6199951171875	90931.90625
99.97393424053702	604.6110229492188	90914.6953125
387.1894156893948	241.30299377441406	90113.25
228.07485165743327	447.52099609375	89911.328125
189.0637794561341	585.708984375	89621.421875
119.97353208150136	708.1710205078125	89167.4375
200.17767021218978	173.32699584960938	89089.2109375
212.17777532038372	221.64599609375	88784.3203125
112.05244604247953	141.64500427246094	88126.2890625
286.28716289959476	236.1300048828125	88089.0390625
159.01679437312794	700.5709838867188	87773.40625
211.93901900821263	604.6110229492188	87138.609375
261.1364637778161	1428.550048828125	87063.859375
210.8351765603655	1337.3199462890625	87019.484375
180.06350113948022	565.5490112304688	86616.25
200.17767765041043	48.98080062866211	86010.9765625
112.05242872440328	42.625	85730.734375
174.08921152104253	298.27801513671875	85721.7734375
192.0634519298626	560.5479736328125	85321.9140625
200.17770323907536	189.76800537109375	85300.40625
259.78947792522024	1338.75	85141.65625
319.8654310660398	850.60302734375	85073.03125
354.05640380769137	311.02301025390625	84762.09375
242.18833210679423	223.07899475097656	84700.171875
119.97354023608932	658.9110107421875	84280.0703125
161.9721539549818	1338.75	84236.703125
126.0316904194208	351.4779968261719	83450.671875
201.95231269636628	1420.949951171875	83362.484375
259.2486247174877	215.01400756835938	83259.9296875
257.79174042617575	1339.989990234375	83090.328125
112.05243118698253	116.37300109863281	83006.0546875
112.05242887769691	131.5189971923828	82726.4453125
226.15708532323103	234.8820037841797	82690.5
186.12566442646397	256.4159851074219	82673.390625
76.0005204541174	986.68798828125	82365.703125
200.14141174294963	245.08599853515625	82283.7578125
377.7376771712365	1339.989990234375	81686.171875
131.96458557273084	1358.1400146484375	81523.015625
112.0524481287464	8.19579029083252	81522.25
115.90898540014882	1328.3900146484375	81449.625
76.0005161024604	950.323974609375	81350.0390625
157.0457382884759	351.4779968261719	80828.0
76.00052477398297	643.7239990234375	80774.15625
188.17778084851614	253.91799926757812	80497.65625
144.92289088187042	1332.1700439453125	80047.3359375
146.05794369027086	1428.550048828125	79963.3515625
76.0005208846948	818.9329833984375	79824.140625
209.10529518452717	246.3350067138672	79760.4609375
163.9877950892899	1333.5999755859375	79624.140625
110.05921843441213	413.42401123046875	79363.9375
373.7411409206691	1342.510009765625	79073.6953125
329.16295812949784	127.75299835205078	79030.09375
194.0579524083208	280.3789978027344	78960.9765625
112.05241419736387	14.476499557495117	78763.9921875
242.1155582439	265.25799560546875	78497.8359375
328.33438359979414	232.1999969482422	78213.2578125
200.05095279287102	233.63299560546875	77825.5
112.01604990840562	700.5709838867188	77659.8984375
402.16792708314495	246.3350067138672	77257.2109375
371.87620652870964	710.676025390625	76154.1015625
329.16296256255	156.8820037841797	76086.734375
119.94931591077963	705.5800170898438	75602.640625
295.1868494701439	221.64599609375	75402.375
146.05795024068743	1438.6600341796875	75076.234375
87.03971492995248	395.7149963378906	74689.28125
210.16209048635486	228.26499938964844	74222.1953125
287.2460778944584	246.3350067138672	74201.40625
205.8732856310394	1376.25	74102.609375
178.09942177854361	241.30299377441406	73964.234375
138.03171446836336	281.67498779296875	73500.828125
507.8392787481359	1325.719970703125	73357.890625
89.05541327224111	388.156005859375	73241.3515625
76.00051511688375	1078.3399658203125	73142.0546875
438.4439106335762	207.50100708007812	72927.234375
240.06708424518013	237.3769989013672	72656.875
184.92057107955972	1093.010009765625	72469.328125
284.0752237757426	207.50100708007812	72467.140625
131.0663110430253	375.5	72421.6953125
329.16299971436587	148.00900268554688	72299.6328125
198.1257040029733	252.6269989013672	72175.671875
170.13076526316493	247.5850067138672	71977.0390625
76.00050950576558	1204.4200439453125	71658.28125
150.1044608516952	253.91799926757812	71272.2578125
236.14131056735425	229.51499938964844	71198.28125
223.87092286083296	1330.8800048828125	70702.6953125
132.07865817340576	295.5880126953125	70534.5625
239.89917038245886	845.4869995117188	70387.625
238.087711342105	233.63299560546875	69939.546875
138.05913890751853	304.57598876953125	69937.296875
141.97291205693725	1326.9599609375	69306.828125
190.84481582221912	1336.0799560546875	68512.5703125
317.7339432804222	1338.75	68481.328125
170.09440132360533	252.6269989013672	68434.328125
283.25920381520234	1436.1500244140625	68373.5703125
228.8009814298264	605.8619995117188	68235.5546875
424.4281008589795	206.25100708007812	68200.59375
177.8246617870585	628.6270141601562	67328.421875
259.949561560777	1328.3900146484375	67115.421875
411.416050329898	206.25100708007812	66988.796875
238.087719681147	247.5850067138672	66381.4140625
168.96813757293057	55.25279998779297	66341.9375
225.86921128961737	1336.0799560546875	66255.3515625
410.1154977927299	258.9169921875	66083.015625
825.7322371998331	1325.719970703125	65876.6171875
130.04601927683504	487.885986328125	65491.8125
329.162976384744	53.998600006103516	65489.5546875
272.00256390746176	233.63299560546875	65485.96484375
329.1629521491407	8.19579029083252	65156.02734375
190.95008397855918	1336.0799560546875	64941.1328125
175.01980323659558	700.5709838867188	64820.19140625
188.104998924111	264.0060119628906	64441.00390625
214.02268913120446	238.62399291992188	64370.27734375
92.94617891655271	1326.9599609375	63857.48046875
244.06957824133264	503.2070007324219	63846.625
235.95215543802817	1336.0799560546875	63680.76171875
138.05669983358933	302.0329895019531	63277.1953125
258.21959049285846	218.97000122070312	62994.234375
258.1832248243449	221.64599609375	62704.18359375
135.05454750019945	472.74798583984375	62498.45703125
188.84683771295335	1332.1700439453125	62447.4609375
103.07128479884908	319.88299560546875	62266.8671875
180.0787709170586	258.9169921875	62237.87890625
180.06346936136012	607.156005859375	62183.859375
288.23004590717153	220.21600341796875	62109.9453125
200.1049857950856	279.125	62050.94921875
77.01884657289834	380.5530090332031	61891.80859375
228.8009026387525	590.7869873046875	61412.51171875
150.03171938469876	317.3760070800781	60936.01953125
273.23858112699776	223.07899475097656	60187.578125
329.16303869307984	77.12519836425781	60130.59375
184.10997033662179	303.32501220703125	59677.4453125
197.06168956902323	595.7839965820312	59058.90625
366.28122180314216	43.87879943847656	58951.59375
700.3044849981792	221.64599609375	58635.29296875
76.00051558276846	597.0780029296875	58564.33984375
245.2435745074464	241.30299377441406	57496.8125
536.5534444032467	203.70199584960938	57415.5625
146.09435284412098	277.87298583984375	57391.71484375
480.4906467697737	206.25100708007812	56906.34375
89.99494215992127	703.0759887695312	56846.9921875
329.1630054848795	21.125900268554688	55922.5546875
228.8008809961963	551.718017578125	55746.48046875
190.95012266502044	1319.239990234375	55552.84765625
195.05317404257696	364.13800048828125	55531.4609375
188.10496640362211	499.22900390625	55364.49609375
202.12074315843392	256.4159851074219	55227.58984375
372.1697569594261	239.8719940185547	55132.6171875
76.00050531935769	551.718017578125	55059.06640625
132.0534678366861	639.968994140625	54851.34375
682.3043599517225	224.32899475097656	54576.265625
251.15225785081205	234.8820037841797	54401.44921875
287.91912956043245	607.156005859375	54068.66796875
168.96811433459533	17.174699783325195	53997.72265625
352.86771397466407	816.3770141601562	53905.31640625
79.92565778686178	627.3350219726562	53742.01953125
343.14224562710774	98.62930297851562	53641.25
135.02495388272703	648.8170166015625	53371.53125
325.3063898898255	208.74899291992188	53236.71875
180.06347536144645	644.9749755859375	53163.703125
343.1421117150014	14.476499557495117	52959.53125
152.0685003705495	590.7869873046875	52858.45703125
203.09489047408866	290.4909973144531	52511.54296875
268.15102005268307	206.25100708007812	52399.76171875
240.07472423592247	207.50100708007812	52253.84765625
125.01464165315346	644.9749755859375	52246.83203125
407.87588858156977	1426.050048828125	51946.484375
298.05469120606597	230.76400756835938	51789.296875
134.9381984657423	1330.8800048828125	51407.8359375
104.08358399459527	351.4779968261719	51316.9921875
179.9827480906805	1332.1700439453125	51184.6015625
193.07398324695646	311.02301025390625	51168.55078125
265.16784747810135	233.63299560546875	51159.32421875
419.1662058664564	252.6269989013672	51056.8359375
100.08861720466727	243.83900451660156	51003.94921875
142.06306953125377	578.2119750976562	50886.7265625
281.2433602411126	1380.1500244140625	50769.53125
152.03341842964178	539.135986328125	50642.95703125
230.22458561475779	246.3350067138672	50612.57421875
216.8373201871643	1338.75	50610.015625
228.17274435129357	229.51499938964844	50439.86328125
84.03190733608642	59.102699279785156	50428.1328125
219.97076097068918	581.9600219726562	50130.01953125
132.07866110494007	371.70001220703125	49803.078125
170.07725343540784	438.67498779296875	49716.609375
126.10447428743512	253.91799926757812	49034.1015625
146.1192678992938	256.4159851074219	49030.4453125
243.22001217258102	246.3350067138672	48590.79296875
146.98618246750982	1317.989990234375	48420.58984375
180.01888227418965	333.7959899902344	48071.96875
284.1988768089812	223.07899475097656	47676.19921875
343.1422545160145	5.309659957885742	47578.6953125
218.0612754001051	247.5850067138672	47122.37890625
240.17267490322246	224.32899475097656	46930.34375
228.80088864381284	576.9249877929688	46681.4609375
469.86208414671034	1326.9599609375	46648.51171875
196.14643340209153	228.26499938964844	46360.38671875
206.0427354189943	684.1160278320312	46339.76171875
125.9790404902597	1329.6400146484375	46272.71484375
387.1892949107058	1413.449951171875	45776.328125
86.01931085765013	655.072021484375	45678.52734375
342.11631334372873	637.426025390625	45601.9375
117.01433377641031	552.968017578125	45355.38671875
231.02035157445013	359.08599853515625	45314.56640625
100.93288966406764	225.57899475097656	45194.1796875
134.95202941541172	59.102699279785156	45083.65625
196.87935918585816	37.564701080322266	45066.0859375
134.05793250468517	374.24700927734375	44811.07421875
288.0593036291349	551.718017578125	44683.85546875
492.49056189344424	206.25100708007812	44297.46484375
134.09436382397573	317.3760070800781	44153.5625
178.04783115721187	542.885009765625	44048.6015625
370.3811713046652	227.01499938964844	43882.07421875
272.2715502794845	238.62399291992188	43836.0859375
242.15199011405818	243.83900451660156	43734.7890625
388.70078160695624	1342.510009765625	43600.6484375
578.6001834058401	203.70199584960938	43384.8515625
197.03257860078887	261.4620056152344	43110.890625
174.12562776080674	246.3350067138672	42651.83203125
150.0528435134946	537.885986328125	42540.01953125
245.97183445980383	1436.1500244140625	42434.94921875
138.06808023234487	318.6289978027344	42399.109375
136.0106024426718	290.4909973144531	42175.55078125
87.00090330434523	1323.219970703125	42085.640625
120.07866499933559	441.177001953125	42061.13671875
343.142117086156	47.72719955444336	41832.51953125
213.0825366150436	247.5850067138672	41581.37890625
264.11106927722216	359.08599853515625	41545.921875
298.1604230294946	203.70199584960938	41461.35546875
152.97316134006758	1328.3900146484375	41062.34765625
186.97869843830196	1323.219970703125	40912.8125
352.3341963278159	207.50100708007812	40891.14453125
183.0533293392348	266.5090026855469	40491.0859375
173.99889783064373	269.0150146484375	40258.1328125
244.1310964964507	256.4159851074219	40254.07421875
226.1206857445226	250.08399963378906	39978.3046875
197.10523316673422	258.9169921875	39973.0625
383.38454935803486	206.25100708007812	39694.9375
159.9327035524074	853.1190185546875	39454.9140625
313.907219931595	663.9169921875	39403.22265625
312.89894741306836	581.9600219726562	39329.8046875
329.0527951944556	465.1629943847656	38996.87109375
183.87736254815906	1326.9599609375	38753.08203125
429.8575372187132	1432.3499755859375	37974.9765625
168.15146251964055	241.30299377441406	37933.41796875
135.90199053495672	835.3469848632812	37882.7734375
334.0844218854215	248.8350067138672	37534.9453125
167.98238729805414	686.6640014648438	37438.0234375
547.8317107618795	1317.989990234375	37417.6328125
198.87747660833182	1328.3900146484375	37413.87109375
418.21027161925804	241.30299377441406	37366.85546875
188.14140266153646	232.1999969482422	36970.125
513.8397588668472	1439.9200439453125	36884.51953125
186.9187747640923	1078.3399658203125	36540.1953125
76.00050543981962	499.22900390625	36016.23046875
386.7028685356467	113.81999969482422	35893.99609375
290.0942978353256	255.16700744628906	35685.7109375
174.12559446449475	271.5639953613281	35610.5078125
222.16214473603264	241.30299377441406	35435.78125
449.18128848284385	237.3769989013672	35257.046875
390.8846224196768	180.89700317382812	35219.96875
157.08210914891367	265.25799560546875	35195.94921875
191.9508798374442	1320.489990234375	34796.2578125
450.44367590378266	203.70199584960938	34582.26953125
270.14679314604416	242.5500030517578	34062.50390625
195.0895925508325	250.08399963378906	34002.96875
147.134076382988	276.6210021972656	33992.59375
187.04816391919994	443.7229919433594	33904.19140625
251.94715805030887	1321.7900390625	33854.3203125
194.05793724917797	260.1669921875	33712.16015625
160.89411930896108	507.14898681640625	33643.7265625
216.84461377980594	45.132301330566406	33559.6875
176.14130907998327	290.4909973144531	33361.234375
330.1669771838883	247.5850067138672	33238.72265625
96.05725401073849	264.0060119628906	33158.55078125
159.9418816446574	709.4229736328125	33151.78125
142.07426143110075	154.3260040283203	32676.55859375
221.18631907940724	242.5500030517578	32550.66796875
199.01177209839315	304.57598876953125	32263.66015625
480.36368030594025	272.86199951171875	32060.2578125
110.03672241245614	262.7550048828125	31860.2109375
194.06141317064964	232.1999969482422	31383.37890625
192.13631277564738	284.2239990234375	31145.80859375
186.91878155369653	1105.1199951171875	31075.001953125
258.14688558842926	241.30299377441406	31043.150390625
193.07402369085577	337.5979919433594	30966.591796875
345.98506956876474	227.01499938964844	30828.048828125
207.9363214109456	633.6290283203125	30786.982421875
151.02459776494703	486.635009765625	30587.619140625
269.0568303633104	228.26499938964844	30377.59375
382.88671502401525	499.22900390625	30277.681640625
119.99986408068337	227.01499938964844	30024.33203125
314.3188342928704	230.76400756835938	30003.212890625
229.16792221636604	266.5090026855469	29980.3046875
214.97123323990598	265.25799560546875	29913.552734375
188.1162649869995	631.1270141601562	29445.12109375
244.1673435193011	266.5090026855469	29258.224609375
238.0511783744857	285.47698974609375	29250.41796875
99.96297549244865	708.1710205078125	28933.6640625
75.03956486566489	439.9259948730469	28930.72265625
402.87850925586696	518.6290283203125	28838.4140625
124.05246231586949	204.9550018310547	28645.712890625
223.88484554989444	63.0531005859375	28283.80859375
114.99622155717326	266.5090026855469	27890.251953125
146.1217767776324	252.6269989013672	27805.26953125
232.09487162683794	408.3710021972656	27781.521484375
192.11526845420403	243.83900451660156	27662.326171875
224.0358191341786	233.63299560546875	27614.068359375
153.97405000707272	1320.489990234375	27588.560546875
252.17244955449033	237.3769989013672	27498.232421875
138.00654825361863	365.3909912109375	27488.455078125
208.0578438974781	1394.43994140625	27256.97265625
128.00288926111685	294.33599853515625	27254.8515625
140.03037584750336	290.4909973144531	27116.7109375
325.92141091818115	1308.93994140625	26059.6171875
162.12576099394454	319.88299560546875	26012.41015625
175.08446573273602	593.2849731445312	25768.96875
145.9230904738905	831.5789794921875	25623.625
153.00957380867575	487.885986328125	25219.0546875
268.0805959584127	530.1539916992188	24918.044921875
155.04434179159063	564.2979736328125	24884.775390625
203.0512292437259	319.88299560546875	24175.1953125
98.07293512983303	578.2119750976562	23457.6796875
359.9077517831898	769.1900024414062	23416.13671875
138.031657351583	873.427978515625	22632.455078125
276.9101683579424	891.2260131835938	21769.21875
170.05799987950508	1429.800048828125	20909.640625
92.06220054035269	303.32501220703125	20243.91015625
181.03762148970986	413.42401123046875	19102.849609375
203.19680585231134	253.91799926757812	18076.91796875
152.05857581394665	1436.1500244140625	17929.25390625
139.06332571340985	1417.199951171875	17788.439453125
300.0340975929065	230.76400756835938	17780.716796875
286.1414664568371	242.5500030517578	16922.083984375
215.06643744397346	304.57598876953125	16842.07421875
189.99368592317475	293.0820007324219	16310.2177734375
241.0337462762471	308.5159912109375	16309.1845703125
295.190307312487	203.70199584960938	16203.4365234375
130.03791425577444	1415.949951171875	15776.0068359375
216.1362974963892	233.63299560546875	15728.3994140625
117.05074891646295	419.72698974609375	15702.7138671875
218.11541725689162	267.760986328125	15658.0048828125
218.03728600727277	608.447021484375	15517.4541015625
145.12111711829834	243.83900451660156	15292.3095703125
213.10032237873406	1052.97998046875	15270.31640625
286.8069673890498	636.1749877929688	15218.98046875
104.07221090200105	340.10400390625	14948.1298828125
265.9060074012902	706.875	14886.8974609375
243.05931696833005	610.9459838867188	14731.6806640625
291.9097844867394	761.572021484375	14341.46484375
129.0789994793737	627.3350219726562	14121.6083984375
159.91912326419984	262.7550048828125	13937.9697265625
176.9691457862304	651.3189697265625	13759.67578125
241.87834370538883	754.0	13136.748046875
94.00835835473961	276.6210021972656	12895.412109375
157.97073222243128	486.635009765625	12607.990234375
184.9205589478816	775.5139770507812	12591.962890625
105.01415113523561	642.4730224609375	12434.0087890625
241.13970618998047	232.1999969482422	12136.8681640625
140.01159436714605	352.7760009765625	12014.6845703125
612.9646187115873	518.6290283203125	11709.0576171875
143.02190319947354	374.24700927734375	11130.0771484375
263.15197718728984	117.62799835205078	10942.7587890625
174.11167407245588	1033.050048828125	9635.21875
119.93409328128513	17.174699783325195	8999.2041015625
311.13698000532315	1236.5699462890625	8893.4404296875
130.03794127524995	973.7020263671875	7996.63330078125
349.3946138053286	1303.9000244140625	7550.14404296875
98.04776110552785	959.3790283203125	7293.53955078125
