64.02869180933615	1	1416099.8370867644	758.1096685729626	0	0	M+2H
65.03077948993166	1	4853.292607435516	760.2698714420418	1	0	M+2H
64.52721272170272	1	9296.271406613554	758.3974247984123	3	0	M+2H
65.03349525027518	1	71.70664450553372	756.8043035647329	4	0	M+2H
65.02891228727383	1	575.9794403732919	757.6496709111009	5	0	M+2H
64.53189660598285	1	1132.1945682090454	758.6866514193297	6	0	M+2H
65.53252938351933	1	370.45219039697	755.2593506288079	8	0	M+2H
65.0320953870403	1	1644.3739472255081	758.8349234287128	9	0	M+2H
72.54200091204429	1	1165142.3498797799	759.1415166887119	10	0	M+H+NH4
73.54420888057757	1	5597.530459679956	760.6153256704044	11	0	M+H+NH4
73.0441489753176	1	1155.0316167986912	764.7325920152686	12	0	M+H+NH4
73.04057067318043	1	15220.56961202369	758.9278065267158	13	0	M+H+NH4
73.54532496488474	1	1475.1069443737267	759.6133589345405	14	0	M+H+NH4
73.54672798252578	1	103.63838150514927	760.3999221647775	17	0	M+H+NH4
73.04363517654959	1	85513.97277426114	761.73804992242	18	0	M+H+NH4
74.04577243757447	1	322.91568770492324	759.0337353790349	19	0	M+H+NH4
84.54189241500383	1	1532714.882471496	758.4911679919024	20	0	M+ACN+2H
85.54411140624653	1	5889.90897159318	759.037946663838	21	0	M+ACN+2H
85.04409972545695	1	905.6551655892249	761.9247923311201	22	0	M+ACN+2H
85.54698029833051	1	119.68174110999486	760.4918627313037	24	0	M+ACN+2H
85.04514606423318	1	1812.3664877799438	762.2749883860387	26	0	M+ACN+2H
85.54524177225	1	2919.821682202103	757.4535194143323	27	0	M+ACN+2H
85.04373065507424	1	93256.41239741891	759.2808111020211	28	0	M+ACN+2H
86.04586382474572	1	400.35085993911395	763.8000383954578	29	0	M+ACN+2H
105.05528731633056	1	1284066.5498421772	758.4132308112477	30	0	M+2ACN+2H
106.05751409206235	1	6198.380568828185	759.4485595107373	31	0	M+2ACN+2H
105.5573496744139	1	886.5043746974877	756.9882032097507	32	0	M+2ACN+2H
106.55919016647503	1	434.5704210997792	756.8326789359263	35	0	M+2ACN+2H
106.05863228127232	1	4490.0233530552705	761.9760787392123	36	0	M+2ACN+2H
105.558562841819	1	2145.500358225974	758.0856257492359	37	0	M+2ACN+2H
106.05996717466897	1	182.42721677369002	758.170215470651	38	0	M+2ACN+2H
105.55710742723231	1	138579.73644898733	759.3945517332426	39	0	M+2ACN+2H
129.05462625835162	1	5273.971906190509	762.5001764238326	41	0	M+H
128.05475686133175	1	890.5892893629382	764.3813946677175	42	0	M+H
129.0504341637168	1	665.8108339749982	761.7292960945122	45	0	M+H
128.05628633294623	1	974.1274155556786	759.7159086793997	46	0	M+H
128.0534814191884	1	75549.25508805783	759.1446488668108	47	0	M+H
145.07368372158686	1	14402.176936140637	758.7997897783792	53	0	M+NH4
146.0833198791387	1	1562.0203685337588	758.9116274984673	54	0	M+NH4
146.0772179845552	1	792.778501210471	759.949829482534	55	0	M+NH4
146.08629905018992	1	80.74548309985248	760.7419342802958	57	0	M+NH4
145.08001047127786	1	73896.1448863405	757.7072583306308	58	0	M+NH4
147.08444673726706	1	321.11674538187975	758.4422455106576	59	0	M+NH4
150.0364765384535	1	1181.3274824075363	759.0663167098996	62	0	M+Na
150.0291059238265	1	11549.371751845287	756.2464966109358	63	0	M+Na
150.03824253290222	1	833.571024937188	755.7321456926817	66	0	M+Na
152.0398583530519	1	296.1384159081598	759.7382074740723	68	0	M+Na
151.03954219413703	1	45.66498260875606	758.5346708764796	69	0	M+Na
159.07637149369805	1	1442338.500478283	758.2148206247899	70	0	M+CH3OH+H
161.0806530592488	1	7969.02115558015	761.2554684321665	71	0	M+CH3OH+H
160.07342651213165	1	9735.46796747448	756.0089569043779	74	0	M+CH3OH+H
161.08601443892314	1	112.21592609071773	757.9444504154884	75	0	M+CH3OH+H
160.08257993103345	1	1616.6216396281197	759.5955468316916	77	0	M+CH3OH+H
160.07961060377093	1	72301.85294520184	758.4434732065972	78	0	M+CH3OH+H
162.0841892060373	1	551.0984098633373	761.354202715709	79	0	M+CH3OH+H
168.07664326896466	1	1370369.4254866312	759.391399048716	80	0	M+ACN+H
170.0862528383299	1	104.5853738449961	760.735839425325	84	0	M+ACN+H
169.08310854238186	1	1449.334741003814	759.9925272076637	86	0	M+ACN+H
170.08345759775995	1	3088.0401914413387	754.8631507009436	87	0	M+ACN+H
171.08449748756053	1	411.5779529251535	759.1462998980727	89	0	M+ACN+H
47.030977315793045	1	186815.6594294162	996.1721874828162	90	1	M+2H
48.03303933098516	1	1064.1218523301627	992.9365485806578	91	1	M+2H
47.53298667834493	1	200.94197213713483	994.1499001736576	92	1	M+2H
47.532683504879444	1	6024.811929060633	993.8537116535202	95	1	M+2H
48.534673674555656	1	38.834239948677876	992.969573571851	96	1	M+2H
48.03430938088218	1	64.26860427523002	995.6372908411835	99	1	M+2H
55.544215694425006	1	218307.6799431952	996.7686736088513	100	1	M+H+NH4
56.042714554305554	1	724.9452081276223	999.3741130727027	104	1	M+H+NH4
56.54903666457301	1	11.874343484321427	992.743569394173	105	1	M+H+NH4
56.04585297647455	1	6625.315205716917	995.8091735178816	107	1	M+H+NH4
57.048159193944805	1	44.114505509671986	994.6071712025663	108	1	M+H+NH4
67.544204080566	1	184622.85149754505	993.7829419190914	110	1	M+ACN+2H
68.54634079087927	1	1194.618723855866	996.6581051451623	111	1	M+ACN+2H
68.54432025391769	1	36.045654085417944	995.8276646486896	113	1	M+ACN+2H
68.04263470813926	1	694.8740973998184	993.2704848700869	114	1	M+ACN+2H
68.54906088997845	1	17.3709931206267	995.2782199615903	115	1	M+ACN+2H
68.04731092759523	1	312.7652856594618	996.1612475669363	116	1	M+ACN+2H
68.04587736146567	1	8583.908816535395	993.1964566734918	117	1	M+ACN+2H
69.04789511993773	1	51.02896689695838	994.5095466403873	118	1	M+ACN+2H
68.54750187709725	1	204.8748126824582	994.3874645298636	119	1	M+ACN+2H
88.05756235684565	1	183360.9723290198	997.1888251716415	120	1	M+2ACN+2H
88.55961107768903	1	201.49493597557228	990.6579305844045	122	1	M+2ACN+2H
89.56124309771718	1	82.24153533189914	994.8082453370605	123	1	M+2ACN+2H
88.55605763154661	1	1437.392212750445	993.4424671904513	124	1	M+2ACN+2H
89.06225059097241	1	26.403361968662846	996.0711455285154	125	1	M+2ACN+2H
89.05757952601104	1	88.69876530894688	995.4478700032386	126	1	M+2ACN+2H
88.56074770869684	1	355.68729140774553	996.754446606084	127	1	M+2ACN+2H
88.55919640902256	1	14104.61098794629	997.9212988312808	128	1	M+2ACN+2H
89.06086283787577	1	522.7029355017919	998.8393253186872	129	1	M+2ACN+2H
93.05462723499659	1	186893.47296024478	993.6302655384989	130	1	M+H
95.05886436836515	1	1381.3387681681168	992.195384476063	131	1	M+H
94.05891252745181	1	193.87009731584277	995.9006685234009	132	1	M+H
97.06298906261162	1	2.63834674041313	996.0165445307366	133	1	M+H
96.06216756902553	1	34.932886993070326	994.1078295262855	136	1	M+H
95.06441688790478	1	7.470047210916536	995.4902985115555	138	1	M+H
110.08097915404561	1	161861.4107288164	993.8713979358239	140	1	M+NH4
111.08515506135117	1	222.39831868823885	993.3571634719905	142	1	M+NH4
111.07825769689344	1	703.8024171386229	994.5900782742647	144	1	M+NH4
112.09073829814699	1	7.377853573669365	992.951963527933	145	1	M+NH4
113.08862752044303	1	38.14458658139859	997.3870415637972	148	1	M+NH4
112.08787519222015	1	78.2727727299644	996.8947706510627	149	1	M+NH4
117.04075274573482	1	1109.5048828810122	995.5868844914986	151	1	M+Na
116.04080724206989	1	220.60432610306015	992.7976119221481	152	1	M+Na
116.0428101495126	1	198.0983392695752	991.9008832119397	154	1	M+Na
116.03979987423592	1	6132.9844719501225	995.031278794053	155	1	M+Na
118.04422992962986	1	37.40697302464316	991.1104843658147	156	1	M+Na
117.04402005865549	1	7.022602065301933	996.2933787872113	157	1	M+Na
126.08514114119916	1	283.4138487060629	990.2968426984306	162	1	M+CH3OH+H
127.09031218052836	1	13.03374937899159	995.0987625565602	169	1	M+CH3OH+H
134.08115087607672	1	208476.13404350705	995.1819544059242	170	1	M+ACN+H
136.08553313143364	1	1093.1974539845367	994.6589199497101	171	1	M+ACN+H
135.08558255467605	1	221.59877483158127	995.1575691479505	172	1	M+ACN+H
136.08176431348988	1	37.756846634968866	997.0788682806976	173	1	M+ACN+H
136.09094467257944	1	15.661850684867472	991.6807791651387	175	1	M+ACN+H
135.0874200903212	1	297.7910223450324	992.8129543260785	176	1	M+ACN+H
135.08434463254738	1	9926.793021226957	995.3701175510944	177	1	M+ACN+H
136.08795701255644	1	202.8003487575993	992.904906838217	179	1	M+ACN+H
73.58615829851549	1	108155.20145682072	1417.0185118503387	180	2	M+2H
74.08467223112174	1	1010.8159203353554	1415.8382200880164	181	2	M+2H
74.58649469941791	1	82.29427103516622	1417.561042177651	186	2	M+2H
75.08818044309164	1	2.865739017668577	1412.5678014893472	189	2	M+2H
82.0995640096495	1	98936.84100086459	1414.8841097861273	190	2	M+H+NH4
82.59793081572533	1	1171.5127182307676	1413.9242238594218	191	2	M+H+NH4
82.60257113610876	1	291.84601001640567	1412.4877247344343	193	2	M+H+NH4
83.10122550669418	1	3.2059278679614693	1415.8214638940954	194	2	M+H+NH4
82.60102990613952	1	7118.9325923041215	1415.3743928432887	195	2	M+H+NH4
83.10425087339715	1	20.46352694010109	1412.1012350178185	197	2	M+H+NH4
83.10293938789096	1	246.57274799696367	1414.0811137009828	198	2	M+H+NH4
94.09949639084354	1	103295.3875964121	1416.6316832159232	200	2	M+ACN+2H
95.09652114410318	1	8.141454214906664	1415.2763649933975	202	2	M+ACN+2H
94.60271376803657	1	301.6309424613263	1420.1447246234045	203	2	M+ACN+2H
95.60446440607626	1	10.770790739752082	1414.4239671015082	204	2	M+ACN+2H
94.60123127327655	1	9162.216588639696	1414.5834075421062	205	2	M+ACN+2H
95.09946683489133	1	126.37925715364072	1414.39891942171	206	2	M+ACN+2H
95.10420655957864	1	27.68169885511217	1415.4549070980822	207	2	M+ACN+2H
95.60147253450306	1	6.103406660378778	1417.521958067834	209	2	M+ACN+2H
114.6128506122025	1	112582.6722181583	1413.6496543563082	210	2	M+2ACN+2H
115.1114486245699	1	1670.298987302737	1417.0245600498613	211	2	M+2ACN+2H
115.60981663792734	1	11.581855522919135	1416.2310720212374	212	2	M+2ACN+2H
116.11774433418113	1	23.091590407450607	1416.7551401127998	214	2	M+2ACN+2H
115.11436847006125	1	10303.188070727683	1412.685751639954	215	2	M+2ACN+2H
116.11436352877305	1	10.72802047430094	1416.619888567688	217	2	M+2ACN+2H
115.61758850095805	1	35.694133852010204	1415.4875902122055	218	2	M+2ACN+2H
115.61624970432796	1	541.6874857225847	1415.9656341019418	219	2	M+2ACN+2H
147.16217631978876	1	984.2285004417687	1415.489588349202	221	2	M+H
148.15930651236712	1	4.050466348641536	1418.8417096581074	222	2	M+H
147.171334332332	1	252.34837199628143	1419.127892302202	223	2	M+H
149.17512360132451	1	3.873692443827902	1416.9658466414878	224	2	M+H
148.16557342399628	1	70.86659482346	1416.1267783890312	226	2	M+H
148.17466172082882	1	17.35830000056556	1416.9673572189008	227	2	M+H
148.17196783658957	1	277.18099965640255	1415.655978785083	228	2	M+H
149.1688842814606	1	2.658506356356835	1413.95478493403	229	2	M+H
163.19189035712083	1	89505.78261394391	1416.5951245247609	230	2	M+NH4
164.1885981250282	1	1491.997396667661	1414.2526671809226	231	2	M+NH4
165.1857026289339	1	8.376111639788418	1418.929543725061	232	2	M+NH4
165.1950097521072	1	3.666177270539123	1412.2825549917438	234	2	M+NH4
164.19503928605832	1	8195.659775994847	1415.997326623	235	2	M+NH4
165.192243988496	1	113.22071925997741	1416.0405207390525	236	2	M+NH4
165.19835209629676	1	249.77886354678347	1415.772409860347	238	2	M+NH4
168.14686876034057	1	93470.1626455488	1417.3886352213394	240	2	M+Na
169.14424146743156	1	1018.3267919784298	1415.7899790647248	241	2	M+Na
170.14112251557796	1	3.6865118119934803	1416.8091784640912	242	2	M+Na
169.1534882251516	1	194.57137771351813	1417.5477851071576	243	2	M+Na
171.15763877248588	1	4.606667522559155	1415.9210371242832	244	2	M+Na
169.1503397347396	1	7192.279280417818	1413.4643976567568	245	2	M+Na
170.14778169948607	1	82.38623828006448	1412.9489701510636	246	2	M+Na
170.15644528190953	1	16.030297502078636	1414.8888371671605	247	2	M+Na
170.1539512306925	1	194.3572305409127	1416.2620488141113	248	2	M+Na
171.15087893893903	1	3.081278997852995	1417.838356292272	249	2	M+Na
178.19129147168061	1	75885.31026431508	1417.7009837692704	250	2	M+CH3OH+H
180.19569833316763	1	177.36117761488393	1414.0954843385134	251	2	M+CH3OH+H
179.1957397101429	1	37.4535179421703	1413.353640031023	252	2	M+CH3OH+H
179.1882361002115	1	1058.8251982437587	1417.3665346985092	253	2	M+CH3OH+H
180.20071775306428	1	15.92114610524	1416.2012475101476	254	2	M+CH3OH+H
180.19211321090566	1	105.93217718485626	1415.1181282978919	257	2	M+CH3OH+H
179.19472912330855	1	9539.297371121633	1418.5736803526975	258	2	M+CH3OH+H
187.19169398232202	1	84548.54715362724	1415.7467526985654	260	2	M+ACN+H
189.18591110034055	1	8.148274492120139	1417.2016895220809	262	2	M+ACN+H
188.19781817202366	1	249.99796001982463	1415.4658662652216	263	2	M+ACN+H
190.20180246272156	1	10.086459829343912	1415.0092425250923	264	2	M+ACN+H
188.1951589361809	1	8799.424394570551	1414.489303342762	265	2	M+ACN+H
189.20133202325573	1	24.928236673438274	1415.8236423216554	267	2	M+ACN+H
189.19863234238701	1	433.7337305120924	1415.1568140984673	268	2	M+ACN+H
190.19538145899207	1	5.564963229612949	1412.901675895904	269	2	M+ACN+H
135.0478334791081	1	34357.63346719307	916.1065730993912	270	3	M+2H
136.04977416173102	1	291.30266562595915	915.5076996440027	271	3	M+2H
136.05153697646472	1	5.01839872287336	913.406221674133	273	3	M+2H
135.54933384024525	1	3495.2719612905316	914.681050632917	274	3	M+2H
135.54595660609195	1	441.5815779195911	912.8404111251391	275	3	M+2H
136.55137085762232	1	29.943360824303586	911.3076172561199	277	3	M+2H
136.04755683114195	1	53.468791062036104	910.1831533738749	278	3	M+2H
135.55075519123537	1	55.87701847500605	912.0240645799585	279	3	M+2H
143.5610139843675	1	33665.97475083007	911.7865370929906	280	3	M+H+NH4
144.06288653788508	1	54.36285832150591	914.8629440055179	282	3	M+H+NH4
144.56409018608437	1	159.19366272745228	911.881179185635	283	3	M+H+NH4
144.05933173874598	1	518.4485466977306	908.4168230031306	285	3	M+H+NH4
144.5659151269306	1	6.227228533044842	915.1261648612733	286	3	M+H+NH4
144.06249959250587	1	3296.1785306424167	911.7601270443201	287	3	M+H+NH4
144.56106411982938	1	55.135318826081885	913.6441096700089	288	3	M+H+NH4
144.06421949922017	1	70.10077461254325	912.212823384652	289	3	M+H+NH4
155.56101777053897	1	31148.45259741137	915.5856667151326	290	3	M+ACN+2H
156.5632205429693	1	302.94913103603784	913.8724014571233	291	3	M+ACN+2H
157.06466807197293	1	42.449032248392605	915.2561328186963	294	3	M+ACN+2H
156.05933378633324	1	605.2421391396914	911.1785449352432	295	3	M+ACN+2H
157.06608215534297	1	9.908616911447316	912.373298684343	296	3	M+ACN+2H
156.0625622200875	1	4078.86485940975	912.5422314519385	297	3	M+ACN+2H
156.56112352770833	1	77.04442520735807	914.7891646707515	298	3	M+ACN+2H
176.0744834214252	1	27954.833525750524	910.0504693422079	300	3	M+2ACN+2H
176.57612302633595	1	57.408129555728706	911.2260256359202	302	3	M+2ACN+2H
177.57794018020388	1	38.743485362021225	915.6604922285555	303	3	M+2ACN+2H
177.07764554894592	1	354.24977318452653	911.2164482298328	304	3	M+2ACN+2H
176.57575036922125	1	4706.51717853676	910.3375176627268	307	3	M+2ACN+2H
176.5772955736275	1	66.97375519609281	909.1154529924574	309	3	M+2ACN+2H
269.0880223689694	1	32210.51422426396	912.7775744802917	310	3	M+H
270.0922788699497	1	67.13707116589529	910.7343947401635	312	3	M+H
270.0911038230926	1	3525.7796637537335	909.4420569434965	314	3	M+H
270.08477431832165	1	408.0011865348482	912.7152063963512	315	3	M+H
272.09575567483057	1	34.16519854434184	913.5610682656325	317	3	M+H
271.0885265941894	1	53.547325065967826	913.310568648098	318	3	M+H
270.0945915265483	1	45.03787385043929	913.2740391778448	319	3	M+H
286.11394736136754	1	32927.38690922513	911.6497418425779	320	3	M+NH4
288.1188661809479	1	282.5411760592073	911.2658041283765	321	3	M+NH4
287.11802526381956	1	3106.6193966446203	912.8247084618074	324	3	M+NH4
287.1117491413615	1	490.5374559408611	908.9526212481563	325	3	M+NH4
288.1208996869768	1	161.7487750591507	914.5436771965711	326	3	M+NH4
288.1150499351036	1	69.76014412625969	913.9040928014366	328	3	M+NH4
287.1207608593602	1	60.95247350514966	914.0773721397425	329	3	M+NH4
291.0699679882947	1	33127.221719074674	910.4503374559692	330	3	M+Na
292.07430490985695	1	59.205011576203795	910.9754233811186	332	3	M+Na
293.07810064765675	1	6.3308584170841815	909.8023613120346	333	3	M+Na
292.073176456268	1	3028.548647679847	911.7669700032259	334	3	M+Na
292.0668553671563	1	500.89455509810637	912.3082928547844	335	3	M+Na
293.0772513550196	1	155.2535511373678	909.3098997106385	336	3	M+Na
294.0781156573279	1	27.85223794532954	910.9526741594691	337	3	M+Na
293.0705273663415	1	49.43682636341597	912.4948608917553	338	3	M+Na
301.1141409185863	1	27827.884456379525	912.4954659116696	340	3	M+CH3OH+H
303.11810290553774	1	389.3521658985409	910.6571403994008	341	3	M+CH3OH+H
302.11747454560395	1	3022.033851416986	909.7065628065138	344	3	M+CH3OH+H
302.1113349341547	1	476.766106465037	910.5210010510356	345	3	M+CH3OH+H
303.1205075988613	1	226.82953013911276	913.2012861784631	346	3	M+CH3OH+H
304.12271165888126	1	49.109302855439395	911.9893224538686	347	3	M+CH3OH+H
303.1150644738933	1	50.12794670561151	914.5318748352787	348	3	M+CH3OH+H
302.12006646583393	1	52.61803359789824	910.7625829996967	349	3	M+CH3OH+H
312.11817913672706	1	320.35019797969125	915.8625850200209	351	3	M+ACN+H
313.1246879640022	1	8.843293584455447	911.3458213405534	353	3	M+ACN+H
311.11800880378405	1	3729.9762533760854	913.0672125598207	354	3	M+ACN+H
312.12157871761445	1	216.04437523138608	912.8893421605115	356	3	M+ACN+H
311.12058285081025	1	52.18491116534212	908.4801131960894	359	3	M+ACN+H
59.54678055912908	1	197760.69981581258	931.7307726000781	360	4	M+2H
60.54888524400803	1	811.9739673039685	932.993770594011	361	4	M+2H
60.55160467173643	1	14.589793771211383	930.1196589326338	364	4	M+2H
60.04995844864681	1	256.94084509597576	932.9159809132768	365	4	M+2H
60.04848621328624	1	10325.997371512924	931.4765417919652	366	4	M+2H
68.05999605156475	1	210412.6315331637	931.8906531407254	370	4	M+H+NH4
69.06213931934987	1	837.5315451188528	927.6603957339036	371	4	M+H+NH4
68.5620914804533	1	142.12818578914957	928.3722450219368	372	4	M+H+NH4
68.55844884974765	1	1338.6732317926012	933.9360628928798	373	4	M+H+NH4
69.06471130103363	1	18.80267797021603	929.738607997707	374	4	M+H+NH4
69.06010333400913	1	73.90284621171139	927.0256893749329	375	4	M+H+NH4
69.06341599494806	1	230.2079379430539	931.8103111113599	377	4	M+H+NH4
68.56172200548254	1	9047.336296603862	927.1807195181598	378	4	M+H+NH4
80.05998434795215	1	171974.8593518036	930.650357630159	380	4	M+ACN+2H
80.56221377119482	1	136.6343088886638	932.322358807215	382	4	M+ACN+2H
80.55854489926409	1	1251.959564595075	933.1757631988527	383	4	M+ACN+2H
81.0649288061726	1	26.852053291396224	930.7925948622375	384	4	M+ACN+2H
81.06020750645311	1	91.42446080995157	930.0439201978116	385	4	M+ACN+2H
80.56315938369887	1	357.22024288053655	929.1015673928265	386	4	M+ACN+2H
80.56153811875235	1	16896.513621858427	931.2316934161585	388	4	M+ACN+2H
81.56383664334159	1	58.436625343293265	926.5771875509322	389	4	M+ACN+2H
100.5733262434449	1	169290.46743935262	930.8609801873838	390	4	M+2ACN+2H
101.57540690435576	1	796.2833928022853	930.9277613992857	391	4	M+2ACN+2H
101.07566097259405	1	145.62136599993664	927.8810684411221	392	4	M+2ACN+2H
101.57819183432173	1	39.8743323290458	932.4770704836948	394	4	M+2ACN+2H
101.57652020474879	1	788.1630475830665	932.2383819710753	397	4	M+2ACN+2H
101.07494178839889	1	15510.249107402871	928.724500700435	398	4	M+2ACN+2H
120.09067296325344	1	783.6831275712848	929.5481736762074	401	4	M+H
119.09037341948078	1	146.05488319409773	929.1890877601519	402	4	M+H
119.083261560084	1	781.6448330525043	931.6962915768023	403	4	M+H
120.09588640175329	1	12.905707122205774	928.8004538254612	404	4	M+H
119.0924088233564	1	245.34733432447862	925.1567875005953	405	4	M+H
120.08666904379822	1	35.1255394402397	933.1089854506291	409	4	M+H
135.1128368964691	1	181910.04038194037	932.5734827686279	410	4	M+NH4
137.1169399461455	1	793.4534696832444	931.1969283221641	411	4	M+NH4
136.11707113506068	1	142.84781987080203	930.5491548746797	412	4	M+NH4
136.10969205937778	1	1429.3320389686994	930.4071549119767	413	4	M+NH4
137.1131090237388	1	68.9612186075963	926.788655516961	415	4	M+NH4
137.1194265512918	1	243.1096549279206	929.801932145991	417	4	M+NH4
136.1162001217768	1	8161.529737415667	931.6826778791743	418	4	M+NH4
138.12044983441865	1	41.36639110011558	928.6482501234078	419	4	M+NH4
140.06842816846716	1	226258.39691073782	927.2019078017419	420	4	M+Na
142.0724323426456	1	736.7934899617878	931.0606174717581	421	4	M+Na
141.07239774690933	1	153.564259553827	927.9225428505655	422	4	M+Na
141.06546471538692	1	664.1843726195123	931.8209375916912	423	4	M+Na
142.07786885115493	1	14.312105290403363	928.6818614682954	424	4	M+Na
141.07476050017928	1	240.4574222235437	931.1877375291996	425	4	M+Na
141.07148526222613	1	10696.270323988721	931.6544931380296	426	4	M+Na
142.07489513412705	1	209.61820170430312	930.920992867907	428	4	M+Na
142.06868511281073	1	40.595903329706616	928.8105471297952	429	4	M+Na
150.11259538860486	1	213342.38606232058	931.382249144311	430	4	M+CH3OH+H
152.11660995970735	1	1211.4658091180133	932.6864282143729	431	4	M+CH3OH+H
151.11656957177718	1	183.9941125349103	929.7300843278582	432	4	M+CH3OH+H
152.11272142281373	1	40.5521089077367	929.1205349830292	433	4	M+CH3OH+H
151.1093380090186	1	893.0959286824711	927.6580339677907	434	4	M+CH3OH+H
152.12215895351898	1	23.589987296003887	930.0768302416196	435	4	M+CH3OH+H
152.1190311124712	1	324.610090278927	928.0830007966829	437	4	M+CH3OH+H
151.1159152121031	1	11227.070857819943	933.0795451038174	438	4	M+CH3OH+H
153.11984896440856	1	74.40090535529731	930.1416234367496	439	4	M+CH3OH+H
161.1170530130622	1	694.0969179611251	928.2423351427858	441	4	M+ACN+H
160.1099370093053	1	1475.0752408332007	930.2555989583918	443	4	M+ACN+H
161.12236275786526	1	23.618104363458045	929.7117007034949	444	4	M+ACN+H
161.1133534154869	1	105.53957116629856	931.6958507291286	445	4	M+ACN+H
160.11620820952345	1	13380.763919523375	932.0759200241858	448	4	M+ACN+H
162.1205384617528	1	50.93674638159051	929.3662156286699	449	4	M+ACN+H
55.04165473655953	1	288757.69910252065	873.5102560812625	450	5	M+2H
56.03877854339318	1	3.6029326908007024	877.4985495638181	452	5	M+2H
55.544792260460284	1	304.1795676971265	871.1532314421427	453	5	M+2H
55.543394302468144	1	21983.413015768827	873.1050404056949	454	5	M+2H
56.04191576011751	1	140.56792107746003	873.3110716764162	455	5	M+2H
56.54352651682678	1	4.641606733382262	871.286699065311	458	5	M+2H
56.54673038447274	1	7.4085249869288425	876.3909546387008	459	5	M+2H
63.55491411500555	1	260824.05285663874	873.3296965909714	460	5	M+H+NH4
64.05343799094975	1	3331.255158198087	874.417708521412	461	5	M+H+NH4
64.55183995047608	1	11.027222247847725	876.1947355484245	462	5	M+H+NH4
64.5597177856967	1	28.80561204103587	874.2603502090567	467	5	M+H+NH4
64.55836491700678	1	414.3152043487921	872.1322311796245	468	5	M+H+NH4
75.5549482248203	1	253301.19014244486	876.7145850754541	470	5	M+ACN+2H
76.05343825245356	1	2562.6299404220053	874.927150388567	471	5	M+ACN+2H
76.55208599608231	1	12.483095366043012	872.3925078896201	472	5	M+ACN+2H
76.05797291366659	1	394.9975219857731	871.2495847283597	473	5	M+ACN+2H
76.05658859181473	1	26959.820129093856	871.8576133177365	475	5	M+ACN+2H
76.55514530991013	1	243.44728888634356	871.4361630298113	476	5	M+ACN+2H
76.5582871086609	1	972.5682269974677	877.0300117788559	478	5	M+ACN+2H
96.06822257167661	1	346540.5090242386	874.8003119968267	480	5	M+2ACN+2H
96.56675283903189	1	3877.629473585645	873.7127073041886	481	5	M+2ACN+2H
97.06520854726072	1	21.841372246861397	873.7969549222314	482	5	M+2ACN+2H
96.57130605676898	1	591.6695073946911	872.4264991336705	483	5	M+2ACN+2H
97.5732171421508	1	34.907312072860165	873.7264270152605	484	5	M+2ACN+2H
96.56994125647756	1	31773.13943102517	872.7755577610994	485	5	M+2ACN+2H
97.06844028346978	1	382.52258500546674	871.0540165326228	486	5	M+2ACN+2H
97.07316235193007	1	57.02202681895421	870.6942723243583	487	5	M+2ACN+2H
109.0759889995301	1	328326.89780152723	870.647140243338	490	5	M+H
110.07317909109751	1	2228.945038109411	867.496510478167	491	5	M+H
111.07018058033094	1	4.144778692617211	875.7469444036586	492	5	M+H
110.0822549915371	1	272.88099303575353	872.7910112531241	493	5	M+H
110.07915697275362	1	16448.67553615537	876.658057231321	494	5	M+H
111.07642441213905	1	151.08087379642106	875.4334782334504	495	5	M+H
112.07998976566297	1	3.6137515604322537	873.5660960094276	498	5	M+H
127.09951200054896	1	3171.1246030451075	871.176166605437	501	5	M+NH4
127.10888958589209	1	477.90627223495636	874.7474650068851	503	5	M+NH4
128.10292350851432	1	201.0648823411793	875.984564823732	506	5	M+NH4
128.11203083587066	1	28.788406819158784	874.2769711546213	507	5	M+NH4
129.1061617598361	1	6.162980183141926	872.3808062685185	509	5	M+NH4
131.057868165919	1	288032.38134162757	876.9197926707194	510	5	M+Na
132.0548778581617	1	2373.1225064879286	869.9067737115231	511	5	M+Na
132.06409373555988	1	267.50952732237675	874.6321268836944	513	5	M+Na
133.05858252279083	1	141.01159782816802	872.6608688524304	515	5	M+Na
133.06746723466134	1	18.90010626299141	873.094964136396	516	5	M+Na
134.06175961598248	1	3.9059221372444823	873.2707007234501	518	5	M+Na
141.1022905738329	1	295451.84919839393	872.0904909664605	520	5	M+CH3OH+H
142.10637839942262	1	111.25023686558059	873.9137633544992	522	5	M+CH3OH+H
142.09922285290625	1	2053.545499396462	871.9496546121464	523	5	M+CH3OH+H
143.1117332844682	1	34.37673378424276	876.3836509348546	524	5	M+CH3OH+H
143.10275265539258	1	142.90085522609144	875.3710013445838	525	5	M+CH3OH+H
143.10886227593528	1	706.0963150382722	873.181544903539	527	5	M+CH3OH+H
142.10543813621382	1	22531.88865874013	872.3370822165549	528	5	M+CH3OH+H
150.10276453259192	1	260648.87891821685	877.5271674935115	530	5	M+ACN+H
152.0966300258974	1	11.139309845607182	874.6194985060135	532	5	M+ACN+H
151.10883311412744	1	371.9462507098814	874.1091110982651	533	5	M+ACN+H
151.10595056434656	1	22534.210498304907	872.9769976853465	535	5	M+ACN+H
152.1029300353275	1	238.11509515552353	872.0219766633701	536	5	M+ACN+H
152.11225102689195	1	38.66413411664774	874.7380475098499	537	5	M+ACN+H
153.1064384383365	1	10.68637097339248	877.1002395126662	539	5	M+ACN+H
117.06785337538493	1	132434.02476960403	948.3257106802877	540	6	M+2H
118.06985044771413	1	558.4946652731511	948.1467958129682	541	6	M+2H
117.57009767465964	1	97.64025055146253	953.3489946206603	542	6	M+2H
117.5662773240109	1	940.1507952191407	952.4524090323262	543	6	M+2H
118.57290674710232	1	51.8290797694227	951.4777808473286	544	6	M+2H
117.57094339123275	1	267.66961766633995	950.8859766565229	546	6	M+2H
118.06803569177337	1	112.64633886981329	951.5777611927685	547	6	M+2H
117.56962727390396	1	19122.740024673112	948.3643520025333	548	6	M+2H
126.58342800508169	1	555.7207072474662	952.372560188433	551	6	M+H+NH4
126.08319713494656	1	123.43839439884154	952.8767543612306	552	6	M+H+NH4
126.58128769054917	1	193.12386824310227	950.0178561976197	555	6	M+H+NH4
126.08433267840176	1	386.87827464924476	947.5255326653412	556	6	M+H+NH4
126.58434351305237	1	1251.5755480267378	949.4872196542287	557	6	M+H+NH4
126.08284316580087	1	20529.949407550273	953.4511080384142	558	6	M+H+NH4
138.0835311183263	1	107.02836515544472	952.0082600845512	562	6	M+ACN+2H
139.08615048748	1	76.56206161728883	955.2173448894127	564	6	M+ACN+2H
138.58136086952447	1	261.43724760683705	952.7367576899998	565	6	M+ACN+2H
139.08486787111204	1	79.78732109006043	954.0801824251915	569	6	M+ACN+2H
158.09442189850145	1	122949.88741988501	948.432046319488	570	6	M+2ACN+2H
158.59634870681077	1	84.04113594678283	949.4319520960894	572	6	M+2ACN+2H
158.59306788849125	1	1753.6641601411163	951.6762712211279	573	6	M+2ACN+2H
159.59960483831262	1	109.17981305336544	950.9904862319225	575	6	M+2ACN+2H
158.59764878076612	1	391.1485185325101	954.821199725973	576	6	M+2ACN+2H
159.0977375709407	1	2124.895579172862	951.1087788893309	577	6	M+2ACN+2H
158.59594231596216	1	27210.85272616887	954.0113294383702	578	6	M+2ACN+2H
233.12843749308902	1	140743.72153693935	951.8123725859069	580	6	M+H
234.13259729343272	1	94.54081796360946	951.2942871359302	582	6	M+H
235.12904787869232	1	156.70311173316972	951.1442895023247	587	6	M+H
234.13150547265354	1	18710.23597763915	952.1832814140479	588	6	M+H
251.15912688706302	1	109.88825284526254	952.1757769203183	592	6	M+NH4
252.15529650355	1	191.32174555646756	953.5532810946105	595	6	M+NH4
251.15865482724368	1	18546.557947539637	949.8892201998457	598	6	M+NH4
257.114611469716	1	521.5341073832828	951.6648245252985	601	6	M+Na
256.1139285772746	1	98.25030052231496	947.7547839632255	602	6	M+Na
258.12065443134793	1	55.0366898377305	949.5868339968416	604	6	M+Na
257.1107476088701	1	152.61153093895075	949.9951698670121	605	6	M+Na
257.1170999990877	1	1271.136798157393	948.5397124267892	607	6	M+Na
265.1543397683428	1	161961.76986624807	949.4970938859077	610	6	M+CH3OH+H
266.1518503110317	1	923.8065857231871	949.5753855296597	614	6	M+CH3OH+H
268.16479195686236	1	57.38658563372071	948.0104860875623	615	6	M+CH3OH+H
268.16220487118346	1	123.67671778531384	952.6898750386378	616	6	M+CH3OH+H
266.16078068468516	1	299.7023604858204	953.4220168174988	617	6	M+CH3OH+H
267.16158810395746	1	1468.0965176833806	951.7077027096717	618	6	M+CH3OH+H
274.1544854239088	1	152151.22116203583	950.187906710929	620	6	M+ACN+H
275.1594257026734	1	95.68496201410333	951.0495133021117	622	6	M+ACN+H
275.1517134097533	1	1376.660111237404	949.5363457588004	623	6	M+ACN+H
277.1653808963913	1	73.96660906527919	949.6634002886688	624	6	M+ACN+H
276.15591335186554	1	236.11233574264304	949.0121790683532	625	6	M+ACN+H
275.1615862887753	1	325.9007162963958	951.0375075074417	626	6	M+ACN+H
275.1584467701352	1	21227.05606304089	952.7374937140048	628	6	M+ACN+H
94.04138700151823	1	269026.7738716568	1134.7833509733807	630	7	M+2H
95.0433620687283	1	1148.714312227851	1132.909565640519	631	7	M+2H
94.54356484481143	1	226.419474971316	1134.748517044832	632	7	M+2H
94.54450861027746	1	318.0773573056147	1134.8401521125168	633	7	M+2H
94.54304281286535	1	31446.887230853637	1132.9785843313914	634	7	M+2H
95.54524580785198	1	129.0651705634109	1133.301408022545	635	7	M+2H
95.04644631130245	1	41.594544478273455	1130.614863172474	637	7	M+2H
95.04464965477622	1	1894.1748410107589	1134.6797393808743	638	7	M+2H
95.54635225047582	1	67.55674917986322	1133.0453534403794	639	7	M+2H
102.5546020263998	1	234512.46270362122	1131.004085896661	640	7	M+H+NH4
103.55684013458131	1	1043.9735215511073	1133.2528339533676	641	7	M+H+NH4
103.05674175497428	1	215.87363073957607	1132.1349648116143	642	7	M+H+NH4
104.05984382241313	1	71.75067103284839	1133.7668593772573	644	7	M+H+NH4
103.05639993781735	1	36591.88002565412	1133.0663076904486	646	7	M+H+NH4
104.05836595142381	1	137.76001308250076	1134.284065940488	647	7	M+H+NH4
103.554688461342	1	114.56688206902366	1132.3470596457719	649	7	M+H+NH4
115.0566849520369	1	179.38711816653569	1132.7561042288014	652	7	M+ACN+2H
116.05976523340225	1	118.59278954108564	1132.7146123950924	654	7	M+ACN+2H
115.55782277544976	1	2636.0828318134736	1137.710666250756	658	7	M+ACN+2H
115.55486480474963	1	124.10135533642348	1132.8422293764745	659	7	M+ACN+2H
135.06776895083675	1	205009.47478927928	1132.4779302391441	660	7	M+2ACN+2H
136.070012803819	1	870.616362842244	1130.7119813128884	661	7	M+2ACN+2H
135.57004254575384	1	175.55525017252515	1133.987922808036	662	7	M+2ACN+2H
135.56633319230986	1	1532.8350173641622	1131.295332629862	663	7	M+2ACN+2H
136.5730940897878	1	178.80542892438663	1134.3793310740732	664	7	M+2ACN+2H
136.07119048539312	1	2938.878428403722	1133.5704404273024	665	7	M+2ACN+2H
187.07530039190297	1	253914.42859553534	1133.7804126657018	670	7	M+H
189.0796943885379	1	874.0246626979398	1135.3609655815924	671	7	M+H
188.07960369250884	1	198.5876263121702	1132.3291572641153	672	7	M+H
188.08160895119337	1	293.5126285175749	1128.9801443556225	673	7	M+H
190.08273033714767	1	149.47839637305063	1135.0172056543001	675	7	M+H
189.0829069462176	1	25.25843033844758	1132.0270579562828	676	7	M+H
189.08478917531934	1	38.165540574793866	1134.6830829691685	677	7	M+H
189.08200550330955	1	2138.8070179218093	1135.498628249441	678	7	M+H
190.08569611250562	1	72.00278755570935	1134.2880792393505	679	7	M+H
204.10165670172483	1	252305.58905579345	1132.1024412434938	680	7	M+NH4
206.10609596967464	1	981.9870769162457	1132.5003902550739	681	7	M+NH4
205.10611933038433	1	170.06415841315032	1131.8929268997108	682	7	M+NH4
205.10805673338905	1	446.47389772716195	1135.7626961628189	685	7	M+NH4
205.1056418449389	1	29773.21250147758	1132.1121699349665	686	7	M+NH4
207.10960199705684	1	149.78666869722778	1130.5709772964874	687	7	M+NH4
206.10857684997416	1	1979.4491035717642	1133.7610490264435	688	7	M+NH4
206.10206530375447	1	118.29969430218318	1135.0276468651184	689	7	M+NH4
209.057060934629	1	244924.1882785049	1137.5157047237258	690	7	M+Na
210.06366103189836	1	317.86104852765345	1131.5903928414507	693	7	M+Na
210.0605917142073	1	28393.40676589607	1132.2480286432406	694	7	M+Na
212.06505795963568	1	147.96585805536674	1129.4119891502812	695	7	M+Na
211.06483301852145	1	22.92548686720515	1133.4604995903323	696	7	M+Na
212.06715338509431	1	69.93795363043728	1135.4679637247123	699	7	M+Na
219.1018550630735	1	301648.8586057931	1132.9991461182062	700	7	M+CH3OH+H
222.11177922249522	1	72.27692885596935	1130.1215188912179	703	7	M+CH3OH+H
220.10785578751614	1	379.7291902867129	1134.3491720393524	704	7	M+CH3OH+H
220.10454081184614	1	38971.29321004437	1130.4238982192414	705	7	M+CH3OH+H
222.10879770429565	1	215.6060722370618	1135.5193370938305	706	7	M+CH3OH+H
221.10944598597143	1	40.16311389101407	1133.520304470356	707	7	M+CH3OH+H
221.11149423469524	1	57.153389713453194	1133.825957380536	708	7	M+CH3OH+H
221.10790926847702	1	2346.9014354011097	1135.1217889149423	709	7	M+CH3OH+H
228.10191449833104	1	228451.41630004713	1135.5934189255568	710	7	M+ACN+H
230.10622250833694	1	1236.4755611678404	1134.5370003327032	711	7	M+ACN+H
229.09909228269194	1	845.0943291716549	1134.3537661153052	713	7	M+ACN+H
231.11176240543713	1	101.96824390971584	1133.0253830162674	714	7	M+ACN+H
229.10507356583352	1	30342.250505597236	1131.8523681613135	716	7	M+ACN+H
231.10982882313837	1	143.17455976816254	1130.952152490257	717	7	M+ACN+H
230.10882250331326	1	3318.2549790981216	1132.3025656689547	718	7	M+ACN+H
230.10230768032827	1	136.68899589140855	1131.6681271630464	719	7	M+ACN+H
112.05446355020119	1	340.9456192480887	624.9726124136193	722	8	M+2H
112.55551585523025	1	485.3541602910384	627.3963358114844	723	8	M+2H
112.05084120647001	1	524.7452940266556	628.0806056885478	725	8	M+2H
112.05549380293603	1	289.42058061419624	623.1834413040515	727	8	M+2H
120.06535571193578	1	149022.06654455754	625.203610499841	730	8	M+H+NH4
121.06751625583776	1	1759.2818071839524	623.8297947965007	731	8	M+H+NH4
121.06560282669932	1	104.99159541076456	621.7164159462261	733	8	M+H+NH4
121.56918553762061	1	161.9345741154129	623.4508593486746	734	8	M+H+NH4
121.0703075172932	1	32.67933535441441	622.2651683405325	736	8	M+H+NH4
120.56728545576013	1	13241.136496168883	624.9252948669462	737	8	M+H+NH4
121.0688509215492	1	512.5510304430234	625.380013319233	738	8	M+H+NH4
132.06555056046392	1	132758.45899679288	625.4990937791126	740	8	M+ACN+2H
132.56758278719272	1	363.4969938113582	626.0961245736348	742	8	M+ACN+2H
133.06574313049882	1	113.28867819037025	622.3446490270173	743	8	M+ACN+2H
133.56925736242897	1	180.3356415643936	626.1789548517022	744	8	M+ACN+2H
132.56418800539214	1	925.0674697506374	622.567738942625	745	8	M+ACN+2H
133.07037349722034	1	34.55274250099567	624.1373243616343	746	8	M+ACN+2H
132.567192215926	1	14036.742493893802	623.7217997352994	747	8	M+ACN+2H
133.06898849283886	1	638.5625541276494	622.5991181075756	748	8	M+ACN+2H
132.56875650943726	1	357.15290732517263	623.0720221156932	749	8	M+ACN+2H
152.5788771797535	1	135772.2573848523	624.5439530999035	750	8	M+2ACN+2H
153.58100844198165	1	1889.2698126613527	622.0168938886848	751	8	M+2ACN+2H
153.08083886557392	1	346.9063370705316	627.0202443629553	752	8	M+2ACN+2H
153.57889134892093	1	187.17301336592178	623.6386166682084	753	8	M+2ACN+2H
154.08277682391346	1	232.42584983463203	623.6694024916245	754	8	M+2ACN+2H
153.0772752029675	1	1469.8089268268886	624.5919835286533	755	8	M+2ACN+2H
153.58358973169285	1	46.956240758537746	627.1701623342168	756	8	M+2ACN+2H
153.08036240597605	1	16135.291205799447	625.6898849927753	757	8	M+2ACN+2H
153.58187520477568	1	953.227306716726	625.8615559091061	758	8	M+2ACN+2H
153.08199113411982	1	402.6025096721684	624.2543595981284	759	8	M+2ACN+2H
224.10132207557695	1	1793.540080524207	626.909608233328	761	8	M+H
224.10400863748987	1	520.9328784812046	622.2623919617716	763	8	M+H
224.10460062336367	1	24.163200285742974	622.5762599238433	764	8	M+H
223.09406832298382	1	524.7818135548706	622.2414904720985	765	8	M+H
224.09759646880036	1	41.485547646377086	623.3957031419535	766	8	M+H
223.10379894362993	1	275.07633581657893	626.2426009808496	767	8	M+H
225.10484122446377	1	156.51264136205504	624.6695042831271	768	8	M+H
223.1005589674939	1	13646.48982060271	628.8556659801837	769	8	M+H
241.12859318461173	1	1918.0412427359067	625.7172096389942	771	8	M+NH4
240.12801289969676	1	270.254599297996	626.1886076053665	772	8	M+NH4
242.13173508752254	1	149.21186197868593	622.3077003669384	774	8	M+NH4
240.12127418943655	1	1059.2923472837956	622.9568822343722	775	8	M+NH4
241.13035525003605	1	430.70403534384644	624.7574117121954	776	8	M+NH4
241.13142146474755	1	24.56831637482773	626.236474772128	778	8	M+NH4
240.13008898212047	1	328.6315188879367	627.5037342659973	779	8	M+NH4
244.07903075275757	1	162758.7853594828	623.8471432085128	780	8	M+Na
245.08304116211846	1	364.3019366958576	627.6965833628279	782	8	M+Na
246.08592739923085	1	359.8705421431083	626.7386087144281	783	8	M+Na
246.08654762666973	1	33.33682774203374	623.9645106630484	784	8	M+Na
246.07992451879116	1	54.46637710017563	627.0206013580404	786	8	M+Na
247.08639842499042	1	180.36337075000097	622.7504773235639	788	8	M+Na
245.08267085809933	1	14495.034441099624	619.6808867481085	789	8	M+Na
254.12317737531626	1	143203.49568684842	623.4067704585777	790	8	M+CH3OH+H
256.1275429522833	1	2292.460960752484	623.2156986471672	791	8	M+CH3OH+H
255.12030538027716	1	486.21944327288674	623.0902302398808	795	8	M+CH3OH+H
256.1233705530317	1	44.177004656609746	621.9735523558948	796	8	M+CH3OH+H
255.13066544833802	1	321.2719854505968	625.3703286900143	797	8	M+CH3OH+H
256.13099351386904	1	36.11871705452629	622.9269557240102	798	8	M+CH3OH+H
255.1268440850066	1	14444.422512882653	621.5527932045031	799	8	M+CH3OH+H
263.12363588767715	1	141593.18768888584	622.488423950115	800	8	M+ACN+H
264.1277999156643	1	378.02041172957246	628.693383969071	802	8	M+ACN+H
265.1244197096332	1	114.74170524748142	625.5626263725309	803	8	M+ACN+H
266.1317555787554	1	218.44032613284946	625.272777979822	804	8	M+ACN+H
265.1306837396536	1	779.0531791594564	622.594740250154	806	8	M+ACN+H
264.12647016357334	1	14959.758258704484	623.2210532067351	807	8	M+ACN+H
265.1318553570878	1	37.94455214708532	626.8158945006105	808	8	M+ACN+H
264.13021238848376	1	291.60149457630126	624.6829414811054	809	8	M+ACN+H
77.53412981310159	1	421.06818831041375	449.43501158950426	811	9	M+2H
77.03420898997415	1	75.50448334502279	445.11278376181167	812	9	M+2H
77.53533945199672	1	223.11003942882817	448.8378080131021	814	9	M+2H
77.5288971711202	1	29.770900102131773	449.53558166695956	815	9	M+2H
77.03508390471951	1	157.52486599124566	449.9962380945556	816	9	M+2H
77.53237219555074	1	165.93070085010362	446.5279299563023	817	9	M+2H
77.03359323648269	1	11783.765629702215	447.2442608661267	818	9	M+2H
78.0357336814385	1	19.0965740447831	446.9201071820296	819	9	M+2H
85.04523647289109	1	219829.15547478863	448.00301606957856	820	9	M+H+NH4
85.54726603731882	1	75.63842605539594	443.098252195904	822	9	M+H+NH4
85.54370829070557	1	4388.8125180411425	450.24397429243544	823	9	M+H+NH4
86.04866022861466	1	261.27068510952154	449.10955637948956	824	9	M+H+NH4
86.04216872670793	1	39.2497380891435	446.42085261167784	825	9	M+H+NH4
85.54848427741638	1	216.92598497874107	448.86100756097187	826	9	M+H+NH4
86.04543800079973	1	274.27035548770795	447.2989014657025	827	9	M+H+NH4
85.54686532255315	1	10874.685331125487	443.17487842404825	828	9	M+H+NH4
86.54898893668141	1	19.41566060215825	444.4697026446821	829	9	M+H+NH4
97.04514953901186	1	194759.1559940476	445.65991751648016	830	9	M+ACN+2H
97.54734595149388	1	79.75242640150829	445.45684019785796	832	9	M+ACN+2H
98.04859133705492	1	491.51781922283976	449.2868907630464	834	9	M+ACN+2H
98.04228243120144	1	39.26387435406554	446.1959724519217	835	9	M+ACN+2H
97.54692023241512	1	15603.961834455818	444.00971374275537	838	9	M+ACN+2H
98.54893463659144	1	32.01357379374579	445.90646788419104	839	9	M+ACN+2H
117.55869299689085	1	147534.26021675393	448.2092302689748	840	9	M+2ACN+2H
118.56071113714603	1	349.92460497468966	446.01383693765905	841	9	M+2ACN+2H
118.06052371796595	1	68.97584242600288	447.9108417207181	842	9	M+2ACN+2H
118.05696949877473	1	4604.433658102626	447.4697326290711	843	9	M+2ACN+2H
118.55561418813147	1	44.72536144625044	447.07114356871745	845	9	M+2ACN+2H
118.55899152474046	1	440.3591494930721	446.56381338206927	847	9	M+2ACN+2H
118.06012724448156	1	17241.922821692442	445.897753229113	848	9	M+2ACN+2H
119.06228458916098	1	43.090293371800776	444.09507346833317	849	9	M+2ACN+2H
152.05629453320802	1	206341.7700992254	446.59285897836514	850	9	M+H
153.06106810335913	1	66.84640176920712	445.0435984168547	852	9	M+H
153.0536178985633	1	3810.5403136936084	450.6574248085992	853	9	M+H
154.06341863886018	1	250.9509617076555	450.4895411642564	854	9	M+H
153.06014347773254	1	10828.65504583321	447.8804474839789	858	9	M+H
171.0878505205394	1	374.752988481318	446.24363653239834	861	9	M+NH4
170.0877149328663	1	72.57509703609034	448.7337962988285	862	9	M+NH4
170.0802295595853	1	5169.125179366243	446.7287107353019	863	9	M+NH4
171.0899742297476	1	236.48861312632738	444.3606502347001	864	9	M+NH4
171.077544991131	1	45.953811234308844	444.8449395387626	865	9	M+NH4
170.08947196956538	1	237.18237955890586	443.9057839248876	866	9	M+NH4
171.08362594448226	1	224.38580163777368	444.3249061533892	867	9	M+NH4
170.08667421249578	1	8926.428723088326	449.2064584690324	868	9	M+NH4
174.03878337297786	1	175590.5102826805	446.4790575126523	870	9	M+Na
176.04300225257842	1	409.7808234662618	443.8310508265483	871	9	M+Na
175.03598816444128	1	3478.5345970943795	447.3442831768294	873	9	M+Na
176.04524728682813	1	233.10572588072841	449.69952805639775	874	9	M+Na
176.03255401144335	1	27.245900721659485	449.3740180187	875	9	M+Na
175.04485683551957	1	127.00946673196663	448.15139996012255	876	9	M+Na
177.04625937012045	1	19.8873036628269	448.01145562775923	878	9	M+Na
176.03887590558725	1	204.03414151922135	446.03006465516876	879	9	M+Na
184.08286597345722	1	190433.3183012697	445.14165259604863	880	9	M+CH3OH+H
186.08715278012002	1	700.1871757907678	443.58592434760294	881	9	M+CH3OH+H
185.08716520539295	1	133.7315147834184	446.645044788597	882	9	M+CH3OH+H
186.08961409641654	1	297.78678643362656	447.537691867431	884	9	M+CH3OH+H
187.09029822626724	1	58.03859731893728	447.99296050460276	885	9	M+CH3OH+H
186.07713188244543	1	26.534563559794197	446.3160563093871	886	9	M+CH3OH+H
185.0895163384909	1	241.9445163667365	447.5809758663283	887	9	M+CH3OH+H
186.08301125988956	1	239.03428979599593	445.1413040611123	888	9	M+CH3OH+H
185.0862922354987	1	12415.401095386622	447.3842134043607	889	9	M+CH3OH+H
195.08759453193082	1	427.16356223297146	445.9712531980252	891	9	M+ACN+H
194.08740843970097	1	71.73686120193734	445.0490632524721	892	9	M+ACN+H
195.089970125014	1	479.30885238706276	446.0757442384726	894	9	M+ACN+H
195.08360452775625	1	304.1814670886777	448.9728196235149	897	9	M+ACN+H
194.08667883880403	1	14539.782282727605	447.03109809047226	898	9	M+ACN+H
196.0911347856029	1	31.948458145704596	446.28209598851447	899	9	M+ACN+H
85.5441770735488	1	62834.62357857458	851.5023744157396	900	10	M+2H
86.54625003915243	1	405.9842650329703	850.3885132150853	901	10	M+2H
86.54446460430623	1	18.598433233778838	850.4240330517904	903	10	M+2H
86.04270767222383	1	216.5694605374358	850.3261446167014	904	10	M+2H
86.54901266511357	1	6.584441061660795	845.5549977367951	905	10	M+2H
86.04746321383634	1	84.22475469231034	852.6342312093094	906	10	M+2H
86.04595309854226	1	4805.458419367182	849.2504732564516	907	10	M+2H
87.04792383116445	1	30.187967393397273	850.406355793803	908	10	M+2H
94.05749329857817	1	57399.427566756494	850.0069734200017	910	10	M+H+NH4
95.05955416313087	1	352.40602803006374	849.612943440077	911	10	M+H+NH4
94.55960013655073	1	77.11431264325728	850.0240926154672	912	10	M+H+NH4
95.56122453245479	1	33.48650147358796	849.6958162782868	913	10	M+H+NH4
94.55601759518979	1	449.87901670859344	850.4795586284503	914	10	M+H+NH4
95.05770526302504	1	34.69590956483841	848.3811775496058	916	10	M+H+NH4
94.559152414795	1	5474.950656482624	849.642499667153	918	10	M+H+NH4
95.0608687589611	1	165.35015932910278	849.6280737764449	919	10	M+H+NH4
107.56127197510722	1	34.4858201837764	847.0109812108519	923	10	M+ACN+2H
107.0622589313107	1	10.27644228942344	849.5137179486741	925	10	M+ACN+2H
107.0578298916329	1	44.84650515598004	849.6770812249791	926	10	M+ACN+2H
107.06114552887709	1	277.3461956188373	849.1244063036299	929	10	M+ACN+2H
126.57095165586968	1	51131.531095943385	849.2233033806305	930	10	M+2ACN+2H
127.57252160988276	1	340.67157841648816	847.6195645412655	931	10	M+2ACN+2H
127.0724851451153	1	6200.565991039267	849.6142746115402	933	10	M+2ACN+2H
127.06918115472143	1	676.8708112717607	850.8452236786136	934	10	M+2ACN+2H
127.57528989608875	1	15.046429204293673	851.1256345522281	935	10	M+2ACN+2H
127.57394951765797	1	390.6076965369176	847.3270352241008	936	10	M+2ACN+2H
127.57104543181032	1	74.88076268120666	850.9595527742775	937	10	M+2ACN+2H
127.07387788636181	1	123.3724804330638	848.2141394818617	938	10	M+2ACN+2H
128.07471730077577	1	37.92843207357088	847.5516419758278	939	10	M+2ACN+2H
170.081002592285	1	53142.039849893285	847.6831268157832	940	10	M+H
172.08534090428404	1	371.1129020740132	849.9948785189691	941	10	M+H
171.08533234887994	1	73.74784710279539	848.8008019256238	942	10	M+H
172.081711025823	1	19.483120750131242	851.5959284773913	943	10	M+H
171.0780693769061	1	249.15952375243364	847.2865910777323	944	10	M+H
172.09072157313042	1	7.414875200941693	850.0772770041604	945	10	M+H
171.08457217743336	1	4799.46109830189	850.2766172633042	947	10	M+H
173.0888656862998	1	31.483516670488694	850.3470656110699	948	10	M+H
187.10749809768288	1	49380.002026400354	849.1569679963455	950	10	M+NH4
189.1119753029564	1	369.7144645029336	850.5917223082146	951	10	M+NH4
188.11202670459247	1	57.428696880506166	845.2253601277152	952	10	M+NH4
190.11519710054213	1	28.13123717376941	854.0502306634585	953	10	M+NH4
188.10462533948706	1	477.7198474847288	851.1534089069406	954	10	M+NH4
189.11740690246975	1	8.271438333959848	852.8237320738789	955	10	M+NH4
188.1139802915989	1	78.40475788709253	849.1524534938275	957	10	M+NH4
192.0629900880972	1	60047.50469914896	847.7098980468818	960	10	M+Na
194.06711943439788	1	360.67235042540705	852.9405748806657	961	10	M+Na
193.06728656071832	1	57.28789254630758	849.3036479112372	962	10	M+Na
194.0726815598129	1	6.839130763173088	852.0885995741112	965	10	M+Na
195.07066067966278	1	32.84672791641534	846.496848742477	968	10	M+Na
194.06967654887052	1	187.19691377343472	848.7206656036061	969	10	M+Na
202.10753013005436	1	51432.74783850083	849.4788764594845	970	10	M+CH3OH+H
203.1115802360336	1	106.56014073264964	850.69796859248	972	10	M+CH3OH+H
204.1078003094551	1	19.965252613821306	850.4535803806826	973	10	M+CH3OH+H
203.10422955170077	1	214.84746470801937	851.8471048534952	974	10	M+CH3OH+H
203.11386753384295	1	91.78400475587125	850.3020956971337	976	10	M+CH3OH+H
204.11441212767983	1	244.25256113718513	854.2628377661221	977	10	M+CH3OH+H
205.11489386120203	1	37.33888116631038	849.9856362777136	979	10	M+CH3OH+H
211.1076206126206	1	59090.117696790374	846.0007911738813	980	10	M+ACN+H
213.11207527904952	1	357.97545349201295	849.4209593572308	981	10	M+ACN+H
212.1117912616859	1	62.74347992200636	848.9262391100679	982	10	M+ACN+H
214.11525952167258	1	40.890705760608675	850.2395831740796	983	10	M+ACN+H
212.10486981055138	1	403.2477349818422	848.9204905752574	984	10	M+ACN+H
213.10816794889712	1	42.677329080149455	846.2822694287936	986	10	M+ACN+H
212.1141642308509	1	85.23790513799331	848.6197063429141	987	10	M+ACN+H
213.11451366571933	1	263.330749668769	846.949271256328	988	10	M+ACN+H
212.11116198322026	1	5832.741401234679	848.8471378193661	989	10	M+ACN+H
99.50512207950993	1	140029.18323330514	1268.8647838169516	990	11	M+2H
100.50711549419833	1	558.87233751496	1276.305598848222	992	11	M+2H
101.50710657249168	1	95.81573138242734	1270.0161870931856	993	11	M+2H
100.00706149460574	1	94.40550143476081	1271.5066430224829	994	11	M+2H
100.00687983059508	1	7632.632757544103	1270.0662820513483	995	11	M+2H
100.00339619466799	1	579.5026944193396	1269.8442948015959	996	11	M+2H
100.0080682142495	1	238.22686357725246	1272.1011941983002	999	11	M+2H
108.01849352444613	1	141571.28225568717	1269.3394109077237	1000	11	M+H+NH4
109.02026991811422	1	606.2300521209074	1269.890010363862	1002	11	M+H+NH4
109.02166155940888	1	164.97840151968776	1269.9419840364703	1003	11	M+H+NH4
108.51997953869595	1	7711.724800658887	1269.6470660523225	1005	11	M+H+NH4
108.51692555127347	1	1324.9947218424843	1272.4290603596767	1006	11	M+H+NH4
109.52019478402205	1	1447.7447555205997	1267.7055626364543	1008	11	M+H+NH4
108.52127924153602	1	306.3879341385971	1272.332573741934	1009	11	M+H+NH4
120.0183030880084	1	161552.64194922175	1271.0521193644292	1010	11	M+ACN+2H
121.01820228757458	1	23800.414493479235	1269.148050851839	1011	11	M+ACN+2H
121.02052389144406	1	571.1511032609463	1272.9701680490746	1012	11	M+ACN+2H
121.0216948844108	1	320.0518233578095	1270.8292676934282	1013	11	M+ACN+2H
120.52050353287258	1	122.94757822362904	1270.486550992966	1014	11	M+ACN+2H
120.51694084122273	1	909.3935916517919	1269.68917434699	1016	11	M+ACN+2H
121.51678937239329	1	179.57320158358627	1271.4101095933302	1017	11	M+ACN+2H
120.52142116099522	1	265.0020226558666	1272.5701597502919	1019	11	M+ACN+2H
141.53190935904095	1	26074.797942427187	1274.1240940019977	1021	11	M+2ACN+2H
141.53380011588692	1	522.0287326084929	1272.2424174463472	1022	11	M+2ACN+2H
141.53485507028532	1	629.1056094441561	1271.5935113662092	1024	11	M+2ACN+2H
141.0332141489403	1	11914.43635209435	1268.175384189627	1025	11	M+2ACN+2H
142.03037107339995	1	240.4585543659142	1273.4291490936207	1027	11	M+2ACN+2H
142.0334417798531	1	2391.3310066942945	1269.8534558644121	1028	11	M+2ACN+2H
141.03474243126726	1	329.52105433714297	1266.1923089152458	1029	11	M+2ACN+2H
198.00314043365356	1	136822.1229573866	1270.9030347868086	1030	11	M+H
200.0069414264706	1	620.1266471010581	1272.7579295419334	1032	11	M+H
202.0071909358351	1	103.83838709429428	1269.5034397127201	1033	11	M+H
199.00675273839872	1	118.46057239471584	1266.7864379734665	1034	11	M+H
199.00597607516298	1	7106.208709863688	1272.391723056723	1035	11	M+H
198.99999518769465	1	472.21369086029796	1271.823942385663	1036	11	M+H
200.00953153418078	1	162.49354464699528	1271.3993161143305	1037	11	M+H
201.00655418630615	1	1238.5582068092256	1271.4231497160138	1038	11	M+H
199.00862972416192	1	229.01396437294716	1271.3299469223427	1039	11	M+H
215.02941632841018	1	164446.59880025755	1269.5199182612548	1040	11	M+NH4
216.03385836932054	1	117.50871572246031	1271.8503065210446	1044	11	M+NH4
216.0327448695726	1	6163.2592849503935	1272.2170946612107	1045	11	M+NH4
218.03248004479357	1	1509.086137595596	1268.5441213759157	1048	11	M+NH4
219.98445136630772	1	135304.32622449342	1275.5345325448893	1050	11	M+Na
221.98875160622532	1	528.8144949856164	1271.6116800277678	1052	11	M+Na
223.98914620162245	1	113.60919988145169	1274.7149998823143	1053	11	M+Na
220.9891000449644	1	119.33390518802474	1270.0792253235716	1054	11	M+Na
220.98219278686756	1	551.6321988362926	1270.7399434478514	1056	11	M+Na
221.99150569238304	1	167.8024837722286	1273.2897077063963	1057	11	M+Na
222.9883093541249	1	1177.7943689797478	1271.8370174181969	1058	11	M+Na
220.99089391434845	1	172.31434838109342	1274.208940439321	1059	11	M+Na
232.02912271554914	1	23864.75446563861	1269.9376770254098	1061	11	M+CH3OH+H
231.03340496173436	1	180.03590462614062	1271.4013323650104	1064	11	M+CH3OH+H
231.0323061732881	1	11413.866822464235	1273.8324610093935	1065	11	M+CH3OH+H
231.02582216072776	1	496.45046537107106	1271.0192914915108	1066	11	M+CH3OH+H
233.03281000535972	1	1680.2673739964284	1270.1254390330125	1068	11	M+CH3OH+H
231.0353923304856	1	261.3256293937301	1274.6769709237085	1069	11	M+CH3OH+H
239.0292133516626	1	137462.9827021831	1272.2922119240088	1070	11	M+ACN+H
241.02892151635	1	24700.926553511945	1270.5494892529339	1071	11	M+ACN+H
241.03377381248134	1	632.3620353421411	1271.665819731044	1072	11	M+ACN+H
241.0359777035767	1	391.70055589897873	1269.8303185577574	1073	11	M+ACN+H
240.03232759748087	1	12334.809805843606	1267.4605181429076	1075	11	M+ACN+H
242.03291844494586	1	1538.5267011503033	1271.2751603389859	1078	11	M+ACN+H
76.53071601847903	1	1502.9013780216278	1160.1525627992137	1081	12	M+2H
76.53617895795873	1	43.81432145012313	1157.0124481966227	1083	12	M+2H
76.53500541860053	1	179.8684060863143	1157.551596466368	1084	12	M+2H
77.03230623040065	1	103.39067745351315	1157.3586595650659	1085	12	M+2H
76.03445942239831	1	2443.011749885053	1157.7432941015988	1086	12	M+2H
84.04601041935865	1	37737.96369466196	1160.6839031485438	1090	12	M+H+NH4
85.04404264508375	1	1767.2167804073429	1158.1526401537596	1091	12	M+H+NH4
84.54776239003586	1	1772.4256379078201	1158.1216219780144	1095	12	M+H+NH4
85.04945075931296	1	41.11435256778196	1158.4153781953053	1096	12	M+H+NH4
84.54918816850831	1	70.09252890987183	1158.4457206515222	1098	12	M+H+NH4
84.54447220784135	1	265.8487904791388	1161.68531567739	1099	12	M+H+NH4
96.54567746253448	1	282.08715848348055	1160.6280381473941	1102	12	M+ACN+2H
97.54558480814606	1	118.97807210235335	1155.771080130367	1103	12	M+ACN+2H
97.04801501821277	1	170.93584362176878	1157.6582313003216	1104	12	M+ACN+2H
97.04954886738676	1	98.88096267502144	1158.8315650331226	1106	12	M+ACN+2H
96.54826434976748	1	29.85369135832458	1156.8302157847627	1107	12	M+ACN+2H
96.54924845947365	1	78.44697652119326	1159.7850638803234	1108	12	M+ACN+2H
116.55934261722805	1	39722.09258894028	1159.2662074570433	1110	12	M+2ACN+2H
117.55731312409536	1	1740.3504964362837	1161.5084740037667	1111	12	M+2ACN+2H
118.0590692469553	1	181.5751649941432	1158.9985298701702	1113	12	M+2ACN+2H
117.56135959870412	1	155.58680411782566	1158.3691751062577	1114	12	M+2ACN+2H
117.06106120724846	1	3746.996098327323	1158.7401182121675	1115	12	M+2ACN+2H
117.5629116538879	1	158.32577034440652	1158.5230411864538	1116	12	M+2ACN+2H
117.06253542777797	1	84.44688035832489	1159.0884188079497	1118	12	M+2ACN+2H
117.05826051148851	1	430.5429207665593	1159.832079484543	1119	12	M+2ACN+2H
151.05787224218503	1	312.59724933355915	1159.3369466822473	1122	12	M+H
152.06469578476347	1	41.47782061302225	1158.7071131483808	1123	12	M+H
152.06267464247276	1	186.39533377974792	1158.3925750869942	1124	12	M+H
151.06254108172567	1	29.066859031250097	1158.918422681967	1127	12	M+H
151.06460355161917	1	55.15173410846411	1160.491678502473	1128	12	M+H
151.0554608526557	1	187.68035329395374	1158.8997240499418	1129	12	M+H
169.08069529023723	1	1814.9999868596872	1156.8342573788243	1131	12	M+NH4
168.0843885807341	1	294.46195477574497	1162.5393466716725	1132	12	M+NH4
170.08402339714823	1	100.00479293643292	1156.7971610185336	1133	12	M+NH4
169.0888892134808	1	155.79790223085683	1160.6646685335704	1134	12	M+NH4
168.08843469449425	1	1705.632422725096	1157.8277995853964	1135	12	M+NH4
169.0914823744477	1	48.18514554841495	1157.8971193029806	1136	12	M+NH4
168.0889396884088	1	31.8123726920762	1158.3901300320208	1137	12	M+NH4
168.09137198717028	1	74.08295613443384	1161.2637373437487	1138	12	M+NH4
168.0820317618008	1	331.4325139351972	1159.795001476647	1139	12	M+NH4
173.03977631477818	1	362.08126801482564	1160.6575325650842	1142	12	M+Na
174.04695540898516	1	48.08636642253337	1162.0297812767992	1143	12	M+Na
175.0396112916113	1	98.74356244504148	1162.676317108471	1145	12	M+Na
173.04373210024443	1	2283.0576610153607	1157.2190663145898	1146	12	M+Na
173.04632333666913	1	57.41065583591253	1161.0223524477112	1148	12	M+Na
173.0372563068165	1	141.9679668213456	1159.2816236562453	1149	12	M+Na
182.08451212884398	1	39614.416883284284	1158.5689719941474	1150	12	M+CH3OH+H
184.08042291413304	1	1908.941537266637	1159.9645064451186	1151	12	M+CH3OH+H
183.08399130460867	1	343.03697780022407	1157.40230682515	1152	12	M+CH3OH+H
185.0839129126653	1	101.89102401483972	1158.3716785438833	1153	12	M+CH3OH+H
184.08899861085115	1	220.65972279433015	1158.2958248846678	1154	12	M+CH3OH+H
184.091423640949	1	70.20074849706101	1160.5935692694552	1155	12	M+CH3OH+H
183.08872512073023	1	43.27441991019775	1159.9279764627786	1157	12	M+CH3OH+H
183.08159347823656	1	137.39804904088857	1158.8768368087647	1159	12	M+CH3OH+H
192.08427847538195	1	333.63105052727616	1161.4135968216342	1162	12	M+ACN+H
194.08422759967218	1	136.08041783062242	1157.7379967722313	1163	12	M+ACN+H
193.0893317308437	1	138.5278634431482	1159.257141148875	1164	12	M+ACN+H
193.09164257279411	1	87.5425001257799	1160.36946721899	1166	12	M+ACN+H
192.08213407368535	1	286.57960583758097	1158.8000147563448	1169	12	M+ACN+H
104.05417627510414	1	216.3526187555659	984.9418243272096	1171	13	M+2H
103.5543677863019	1	41.42927841584031	983.8532669772325	1172	13	M+2H
103.55071280416992	1	443.34701483938267	987.6566269315775	1173	13	M+2H
104.55732194025013	1	12.238458390105269	986.6356389906367	1174	13	M+2H
103.55524938717865	1	89.3029028682934	985.8484243763946	1176	13	M+2H
111.56537725311935	1	55900.880592351925	985.046436529431	1180	13	M+H+NH4
112.57028531609662	1	11.803121866930992	984.3488872737526	1184	13	M+H+NH4
112.56552769868718	1	85.11831627050863	986.2053558144246	1185	13	M+H+NH4
112.06704634307374	1	6941.272024185212	983.7779826224	1188	13	M+H+NH4
123.56560377997509	1	50707.69349203125	982.6792614839729	1190	13	M+ACN+2H
124.56752955375511	1	242.94244398312222	985.3174012935123	1191	13	M+ACN+2H
124.06756162624553	1	38.76728646718164	986.2602173592923	1192	13	M+ACN+2H
124.06871810952224	1	105.92096264331808	983.4695731005509	1196	13	M+ACN+2H
124.56868537885003	1	435.5828747958022	983.6748393019875	1197	13	M+ACN+2H
124.06741397740716	1	7118.222769082798	983.4180869684956	1198	13	M+ACN+2H
125.06936909089413	1	26.601048331997955	985.1935313208562	1199	13	M+ACN+2H
144.07868465275496	1	51051.000276178915	983.9587309194108	1200	13	M+2ACN+2H
145.08081771318987	1	232.80489600725446	983.1674201231716	1201	13	M+2ACN+2H
144.57733561173782	1	805.5333266195187	985.5765545032453	1203	13	M+2ACN+2H
145.07870444061322	1	129.35795417794918	985.3021969007759	1204	13	M+2ACN+2H
144.58202207750776	1	130.46862160756422	985.0516485921888	1206	13	M+2ACN+2H
145.08196264976777	1	565.9273147933526	985.1445710196635	1207	13	M+2ACN+2H
145.58280680233847	1	33.78059619313121	986.8254675110067	1209	13	M+2ACN+2H
207.10170342727199	1	213.0617149470469	983.6385149757833	1211	13	M+H
206.10097158193003	1	49.1307899622637	985.1230267353076	1212	13	M+H
206.09418179435986	1	467.0446584435906	981.5734319751433	1213	13	M+H
208.10685890941494	1	11.654882772939322	984.1431823078841	1214	13	M+H
207.09740971169165	1	41.61816422496616	981.3281719570034	1215	13	M+H
208.10460335368614	1	26.969256204284495	983.355038565941	1218	13	M+H
207.1040121034186	1	322.64390795397975	980.9387115857136	1219	13	M+H
223.12813086250162	1	41.68875683984524	981.9596545298668	1222	13	M+NH4
223.1206901044064	1	570.1610848333004	981.7646727428955	1223	13	M+NH4
224.1241134825938	1	70.92946973803454	987.5498549149105	1225	13	M+NH4
224.13072883915197	1	313.6036642270725	981.6167545326533	1227	13	M+NH4
223.12729790934293	1	6509.302755959428	983.59203107726	1228	13	M+NH4
225.13138868449826	1	31.996370661918643	982.9874379253979	1229	13	M+NH4
227.07876426575285	1	58094.94498452856	982.3723585796617	1230	13	M+Na
229.083602514834	1	279.52023546991995	982.6604075431771	1231	13	M+Na
228.0760304854597	1	411.3722414984654	983.6078589130032	1233	13	M+Na
230.08900801555671	1	10.810528483369472	986.4108913916513	1234	13	M+Na
228.0824710424121	1	7346.959240725057	988.5686394973667	1237	13	M+Na
230.08654064929704	1	26.974394739554008	987.4393264525177	1238	13	M+Na
229.08556100069205	1	381.15245417188606	982.5863197546063	1239	13	M+Na
237.12364818974223	1	61338.58549759933	983.2330154248799	1240	13	M+CH3OH+H
239.12734432047895	1	318.8118306550798	984.9272135598846	1241	13	M+CH3OH+H
238.12785445724353	1	65.49589896749126	987.7644110534817	1242	13	M+CH3OH+H
240.13135769720702	1	43.22009096925465	985.7872315828773	1243	13	M+CH3OH+H
238.12042504837282	1	438.8773561916103	982.8318610357545	1244	13	M+CH3OH+H
240.13377233531298	1	16.41407556281638	984.2053598745956	1245	13	M+CH3OH+H
239.13032924094585	1	419.2931217279865	982.2240960478172	1246	13	M+CH3OH+H
238.12962674665698	1	108.7892099828794	985.7075972744736	1247	13	M+CH3OH+H
239.1238359493055	1	53.392777546866725	984.9553413161207	1249	13	M+CH3OH+H
246.12378888660373	1	51661.8749771434	980.1380923464267	1250	13	M+ACN+H
247.12789693021983	1	44.37303083660019	984.8700950412324	1252	13	M+ACN+H
247.12068026643138	1	580.1631391843507	984.5662190427328	1253	13	M+ACN+H
249.1337888355071	1	22.156342979448308	984.8255497319517	1254	13	M+ACN+H
248.12401231302414	1	78.15100217035136	983.5416873493111	1255	13	M+ACN+H
248.13050420419285	1	463.2905849069289	982.3124853378689	1257	13	M+ACN+H
247.12710891488535	1	8493.98617579901	984.6305373351494	1258	13	M+ACN+H
76.53902511111538	1	43456.96727479892	1069.5069154023397	1260	14	M+2H
77.54113775927823	1	210.7470754657705	1066.379197332113	1261	14	M+2H
77.03741361839985	1	191.73677690835746	1069.6392635868306	1263	14	M+2H
77.54369895184554	1	6.222916675357813	1072.2632426563846	1264	14	M+2H
77.04204837824634	1	54.94200972321731	1069.7384933811527	1265	14	M+2H
77.04064522170503	1	3434.2909393870686	1070.2646308653113	1266	14	M+2H
78.04271387848094	1	16.599310713428952	1065.3102840847462	1267	14	M+2H
86.05423387566944	1	235.71655717553026	1069.7666590768736	1271	14	M+H+NH4
85.55445578753853	1	37.960444051200774	1067.7689302516844	1272	14	M+H+NH4
86.05702099593968	1	7.319360262697084	1070.925811842897	1274	14	M+H+NH4
85.55525769338402	1	68.78403851112174	1072.0616809723547	1276	14	M+H+NH4
86.55604524821604	1	16.94615411750704	1069.429805114622	1279	14	M+H+NH4
97.05217355226443	1	46958.4156874923	1069.3931412387792	1280	14	M+ACN+2H
97.55420609169734	1	33.3289856172755	1068.202251916794	1282	14	M+ACN+2H
97.55063947988133	1	327.1792764493287	1063.9036238306292	1283	14	M+ACN+2H
97.55535377235732	1	101.92381145655791	1067.1696866351697	1286	14	M+ACN+2H
97.55385933066368	1	5514.330634455601	1064.2130446694755	1288	14	M+ACN+2H
118.56784590316674	1	188.66369226748387	1070.2854098723926	1291	14	M+2ACN+2H
118.06760964342148	1	33.87655569751228	1065.5500806202253	1292	14	M+2ACN+2H
119.07036963558956	1	14.077560519826601	1067.8525673284125	1294	14	M+2ACN+2H
118.56564676222007	1	71.10985821367514	1069.9681890330417	1295	14	M+2ACN+2H
118.06847575657929	1	89.67215981394853	1064.969232414462	1296	14	M+2ACN+2H
118.56869420280535	1	316.4268335376009	1069.8347921853767	1297	14	M+2ACN+2H
118.06712437323783	1	6001.311117133508	1071.0112452121466	1298	14	M+2ACN+2H
154.07497974750333	1	205.06070404723766	1065.0621735695017	1301	14	M+H
153.07469554645544	1	36.93365884266952	1071.325597415519	1302	14	M+H
153.06783234888863	1	167.0874647018496	1068.2307513738238	1303	14	M+H
153.07678871379082	1	49.92979550140047	1066.3688204677892	1305	14	M+H
153.07411992689072	1	4539.922993991212	1068.2904546990123	1306	14	M+H
155.07821926218458	1	16.368348950827276	1068.6717213674922	1307	14	M+H
154.07105202395476	1	12.444896659945835	1068.4628602108805	1309	14	M+H
171.10145823263542	1	208.42662231210008	1069.8437108368053	1311	14	M+NH4
170.10106904076113	1	31.203435462071994	1064.3046307104648	1312	14	M+NH4
170.09419721142584	1	329.1750565607591	1067.519166860946	1313	14	M+NH4
171.10659739764853	1	6.969627465915039	1069.1832723494033	1314	14	M+NH4
171.0974606488006	1	34.029303612660875	1068.206058295781	1315	14	M+NH4
172.1050080604575	1	19.306231240733894	1069.9584007556753	1318	14	M+NH4
171.10372636553413	1	174.00789751696908	1064.2264694179332	1319	14	M+NH4
174.05287591778568	1	45370.944821483834	1068.2962129080956	1320	14	M+Na
176.05689179147362	1	190.8478839677058	1068.4478609774985	1321	14	M+Na
175.05633971136967	1	44.01062571759297	1068.558458404722	1322	14	M+Na
175.0497788767238	1	173.66129517325308	1071.5921772088147	1323	14	M+Na
176.06197742175257	1	4.714799669617265	1066.649364443913	1324	14	M+Na
175.05882112989602	1	53.68488637379466	1067.0024304041897	1325	14	M+Na
175.056002755542	1	4448.858724196611	1067.544893862216	1326	14	M+Na
176.05933417278158	1	177.81581689006808	1070.5629773166556	1328	14	M+Na
186.10103185681078	1	295.9800541735505	1067.8227961307582	1331	14	M+CH3OH+H
185.10132505198428	1	48.94465849275222	1068.5027344557486	1332	14	M+CH3OH+H
186.09722767838707	1	20.07433577146783	1068.7042102215307	1333	14	M+CH3OH+H
185.09387700676228	1	149.4620088704871	1068.49363739896	1334	14	M+CH3OH+H
186.10659556511106	1	7.3936204572309485	1069.2108947239951	1335	14	M+CH3OH+H
185.10316713791215	1	86.39753626189504	1069.0347883474547	1336	14	M+CH3OH+H
185.10026106480814	1	5065.501976264478	1070.2154738559636	1337	14	M+CH3OH+H
187.10442044843302	1	31.380173988015386	1070.5080834431878	1338	14	M+CH3OH+H
193.0974566557963	1	52375.81537123756	1070.568043944396	1340	14	M+ACN+H
194.1015625021873	1	33.938235464731015	1066.7182220206591	1342	14	M+ACN+H
195.10717465935667	1	7.423743083680371	1067.9701228364581	1344	14	M+ACN+H
195.09737395507574	1	45.94964937246748	1067.4577862744945	1345	14	M+ACN+H
194.10344892535852	1	85.95178341620804	1065.509266368794	1346	14	M+ACN+H
196.10451752640324	1	19.804202448223908	1065.398317995046	1348	14	M+ACN+H
84.54895417349748	1	160.28982633143406	1453.8731121369938	1351	15	M+2H
84.04878072144467	1	26.488239591425696	1455.2415673463288	1352	15	M+2H
84.04516246809108	1	138.48051819391904	1457.7065820378389	1353	15	M+2H
84.55158698361426	1	5.08488662393594	1457.984978841953	1354	15	M+2H
84.04982681591024	1	49.6279677350416	1456.1597843685802	1355	15	M+2H
85.050445283779	1	15.518356229337446	1454.4861561364708	1357	15	M+2H
84.54689089778695	1	13.93196155160724	1457.6819406460797	1359	15	M+2H
92.0599418162936	1	33112.47844710555	1455.986560065951	1360	15	M+H+NH4
93.06221659188826	1	159.9613806188412	1455.9689176716952	1361	15	M+H+NH4
92.5620981448134	1	30.89561605509355	1454.604230194305	1362	15	M+H+NH4
92.55868432875424	1	271.9398222530455	1455.4856978330154	1363	15	M+H+NH4
93.06034828898103	1	28.41717229416091	1454.8031364950261	1365	15	M+H+NH4
92.56317319951509	1	85.94884017268568	1457.1069146488453	1366	15	M+H+NH4
93.06328950119223	1	151.25532937964144	1455.104489768708	1367	15	M+H+NH4
92.56171470465159	1	3498.494286448114	1456.759821628645	1368	15	M+H+NH4
104.06016137932782	1	37114.29317833352	1455.9580820561914	1370	15	M+ACN+2H
105.06219415304012	1	157.9642474809203	1459.7095130006692	1371	15	M+ACN+2H
104.5621289754928	1	29.989628188054436	1460.125152492116	1372	15	M+ACN+2H
104.55855515401035	1	295.9981046418431	1456.4543870976916	1373	15	M+ACN+2H
105.06477012982555	1	8.26275470757532	1457.8980552668852	1374	15	M+ACN+2H
105.06015947232991	1	30.401529479836977	1456.95046985123	1375	15	M+ACN+2H
104.56319223192168	1	66.49678305317384	1455.5664887223286	1376	15	M+ACN+2H
105.06329313937597	1	234.93553391537014	1454.3810044009388	1377	15	M+ACN+2H
104.56170308430772	1	4367.378618781386	1458.1579292510141	1378	15	M+ACN+2H
124.57326199258392	1	33866.63186494058	1453.9922422276877	1380	15	M+2ACN+2H
125.07528031393218	1	31.654280366644997	1455.2295448233615	1382	15	M+2ACN+2H
125.07168238828724	1	431.1485636981276	1455.7381186994005	1383	15	M+2ACN+2H
126.07850999368017	1	13.16040022508867	1458.3029837951594	1384	15	M+2ACN+2H
125.57339526543208	1	48.02629860888108	1457.2582719198913	1385	15	M+2ACN+2H
125.07649149712593	1	94.9338969101934	1454.7838988065535	1386	15	M+2ACN+2H
125.07496510365615	1	6392.181399162328	1456.1374994121027	1388	15	M+2ACN+2H
166.08597052689942	1	36483.071998122774	1454.8456766420227	1390	15	M+H
168.09064318939937	1	151.44323555452792	1455.7304186001868	1391	15	M+H
167.0832971681034	1	161.1048548831824	1453.0844420313576	1393	15	M+H
167.0926197712658	1	49.78298911494821	1456.711144414399	1395	15	M+H
169.09395933788622	1	16.85089346030573	1452.0803530495123	1397	15	M+H
168.0866434706055	1	14.979333744940854	1458.1596619858713	1399	15	M+H
183.11329543558108	1	36439.6882644279	1454.7112816300992	1400	15	M+NH4
185.11704246099356	1	124.73753686600965	1458.4545992775459	1401	15	M+NH4
184.11717971928007	1	29.443181936107145	1456.0588349406041	1402	15	M+NH4
184.10945112931293	1	314.07897946083745	1458.4566581474885	1403	15	M+NH4
185.12229047956106	1	7.593671476732159	1456.2103795641083	1404	15	M+NH4
184.11906326083735	1	67.22828240157192	1455.1560236793637	1406	15	M+NH4
184.11600533016082	1	3027.786099541788	1459.0172520617773	1408	15	M+NH4
186.12028424221415	1	15.91861623862759	1458.1487242042167	1409	15	M+NH4
188.06811006229583	1	34008.77411150888	1453.6631907311853	1410	15	M+Na
189.07250634137063	1	28.230992063118062	1458.6651955867887	1412	15	M+Na
189.07442636571668	1	46.05032412414084	1453.2042430051574	1415	15	M+Na
191.0759994435441	1	13.581256092857844	1455.346614354311	1417	15	M+Na
190.07487455478847	1	172.4572744381111	1453.6945979295097	1418	15	M+Na
190.06862307141344	1	11.456477805301168	1456.868083486258	1419	15	M+Na
200.1167523004367	1	229.82271258205122	1454.3286175686471	1421	15	M+CH3OH+H
199.11673099335226	1	46.63854327132728	1456.504153605605	1422	15	M+CH3OH+H
199.10948708455462	1	131.98699572459716	1455.283686130996	1424	15	M+CH3OH+H
200.12213801173567	1	6.12683105754041	1454.5958636267899	1425	15	M+CH3OH+H
200.1193309206738	1	194.66386268985642	1459.206885185706	1427	15	M+CH3OH+H
199.11591519566267	1	3974.665053802414	1453.6967761989738	1428	15	M+CH3OH+H
201.12013911781588	1	30.012452453122457	1455.9280286503842	1429	15	M+CH3OH+H
207.11305501357143	1	33030.299139033516	1455.869141662504	1430	15	M+ACN+H
209.11698444481922	1	164.0544866005255	1452.9197728569636	1431	15	M+ACN+H
208.11684941272128	1	29.622951312319387	1458.4856809906098	1432	15	M+ACN+H
210.12284114371658	1	7.327996210874145	1456.5464087939604	1434	15	M+ACN+H
208.11888999881793	1	60.02569528489818	1455.0929368594225	1436	15	M+ACN+H
208.11617171461245	1	4926.421387294059	1455.3831545412138	1438	15	M+ACN+H
210.1208126658922	1	20.66740940263552	1460.9813200045523	1439	15	M+ACN+H
66.55461387722774	1	106508.55718553568	937.7204795268456	1440	16	M+2H
67.55681052131405	1	430.1221982043972	937.1791776963166	1441	16	M+2H
67.05311931686549	1	421.8238132255781	937.5775352113773	1443	16	M+2H
67.05777632145038	1	197.50256615919074	940.4773742011953	1445	16	M+2H
67.0562241669793	1	5817.816683074565	937.9263497390438	1446	16	M+2H
68.05835219976566	1	27.015893163585282	937.8287184247083	1447	16	M+2H
67.55478133290903	1	24.036276942735903	939.4550472603147	1449	16	M+2H
75.06793679625625	1	122820.32821955625	935.0903934492896	1450	16	M+H+NH4
75.56989031999132	1	92.3574545701371	939.6675187026215	1452	16	M+H+NH4
76.07270297084057	1	14.80164827991706	937.776811062987	1454	16	M+H+NH4
76.07108146433224	1	184.97081460641303	939.2032161915281	1455	16	M+H+NH4
75.57102325829828	1	224.12957524908109	942.055369409568	1456	16	M+H+NH4
76.06815787822651	1	47.48519418416259	937.9761916774562	1457	16	M+H+NH4
75.56945000990073	1	6933.497248657718	941.9815860582303	1458	16	M+H+NH4
76.57162848338156	1	32.26631589072712	939.3845772399038	1459	16	M+H+NH4
87.56997241139774	1	83.00943681930092	934.1451985287974	1462	16	M+ACN+2H
87.56618294212217	1	733.5157243839994	938.5357854854124	1463	16	M+ACN+2H
88.07279769089219	1	19.708029262989683	938.915910382074	1464	16	M+ACN+2H
88.07119200598098	1	373.1318399329712	938.1781323847022	1465	16	M+ACN+2H
87.57091956302874	1	203.24206907833948	936.6759033890827	1466	16	M+ACN+2H
88.06808558731007	1	58.06501424322474	939.5244695279939	1467	16	M+ACN+2H
87.56970109915663	1	8701.789833523266	935.6297885731814	1468	16	M+ACN+2H
88.57153201463066	1	42.26561289200456	935.8835139506898	1469	16	M+ACN+2H
107.58117277199726	1	104826.4226578382	937.6368252765794	1470	16	M+2ACN+2H
108.07985928577686	1	1152.0949372959913	938.7145584640729	1473	16	M+2ACN+2H
108.58586051955457	1	26.12252581507221	935.2416407745894	1474	16	M+2ACN+2H
108.58138051128714	1	116.48532894414224	938.0998287754397	1475	16	M+2ACN+2H
108.0844008914103	1	213.4492183271218	934.8940635997828	1476	16	M+2ACN+2H
108.58441514223144	1	492.85236971155956	935.9892152061212	1477	16	M+2ACN+2H
108.08280021299488	1	10587.420355457229	937.3527868910082	1478	16	M+2ACN+2H
132.10176273145524	1	110275.81692563347	935.4386237682202	1480	16	M+H
134.10635890238865	1	469.86754229474434	938.9184984338709	1481	16	M+H
133.09887964523563	1	397.11216015784834	940.3829611295506	1483	16	M+H
134.11166048295658	1	10.952189665849536	936.8877779354643	1484	16	M+H
133.10828413883613	1	156.03720312455528	938.5016267465801	1485	16	M+H
133.10516607495907	1	7107.79576157727	938.498185388323	1486	16	M+H
135.10930336966302	1	30.2766925754086	939.414019783245	1487	16	M+H
134.1085488356217	1	155.78556851161792	937.4799282755516	1488	16	M+H
149.12860508698571	1	94673.25272326985	937.5213760433394	1490	16	M+NH4
151.13270210429093	1	430.33477906892887	936.9813009414688	1491	16	M+NH4
150.132636129546	1	82.56168292788269	940.1974972785207	1492	16	M+NH4
150.12542607012406	1	727.0037601947913	939.8751773310598	1493	16	M+NH4
151.1381811220542	1	15.07382925213036	938.239739356894	1494	16	M+NH4
151.12920838714828	1	44.870316505417975	936.3894116709674	1497	16	M+NH4
152.1361075119533	1	24.321274757265886	937.4520231122558	1499	16	M+NH4
154.08377079667483	1	104855.75176213952	938.3059095860488	1500	16	M+Na
155.08784251471945	1	85.7261475452927	936.8810026429343	1502	16	M+Na
156.0937422992667	1	11.836260808016661	937.418733048705	1504	16	M+Na
155.0901360941984	1	164.5330617597168	937.1410540036848	1505	16	M+Na
157.0915296390636	1	27.911863384726566	938.2173178890115	1507	16	M+Na
156.09057772397233	1	202.9735553743238	935.0825433057266	1508	16	M+Na
166.1321078882017	1	653.0857449445778	938.1499103358258	1511	16	M+CH3OH+H
165.13220104898912	1	106.53731676942094	937.3428425265733	1512	16	M+CH3OH+H
166.13492722733818	1	283.3581872715852	937.6265502598825	1513	16	M+CH3OH+H
165.1249729385545	1	420.1862333436244	937.5675171697421	1514	16	M+CH3OH+H
166.1375449221503	1	14.31079307025524	932.8704648298392	1515	16	M+CH3OH+H
165.13438945476054	1	194.14863274984828	940.1084183499469	1516	16	M+CH3OH+H
166.1284392161367	1	29.64790448901767	938.0424979336136	1517	16	M+CH3OH+H
165.13137125255042	1	7382.160761775326	937.7995723018989	1518	16	M+CH3OH+H
173.1284124155696	1	112341.3901369717	937.3295976477898	1520	16	M+ACN+H
175.13275873521397	1	422.9736887076882	941.1967900138827	1521	16	M+ACN+H
174.13260002286412	1	80.56061406207573	939.1737403884679	1522	16	M+ACN+H
174.1252865417119	1	859.3150643647955	937.6925063196371	1523	16	M+ACN+H
175.1351139252591	1	360.78305950251945	938.7205224141385	1525	16	M+ACN+H
175.12905990234054	1	56.51127419608799	933.2767351033403	1527	16	M+ACN+H
174.13171379672946	1	7861.702189145886	937.3364954972022	1528	16	M+ACN+H
176.136228178356	1	39.61681210987875	937.7630528491272	1529	16	M+ACN+H
190.0795595755788	1	1143.841307247313	988.5476294662814	1533	17	M+2H
190.58029230551762	1	189.58329887287255	987.7536383129066	1534	17	M+2H
197.58979693430857	1	87243.85248271502	987.9507874419556	1540	17	M+H+NH4
198.0917969621175	1	152.27245077963167	990.0540655915677	1542	17	M+H+NH4
198.59343249447772	1	1193.8079385579244	993.0387051888221	1543	17	M+H+NH4
199.09342473628695	1	149.44881288955156	993.9047174992279	1544	17	M+H+NH4
198.09089507467274	1	15011.918482083118	988.7602031641323	1547	17	M+H+NH4
198.58998326773082	1	260.33644571573114	987.6071422926033	1548	17	M+H+NH4
198.0925096283356	1	229.52814505009323	989.6244430823697	1549	17	M+H+NH4
209.5899284142497	1	71157.25065435689	988.6172717690907	1550	17	M+ACN+2H
210.59304960842792	1	1534.1245298744557	991.9125713031933	1553	17	M+ACN+2H
211.09347343276195	1	159.4808703346569	989.1684676627947	1554	17	M+ACN+2H
210.08828497217354	1	1475.21852859805	989.738191088222	1555	17	M+ACN+2H
211.09456279484527	1	93.75877342666146	991.7944137306936	1556	17	M+ACN+2H
210.58993753919512	1	299.15447639452753	988.2323849656757	1558	17	M+ACN+2H
210.09305291443806	1	248.23582411517137	986.2652476901496	1559	17	M+ACN+2H
230.1029318075101	1	56641.803457451046	988.1693321483376	1560	17	M+2ACN+2H
231.10467168225895	1	1000.58045943951	988.147987878412	1561	17	M+2ACN+2H
231.60675658419888	1	214.72698275356956	987.3828739320514	1563	17	M+2ACN+2H
231.10621274613962	1	2009.1169865695492	990.381097056919	1564	17	M+2ACN+2H
230.60474342598525	1	16642.19183322637	988.9614369789874	1567	17	M+2ACN+2H
230.60625414641024	1	290.90408526961687	987.2517466104189	1569	17	M+2ACN+2H
379.14966826739635	1	913.0329803110044	993.1399834401216	1571	17	M+H
380.1553799215629	1	69.2063065485429	987.6069326892436	1576	17	M+H
378.1497621123575	1	14172.031849435327	989.9979071163447	1577	17	M+H
378.15111378420454	1	204.54783688072757	991.864527775654	1579	17	M+H
394.1719947872638	1	63873.698330356354	988.9979830728947	1580	17	M+NH4
396.1791440397611	1	1121.1023571956594	994.0251644959776	1583	17	M+NH4
397.1792835466815	1	176.65603561458153	991.2594523159177	1584	17	M+NH4
395.16945432638965	1	1341.6641363772662	989.2788399592404	1585	17	M+NH4
395.17594353459083	1	12276.107979261767	992.9102188456002	1587	17	M+NH4
395.17805241000093	1	193.57224828915966	990.4542128856436	1589	17	M+NH4
399.12774002490386	1	73998.39903025077	991.4641190474421	1590	17	M+Na
401.131716300534	1	1004.1710789289164	988.7676309240605	1591	17	M+Na
400.13219030355765	1	203.96936771246737	990.4524309931654	1592	17	M+Na
401.134641551503	1	1539.2122057258482	992.4428944228043	1593	17	M+Na
400.1243623285407	1	1089.8516243610634	990.6717511222828	1595	17	M+Na
402.13784532950814	1	57.04740482166922	987.8529540019401	1596	17	M+Na
400.1303541523276	1	14723.034683028165	987.5454189816742	1597	17	M+Na
401.1286891234397	1	212.25935431609943	984.8341769226885	1598	17	M+Na
400.1337185979864	1	171.92597868779887	990.8432335027953	1599	17	M+Na
409.17172503821183	1	80778.25944512691	989.4280480404575	1600	17	M+CH3OH+H
411.1768054855786	1	1166.070417026376	989.833877569241	1601	17	M+CH3OH+H
410.17565720286376	1	187.13498957774675	987.5217545385509	1602	17	M+CH3OH+H
411.17211435028554	1	247.20765899238233	992.6377180655422	1603	17	M+CH3OH+H
412.18233980882354	1	80.66107029031427	989.1321831671247	1606	17	M+CH3OH+H
412.17920876018735	1	211.76193319669207	985.8711346478541	1607	17	M+CH3OH+H
410.1781441424668	1	205.26464232445431	988.3338969937253	1609	17	M+CH3OH+H
420.1768323729506	1	840.4681493595169	986.7000105470069	1611	17	M+ACN+H
421.1797754161539	1	186.3612157839971	986.2691345018608	1614	17	M+ACN+H
419.16936433565616	1	1509.639594404119	988.4223814918424	1615	17	M+ACN+H
421.182341734243	1	102.24948149916631	991.1280964951111	1616	17	M+ACN+H
419.17468266409406	1	14141.967112088276	990.8578120128428	1617	17	M+ACN+H
419.17865936497736	1	236.35568828284295	989.0835870509968	1619	17	M+ACN+H
62.52324715188096	1	72371.94802723598	1221.9075438101338	1620	18	M+2H
63.52546284563819	1	331.27003179328193	1223.5332649465017	1621	18	M+2H
63.0254832271018	1	77.58380226278764	1219.1432218206717	1622	18	M+2H
63.02504503823555	1	5163.103138614872	1224.5913639198632	1626	18	M+2H
64.02710639696122	1	20.86044570320615	1219.2444059111551	1627	18	M+2H
63.526655509137775	1	163.019048796323	1223.4959631733589	1628	18	M+2H
63.523560796282	1	22.458728661670943	1218.788366469011	1629	18	M+2H
71.53865109901258	1	84.95765701132801	1220.523213656935	1632	18	M+H+NH4
71.53524141258856	1	538.5847742063384	1224.4550797933132	1633	18	M+H+NH4
72.03681485523049	1	49.92324361638099	1221.3631304170854	1635	18	M+H+NH4
71.53976107563876	1	99.86505157417088	1220.4344417565885	1636	18	M+H+NH4
71.53827835096727	1	5574.089655440106	1222.6409441515755	1637	18	M+H+NH4
72.54027539935467	1	21.51291564699988	1226.0426651689522	1638	18	M+H+NH4
83.036563255187	1	98240.66127534346	1219.1983606308752	1640	18	M+ACN+2H
84.03877721457668	1	353.7767047870165	1220.3412098193064	1641	18	M+ACN+2H
83.53874224356622	1	56.30257090527912	1221.9289711012473	1642	18	M+ACN+2H
84.03670621562017	1	48.02689192507194	1222.0353042609645	1645	18	M+ACN+2H
83.53964422983162	1	105.86194332236583	1224.26386305264	1646	18	M+ACN+2H
83.5383094222873	1	7010.887498055617	1222.8639863525252	1647	18	M+ACN+2H
84.03987746623292	1	250.29133708624616	1225.2779342316885	1649	18	M+ACN+2H
103.54989117269028	1	80890.15052879215	1224.1577908537117	1650	18	M+2ACN+2H
104.55177851633536	1	284.98418494341007	1224.7071038430195	1651	18	M+2ACN+2H
104.05203490663077	1	62.95363900119881	1223.109253716652	1652	18	M+2ACN+2H
104.04851821785914	1	1023.258535494459	1221.128155289862	1653	18	M+2ACN+2H
104.55494504425126	1	12.74304591369303	1223.4500996317136	1654	18	M+2ACN+2H
104.55001640951889	1	109.42444721812414	1220.3173183671208	1655	18	M+2ACN+2H
104.05136753119737	1	8404.178979802431	1219.6516531890124	1658	18	M+2ACN+2H
105.05362335391891	1	36.5118330259747	1223.8780863136649	1659	18	M+2ACN+2H
124.03943079799893	1	97039.00413530458	1223.1888192866852	1660	18	M+H
126.04349904801758	1	337.7708245295433	1226.193512884061	1661	18	M+H
125.03643828684675	1	346.8539661542045	1220.4837790672534	1663	18	M+H
126.04605797775642	1	141.4693695720607	1218.0903870359969	1664	18	M+H
125.0457045777824	1	63.89560780299493	1216.526385021014	1665	18	M+H
127.04696907320323	1	24.56392579682756	1222.7205518871308	1667	18	M+H
126.04695896112032	1	4.802137257655363	1221.1566049528337	1668	18	M+H
126.0397479098057	1	20.58729579511461	1218.2716293182439	1669	18	M+H
141.06570355762366	1	98109.74094185786	1218.932428830954	1670	18	M+NH4
143.07023162529168	1	298.8733144028531	1221.700222675117	1671	18	M+NH4
142.0700807633974	1	66.12092560951298	1218.684637396527	1672	18	M+NH4
142.06294000556497	1	640.378860982976	1220.5277754174	1673	18	M+NH4
143.0754143288952	1	6.886885718782242	1217.562903177821	1674	18	M+NH4
143.06650757523724	1	39.34174372170977	1219.3979675508763	1675	18	M+NH4
142.0721419257527	1	83.89562436801778	1223.4206283780761	1676	18	M+NH4
142.0689354154015	1	5858.709044370892	1220.1519639335033	1677	18	M+NH4
144.07344737923643	1	23.074910564304595	1223.803018208049	1678	18	M+NH4
143.07275170775645	1	128.42174273202406	1222.4511265049282	1679	18	M+NH4
146.0214686315628	1	77083.45430591483	1221.5658320457778	1680	18	M+Na
148.02550904287042	1	340.41775707199264	1224.2984911878561	1681	18	M+Na
147.0183188862699	1	340.2204729758472	1225.2738714086734	1683	18	M+Na
148.02810036092598	1	143.29062407727716	1220.2207065553375	1684	18	M+Na
147.0276583725537	1	53.21118693929311	1224.4710135948774	1685	18	M+Na
147.02466375256623	1	5514.011821308937	1219.2773552867739	1686	18	M+Na
149.0287759132478	1	23.13586786935646	1222.4587362134696	1687	18	M+Na
148.0214742397911	1	21.322415200000297	1223.1084890276868	1689	18	M+Na
156.06558454575566	1	83724.02657922273	1224.1369086691336	1690	18	M+CH3OH+H
158.07009741523962	1	487.63725051242443	1220.3669568718192	1691	18	M+CH3OH+H
158.0657341360428	1	23.91755606033337	1220.95637778988	1693	18	M+CH3OH+H
157.06258342683495	1	293.9861235487167	1221.597182200571	1694	18	M+CH3OH+H
158.07496762843817	1	6.301051200781699	1222.0126141745588	1695	18	M+CH3OH+H
157.06878338075748	1	6758.278090160572	1222.3311044323739	1697	18	M+CH3OH+H
158.07180094972975	1	233.4623296009203	1222.5131636042845	1699	18	M+CH3OH+H
165.0658658256092	1	81645.22364718567	1220.5538829141217	1700	18	M+ACN+H
166.06991390987474	1	61.645771282769616	1220.432579362149	1702	18	M+ACN+H
167.07557953389244	1	7.630381719791634	1223.2387184305312	1704	18	M+ACN+H
167.06619744938905	1	45.84380669164145	1223.3573349662217	1705	18	M+ACN+H
166.06927900846242	1	8129.614104696621	1221.9132746183489	1707	18	M+ACN+H
168.07358790602277	1	27.780580438305396	1217.78453230799	1708	18	M+ACN+H
69.5311815347899	1	47269.811779762385	769.7402636055027	1710	19	M+2H
70.03323666229399	1	40.07397551170369	769.6949409272398	1712	19	M+2H
70.0296598781244	1	167.645408446533	765.2194402459338	1713	19	M+2H
70.03429710301504	1	47.06020729974069	763.6912477700328	1715	19	M+2H
70.03281844283879	1	4016.603088812313	766.5791666770592	1716	19	M+2H
71.034877352158	1	16.051900047194614	769.578436667061	1717	19	M+2H
70.53445047991964	1	132.72034276613857	767.4278567548766	1718	19	M+2H
70.53130102085716	1	13.704686204698195	770.7604750367013	1719	19	M+2H
79.04648803594428	1	266.95461940391704	766.78578683272	1721	19	M+H+NH4
78.5428526516249	1	416.9635302881133	769.1410295190706	1723	19	M+H+NH4
79.04931186512508	1	5.06503305991088	769.2831592171954	1724	19	M+H+NH4
79.04468609511228	1	30.710351001905238	766.7639245231119	1725	19	M+H+NH4
78.54752846822969	1	58.67349380260781	765.754296115358	1726	19	M+H+NH4
78.54603132471004	1	4137.1234500400005	765.8523182367596	1727	19	M+H+NH4
79.54825190667526	1	16.16072169363056	767.7658099194936	1728	19	M+H+NH4
79.04780919846849	1	113.00127334606469	771.4252978246292	1729	19	M+H+NH4
90.04434324622278	1	50334.85265939248	767.564554981688	1730	19	M+ACN+2H
90.54293408603971	1	427.44981701221707	767.4332868891593	1733	19	M+ACN+2H
91.04918880513056	1	6.028562417537153	770.3371990340615	1734	19	M+ACN+2H
91.04452018370459	1	34.6885201409088	765.9198158839946	1735	19	M+ACN+2H
90.54746912441207	1	78.28041740992197	766.2571353010858	1736	19	M+ACN+2H
91.54829432773906	1	19.52813298412322	769.1190760394501	1738	19	M+ACN+2H
91.04787468065811	1	223.9725877210469	767.4088652757235	1739	19	M+ACN+2H
111.05982566218466	1	39.32825760501896	768.4312811989539	1742	19	M+2ACN+2H
111.05622851967904	1	544.5763002417815	768.5409377678881	1743	19	M+2ACN+2H
112.06279796136181	1	9.777591740149461	768.9524905799401	1744	19	M+2ACN+2H
138.0549423127092	1	52033.81584067959	766.2616307373617	1750	19	M+H
140.05897714777285	1	199.58931139481865	770.2973194307734	1751	19	M+H
139.05942652490768	1	42.128563586489825	768.8451354473331	1752	19	M+H
139.05207288692213	1	211.06959096058733	767.302613718155	1753	19	M+H
140.06448561478456	1	3.8834527381727244	764.37073827616	1754	19	M+H
139.06107303982125	1	50.52078187641751	767.4819638985272	1755	19	M+H
139.0583344625187	1	4754.627949230222	763.5368351289932	1756	19	M+H
140.05529331402607	1	14.68345510856067	767.2814419802329	1759	19	M+H
155.08134105796515	1	56738.973031993824	766.3752231798321	1760	19	M+NH4
157.0856736787393	1	197.7447139366544	767.7398506123117	1761	19	M+NH4
156.0858252593135	1	35.61290562221649	767.3755519799472	1762	19	M+NH4
156.0785187492514	1	403.0559547866548	769.7101748060578	1763	19	M+NH4
157.09137353939573	1	4.7013028247681365	771.0752724944967	1764	19	M+NH4
157.08194479314426	1	29.87262742845895	767.6432048493201	1765	19	M+NH4
156.08781901451488	1	72.75561194324851	765.5132638108398	1766	19	M+NH4
156.08514178467473	1	3917.386703834865	768.1944828570382	1767	19	M+NH4
157.08809017153368	1	121.46034086110214	767.6361313464172	1769	19	M+NH4
160.03697827950091	1	51439.92474242938	766.4355871171402	1770	19	M+Na
162.04119927407794	1	235.2078284125199	771.2686649437534	1771	19	M+Na
161.04314179490143	1	36.70767507789035	766.4452443274573	1775	19	M+Na
161.04013446502083	1	3669.3439831117366	763.0052115489756	1776	19	M+Na
163.04399127443025	1	18.763925651962936	771.267148426111	1777	19	M+Na
162.04373582623685	1	129.30096470278292	768.0349099613381	1778	19	M+Na
162.03744671714955	1	14.119975411057522	769.4572699323301	1779	19	M+Na
170.08083360600543	1	55347.18698364595	769.4224359393127	1780	19	M+CH3OH+H
171.08546068074395	1	65.20169725648145	767.6370774421808	1782	19	M+CH3OH+H
172.08159472050247	1	14.577480907003077	765.4890572808935	1783	19	M+CH3OH+H
171.07817820825716	1	197.995967155426	768.8197392228963	1784	19	M+CH3OH+H
172.09082547334964	1	5.787483233710243	771.0384708642007	1785	19	M+CH3OH+H
171.08723883781406	1	76.65170603831176	769.9609124624113	1786	19	M+CH3OH+H
171.08449128687428	1	4642.199659819042	770.3278370230619	1787	19	M+CH3OH+H
173.0886572879652	1	25.75403908628306	769.7348715414516	1788	19	M+CH3OH+H
172.08803487449296	1	154.13404448026265	771.0501883720428	1789	19	M+CH3OH+H
181.08587472848464	1	212.14732019179047	767.8429083622023	1791	19	M+ACN+H
180.07843043604345	1	368.6972925027959	765.3449872032119	1793	19	M+ACN+H
181.08189333422396	1	37.479933377115	764.8317110498303	1795	19	M+ACN+H
180.0877742429066	1	71.01127787521793	766.4087369154848	1796	19	M+ACN+H
180.08487103939822	1	5101.694538984686	766.3963833993761	1797	19	M+ACN+H
182.0892032506545	1	19.10941896366978	768.8811300382869	1798	19	M+ACN+H
181.08843379356662	1	190.90051365915988	767.0215242961132	1799	19	M+ACN+H
