65.03083527764932	1	480.21096739162505	833.6012439126622	1	0	M+2H
64.53096630230957	1	84.03916336075112	833.5512327040562	2	0	M+2H
64.52720779945146	1	978.2482433840543	833.0437563763018	3	0	M+2H
65.0335215465205	1	6.1175503920208225	835.5349023317768	4	0	M+2H
65.02896359047524	1	57.975202142368886	836.5488223227586	5	0	M+2H
64.53032059943554	1	7174.677574144164	836.8180954263806	7	0	M+2H
65.53252026884054	1	25.09433821818096	836.2495651621286	8	0	M+2H
73.0406133839088	1	1303.8967417499714	834.2468174488074	13	0	M+H+NH4
73.54525583861549	1	144.4466518655302	834.8415477504234	14	0	M+H+NH4
73.54682605898688	1	8.594372420281209	835.3175714644709	17	0	M+H+NH4
84.54205098399349	1	103032.8900513119	836.7926103826776	20	0	M+ACN+2H
85.54418331657277	1	474.668508109936	832.8250091987605	21	0	M+ACN+2H
85.04070771823115	1	1186.935119946194	834.5576487601542	23	0	M+ACN+2H
85.54687818050236	1	10.467517810189127	836.0617235338299	24	0	M+ACN+2H
85.04508659644954	1	143.54294664713169	834.6849608246318	26	0	M+ACN+2H
85.54525102797213	1	292.08889462233	834.4625392361188	27	0	M+ACN+2H
86.04570745249734	1	34.51867961018802	835.486491123994	29	0	M+ACN+2H
106.0574986528441	1	530.271643738259	835.4852881942326	31	0	M+2ACN+2H
105.55732470763492	1	94.27691289342944	834.2026047918104	32	0	M+2ACN+2H
105.55381937074579	1	1708.6252356734885	837.5973685642649	33	0	M+2ACN+2H
106.05550928107982	1	135.77263129295804	833.4605155077426	34	0	M+2ACN+2H
106.05843063217525	1	484.75400664522334	834.883286670727	36	0	M+2ACN+2H
106.06020901416565	1	19.562788057544665	833.5535541891185	38	0	M+2ACN+2H
105.5569494193368	1	10892.293406536803	837.3285302792634	39	0	M+2ACN+2H
127.05002101798478	1	137160.39229427592	838.6578197347982	40	0	M+H
129.05437371038073	1	542.8569915350257	833.6923497994107	41	0	M+H
128.05427511897472	1	86.75930281302152	833.7330472906949	42	0	M+H
129.05982425153147	1	5.007605840892541	834.6144590785772	44	0	M+H
128.05645134292254	1	99.02657140232137	836.3655386570366	46	0	M+H
130.05777828997083	1	27.478605947661165	836.0432340001707	48	0	M+H
144.07693489582638	1	115008.28275182354	833.1503830511181	50	0	M+NH4
146.08105666442071	1	538.977234545452	833.378303056655	51	0	M+NH4
145.08097548670682	1	91.70003032706113	834.5527716182169	52	0	M+NH4
146.0836048837479	1	147.9087243209206	832.8907364272785	54	0	M+NH4
145.08279208834955	1	139.8248495928495	837.0661429303912	56	0	M+NH4
146.08632512700737	1	8.029544226237684	837.4788707983101	57	0	M+NH4
149.03189678716882	1	123785.29153583327	834.7298278963841	60	0	M+Na
151.03621926395257	1	604.8931146840155	833.8388465756535	61	0	M+Na
150.03627447938737	1	92.81956822068939	835.2500062158573	62	0	M+Na
150.02927214491453	1	938.9226322322711	834.4298576886331	63	0	M+Na
151.03900796478743	1	137.14850946226673	840.2563336644081	64	0	M+Na
151.0326094499217	1	44.34387645144835	833.2230065054046	65	0	M+Na
150.0383262564553	1	94.11229608691131	835.5589070266802	66	0	M+Na
150.03560549531971	1	6858.357635028602	837.2239964747678	67	0	M+Na
152.0396667432673	1	29.99546984705482	838.536934489999	68	0	M+Na
151.0397101880716	1	5.325307071970742	832.7416738825575	69	0	M+Na
159.07678207639304	1	131394.01738427478	832.7750812650381	70	0	M+CH3OH+H
160.08073594513277	1	143.06880896384305	837.1596449406654	72	0	M+CH3OH+H
160.07332692247863	1	644.6619086593726	837.42454859416	74	0	M+CH3OH+H
161.07690034097	1	58.222122216739585	831.6444417445502	76	0	M+CH3OH+H
160.08270148578436	1	135.47011471918378	835.0060728345208	77	0	M+CH3OH+H
162.08418399992792	1	43.24646532535585	828.7770858545535	79	0	M+CH3OH+H
168.07670497254674	1	133322.21931179255	836.1030280484136	80	0	M+ACN+H
170.0810323712406	1	588.3281592960226	836.1924532802449	81	0	M+ACN+H
169.08086130039197	1	82.09072797372139	834.3202751798837	82	0	M+ACN+H
169.07390531319166	1	1364.538653736596	836.3611608367615	83	0	M+ACN+H
170.07729465386706	1	100.26033179987269	836.8101072759323	85	0	M+ACN+H
170.08336359160396	1	256.25787798730073	835.548911850342	87	0	M+ACN+H
169.08003713150416	1	9287.545634515858	835.5858609968008	88	0	M+ACN+H
47.03096712036048	1	920609.9359954159	999.2725388767731	90	1	M+2H
48.03306467749952	1	6267.724517773673	1000.2727830312136	91	1	M+2H
49.03516494617365	1	12.964616653714092	998.761712123748	93	1	M+2H
47.53261965205965	1	35633.08399964793	1000.9792653257903	95	1	M+2H
48.03468730860949	1	35.507867730384206	996.8358590527306	97	1	M+2H
55.544271635867624	1	973180.061837826	1003.3257958939214	100	1	M+H+NH4
56.54639278799864	1	6364.07104095093	998.3315833076157	101	1	M+H+NH4
56.04645710204084	1	1041.329821529908	1001.7462094746775	102	1	M+H+NH4
56.544448908713	1	145.88953493737134	997.7524747849076	103	1	M+H+NH4
56.042679240094394	1	3487.636954093457	999.32137676439	104	1	M+H+NH4
56.045897588520624	1	39120.057310087315	999.1885167968339	107	1	M+H+NH4
57.0481049150125	1	200.84755474932754	997.254909345584	108	1	M+H+NH4
68.546321584717	1	6082.767684816307	997.9361533075878	111	1	M+ACN+2H
68.04628320140594	1	1075.4356648720275	1002.4796626730987	112	1	M+ACN+2H
68.54444151891258	1	184.55981168856673	1003.84901460385	113	1	M+ACN+2H
68.0427022509435	1	3534.6315881159185	1001.2707773112061	114	1	M+ACN+2H
68.54885450753635	1	97.6883035838526	1002.2627841983921	115	1	M+ACN+2H
68.04745961478527	1	1461.9715047741172	999.1490812569705	116	1	M+ACN+2H
68.0459207218948	1	50150.77866479078	998.8747672920675	117	1	M+ACN+2H
68.54757972968883	1	1262.2134576345404	1001.0434859722948	119	1	M+ACN+2H
88.05751495555596	1	1054100.055811017	998.9185896651509	120	1	M+2ACN+2H
89.05969506109965	1	6105.278127270077	997.4243532985101	121	1	M+2ACN+2H
88.55964452882314	1	1031.7016696755202	995.944081566323	122	1	M+2ACN+2H
89.06230433868008	1	136.8883589726084	1001.7172422111321	125	1	M+2ACN+2H
88.56072666302114	1	1644.46289660642	997.7137993295921	127	1	M+2ACN+2H
88.55911854113663	1	68527.07518730129	1000.0275725919436	128	1	M+2ACN+2H
89.06083763877167	1	3101.814166144111	1002.8710059834162	129	1	M+2ACN+2H
93.05445745174133	1	1029558.3699000694	996.6795323906089	130	1	M+H
95.05881726371962	1	5328.079317700326	999.6125355882953	131	1	M+H
94.05888864363017	1	1074.1358968116856	995.378909469992	132	1	M+H
97.06307499195225	1	13.2335571157986	1000.471161659616	133	1	M+H
94.06099131599915	1	935.7142890230161	1006.3244267590156	134	1	M+H
96.06227702888106	1	218.4444785527138	1000.8893492993147	136	1	M+H
95.06224479780106	1	35.45330045465656	998.4010138316523	137	1	M+H
95.06437046723173	1	35.790890661018324	998.7228763790832	138	1	M+H
95.06122030024157	1	354.38905876741086	997.7833159405893	139	1	M+H
110.0811512142982	1	1056041.4685631606	1003.6968720705542	140	1	M+NH4
111.08535644315332	1	1352.7240851092943	1002.3129119351721	142	1	M+NH4
112.08165566920951	1	138.10217132339383	995.6555787785077	143	1	M+NH4
111.078295711951	1	3427.4289795146196	1001.9556162015838	144	1	M+NH4
112.0907684561188	1	51.15819062687717	995.9669493828075	145	1	M+NH4
111.08733597766431	1	1500.3897647301926	997.1704842494406	146	1	M+NH4
112.08792325521068	1	383.5672273108799	997.7576333524626	149	1	M+NH4
115.03658518771829	1	1070155.309349028	998.8030177581629	150	1	M+Na
117.0407094769049	1	6668.786576161511	998.5809495226202	151	1	M+Na
116.0398498422655	1	31700.135350301793	999.4476675532095	155	1	M+Na
117.04402767129393	1	34.8497803658651	998.6844479385119	157	1	M+Na
117.04614736787006	1	34.888065078502194	996.7995612346987	158	1	M+Na
125.08086555239672	1	974539.2250784413	997.6737122191143	160	1	M+CH3OH+H
127.08523924547538	1	8435.790777006192	1001.2022591371826	161	1	M+CH3OH+H
126.08498533238419	1	1413.7427723668216	999.4499562111932	162	1	M+CH3OH+H
126.08718403421567	1	1696.452251083543	1001.4405393773326	164	1	M+CH3OH+H
127.08771439107305	1	866.0501305408011	997.1052560778861	165	1	M+CH3OH+H
128.08855174272787	1	366.1731369808865	999.8005857146284	167	1	M+CH3OH+H
127.0883076721917	1	67.1436772831372	999.1011607239908	168	1	M+CH3OH+H
127.09055649543187	1	67.04689540929125	1000.5019472726675	169	1	M+CH3OH+H
136.08532273910183	1	5917.96568344211	999.8990628725264	171	1	M+ACN+H
135.0853461728846	1	1178.584721904608	995.6431074202739	172	1	M+ACN+H
136.0813934653161	1	170.28812124171807	997.1861089225487	173	1	M+ACN+H
135.07799918143746	1	3935.605580722586	999.7589017180833	174	1	M+ACN+H
136.0907603485183	1	70.92808203414337	999.070981781528	175	1	M+ACN+H
135.08439808412808	1	62092.07759608159	999.4949552643908	177	1	M+ACN+H
136.08781967054696	1	1194.030463595827	996.8116592597465	179	1	M+ACN+H
74.08482279535536	1	10918.440204039469	1404.7702250530642	181	2	M+2H
74.58330776227605	1	42.87190692980162	1408.2358229709741	182	2	M+2H
75.09125089007559	1	43.78123663195014	1407.5666527296028	184	2	M+2H
74.58641817435	1	810.5263704072901	1406.5674459563434	186	2	M+2H
74.59113598793316	1	221.08560534158883	1406.0943844633582	187	2	M+2H
82.09930030729687	1	1010994.5864227901	1403.2311543913981	190	2	M+H+NH4
82.59802845050687	1	15934.708991565518	1404.4684663305088	191	2	M+H+NH4
83.09660746265207	1	81.0509268630922	1404.6538696489836	192	2	M+H+NH4
82.60247544258227	1	3006.270916355914	1402.6270182680964	193	2	M+H+NH4
83.1010650553903	1	48.31508240054271	1403.6057078563742	194	2	M+H+NH4
82.60115641261032	1	78286.44809073539	1407.4190455096991	195	2	M+H+NH4
83.09974213891847	1	1453.2884184478378	1405.8895574782305	196	2	M+H+NH4
83.1042968043253	1	189.7389779795606	1404.8703181933465	197	2	M+H+NH4
83.10280099172729	1	2700.912775258273	1406.624237225921	198	2	M+H+NH4
94.59807861618555	1	13726.71180123936	1405.8949472149436	201	2	M+ACN+2H
95.09655549586276	1	84.12391860022099	1403.8317975499062	202	2	M+ACN+2H
94.60259197243317	1	3281.1430830206386	1406.0038450571283	203	2	M+ACN+2H
95.60461240179049	1	124.30789382744447	1405.5871931158858	204	2	M+ACN+2H
94.6012710477764	1	95253.81338031981	1405.01094635143	205	2	M+ACN+2H
95.09991564311666	1	1425.209105548383	1406.4313911662907	206	2	M+ACN+2H
95.10425351792043	1	303.95141692970407	1406.700243119361	207	2	M+ACN+2H
95.10284227608116	1	4018.495181268334	1408.5608058726846	208	2	M+ACN+2H
95.6012750462258	1	63.571258199087474	1404.7636098603393	209	2	M+ACN+2H
114.61287178280921	1	911829.5542376653	1403.6331848296031	210	2	M+2ACN+2H
115.116112815335	1	2997.6603451244214	1401.6849527653105	213	2	M+2ACN+2H
115.11448299021126	1	135810.72922285134	1406.2682089289608	215	2	M+2ACN+2H
115.61288428066808	1	2044.1617195651177	1406.1872440420332	216	2	M+2ACN+2H
116.11468614076935	1	136.99977446799755	1403.3918453527917	217	2	M+2ACN+2H
115.61604525746576	1	6681.661461149608	1407.6261292565387	219	2	M+2ACN+2H
146.1649381043461	1	1093137.802956957	1405.8870716290885	220	2	M+H
147.16233316632633	1	9974.17854510609	1403.9768328985017	221	2	M+H
149.1752208393498	1	38.03121882103495	1404.001700518219	224	2	M+H
148.16534799699141	1	1016.2995831689408	1410.6602805736015	226	2	M+H
148.17502739457956	1	165.1879479931859	1405.8429449817318	227	2	M+H
148.17196080307997	1	2976.5670858341527	1405.73476128633	228	2	M+H
149.16908784710628	1	30.32450233434762	1403.9222358874229	229	2	M+H
164.18867188830615	1	16009.897560031064	1405.432665272597	231	2	M+NH4
165.185830010166	1	88.14512735654458	1407.2955808226814	232	2	M+NH4
164.1980060335043	1	2958.344911624054	1405.8427303347094	233	2	M+NH4
165.19493424083763	1	46.9969774482561	1408.5257688078711	234	2	M+NH4
164.19514480219496	1	68324.30112983048	1408.0377159431298	235	2	M+NH4
165.20106413001096	1	245.56011920759266	1408.022838120399	237	2	M+NH4
165.1985372592827	1	2801.8212304910153	1406.6176566922338	238	2	M+NH4
166.20176946960862	1	53.71415700867902	1406.5071919351265	239	2	M+NH4
168.147129077486	1	954782.362564346	1404.1519997734993	240	2	M+Na
169.14445565427744	1	11734.114725362879	1402.576974576352	241	2	M+Na
170.1415371621825	1	51.70374712654402	1405.1309860740205	242	2	M+Na
169.15368850388728	1	2185.0075683419263	1402.861976397797	243	2	M+Na
169.15055875861944	1	78591.6463599277	1405.0663298986506	245	2	M+Na
170.15363652743684	1	2768.5464380699086	1406.9603581165813	248	2	M+Na
171.1506608857442	1	26.005570531219117	1404.0757870786624	249	2	M+Na
180.19560308643756	1	2156.765086412218	1409.0096988604278	251	2	M+CH3OH+H
179.18826399358244	1	11614.661894048595	1406.112080867833	253	2	M+CH3OH+H
180.19770795177652	1	3449.863178585504	1406.3791801800276	255	2	M+CH3OH+H
179.19767073366168	1	2524.9774742921218	1405.990994382484	256	2	M+CH3OH+H
180.1916766633757	1	1084.341525044405	1406.86977980505	257	2	M+CH3OH+H
181.1989630161526	1	186.0723074195769	1405.7225734482513	259	2	M+CH3OH+H
187.19185971974167	1	1136660.3911144752	1404.6058349929533	260	2	M+ACN+H
188.18887112205593	1	16182.973068308907	1406.781310741306	261	2	M+ACN+H
190.2018379417118	1	99.29530940940964	1404.9469404789518	264	2	M+ACN+H
188.19501220163008	1	97414.9662917058	1408.477336827429	265	2	M+ACN+H
189.19242680646477	1	1432.8350767031598	1405.069104175147	266	2	M+ACN+H
189.2012545761616	1	232.5673341954439	1405.4753586756863	267	2	M+ACN+H
189.19844838306736	1	5006.750977184906	1404.285987914707	268	2	M+ACN+H
136.04994957043573	1	1530.307593218077	906.7974823064752	271	3	M+2H
135.54976380176132	1	240.89903860087844	906.4971617188357	272	3	M+2H
136.05171359665118	1	27.014792548145557	906.1025865850347	273	3	M+2H
135.54950551817137	1	14524.201580465566	909.4859693539438	274	3	M+2H
135.54626208334668	1	1697.5833904147466	909.2703143890126	275	3	M+2H
136.05087299287797	1	701.5323956010791	907.8803241048615	276	3	M+2H
136.55148433281647	1	124.69007651782388	908.3704673079311	277	3	M+2H
136.0478991421835	1	188.47516834760094	906.6050753423389	278	3	M+2H
135.55080389590657	1	187.1909899445985	908.9609222001427	279	3	M+2H
143.56079233259175	1	119415.26151992429	906.501588246371	280	3	M+H+NH4
144.06322167435235	1	215.72029645313285	909.8853173630815	282	3	M+H+NH4
144.5642551796221	1	601.3516497850594	906.5099397292573	283	3	M+H+NH4
145.06502906442128	1	151.59780325826347	905.9528762242809	284	3	M+H+NH4
144.05974227666292	1	2207.9600834038097	906.4546195651195	285	3	M+H+NH4
144.5658176400095	1	25.646350735181898	907.0851886786154	286	3	M+H+NH4
144.06267113561617	1	12087.1182565105	905.816014163257	287	3	M+H+NH4
144.56109839243462	1	269.7564410524006	905.1004318757406	288	3	M+H+NH4
155.56095364099383	1	126625.30466015862	906.6143882669252	290	3	M+ACN+2H
156.56302155711307	1	1307.4086999071474	909.1843323877849	291	3	M+ACN+2H
156.06306180551715	1	230.6279049738865	909.5072246634087	292	3	M+ACN+2H
156.56449710369012	1	931.0289077667529	906.8807233823738	293	3	M+ACN+2H
156.05953286845497	1	2461.0958246467376	906.6156319829007	295	3	M+ACN+2H
176.0744255108864	1	124224.43394081022	906.4028063277169	300	3	M+2ACN+2H
177.07634433238294	1	1304.9302587825814	909.249904377638	301	3	M+2ACN+2H
176.57644813469219	1	244.36443017512835	913.4648087212572	302	3	M+2ACN+2H
177.07769089526238	1	1264.4570240348078	905.8152050839838	304	3	M+2ACN+2H
176.57299491396475	1	2548.3972549234554	908.3948246698744	305	3	M+2ACN+2H
177.57898192229612	1	63.27424701176029	908.0428665609526	306	3	M+2ACN+2H
177.0745978019294	1	386.7825726187943	906.0593334685583	308	3	M+2ACN+2H
176.5774966784442	1	241.3222044876388	910.0202243848294	309	3	M+2ACN+2H
270.0920599699287	1	258.1485964080121	908.7536516178642	312	3	M+H
271.0954788708428	1	22.284268361365342	907.2488080055476	313	3	M+H
270.091643902742	1	17268.296537172366	906.547685712718	314	3	M+H
270.08565102789044	1	1996.361949880864	906.9028660269989	315	3	M+H
271.0946108218798	1	644.0838036895368	911.4455914892434	316	3	M+H
272.09549172586844	1	132.5463239158415	904.3831246059498	317	3	M+H
270.09446207828694	1	203.9353639727921	907.6993932715833	319	3	M+H
286.11489467918284	1	121401.16478238271	908.213603327881	320	3	M+NH4
288.1185548176391	1	1377.5126828798527	905.6107116161946	321	3	M+NH4
288.1223386681688	1	27.919021188114545	905.8277892114771	323	3	M+NH4
287.1114780556174	1	2383.0799083607435	910.269195470887	325	3	M+NH4
288.1209838797416	1	692.2708671848258	907.2586058036281	326	3	M+NH4
288.1149447614179	1	250.6544559554095	908.2645645242677	328	3	M+NH4
293.07463290798705	1	1628.2580775002716	908.1250795857391	331	3	M+Na
292.07296976929706	1	13149.23813158593	910.7660217616481	334	3	M+Na
293.07678181817397	1	680.0487409330518	908.9875601905268	336	3	M+Na
294.0778157968099	1	160.99567767142563	907.5517707179762	337	3	M+Na
293.0698853494357	1	203.47372315246247	909.0702528593226	338	3	M+Na
292.07621441691424	1	182.86711027732972	910.0056819221019	339	3	M+Na
303.11878118647365	1	1564.6594822661548	909.1709064882816	341	3	M+CH3OH+H
302.11843046294405	1	256.3676974879131	909.5889903625546	342	3	M+CH3OH+H
302.11718574500225	1	15614.79470387589	909.3693993447525	344	3	M+CH3OH+H
302.11112907396824	1	1892.8022516779006	909.8132751956816	345	3	M+CH3OH+H
303.11432379915686	1	210.7134324308545	906.367649448987	348	3	M+CH3OH+H
302.12087284160066	1	272.76832510599695	906.1041388919788	349	3	M+CH3OH+H
312.1194054039097	1	1200.6683605979856	906.0770309098398	351	3	M+ACN+H
311.1186248523519	1	212.18241379455247	910.2854486028501	352	3	M+ACN+H
313.1245212898205	1	34.55868976115856	902.9356713762401	353	3	M+ACN+H
311.1175420856991	1	16149.01288417501	904.6902178130418	354	3	M+ACN+H
311.11132557244053	1	2462.5998322189807	908.2549523450723	355	3	M+ACN+H
312.1144449928617	1	298.9914690250171	906.988307103698	358	3	M+ACN+H
311.12099232122563	1	225.91832750711862	905.3008496341121	359	3	M+ACN+H
59.546769996756694	1	639015.9973547427	964.2007910186242	360	4	M+2H
60.54887090009551	1	3129.7702228544294	964.7068310468121	361	4	M+2H
60.048812673691216	1	508.1858803126038	961.8555411411762	362	4	M+2H
60.04517255491641	1	2414.208252389928	960.1309990804426	363	4	M+2H
60.05001776600176	1	900.90375783005	958.9190763460247	365	4	M+2H
61.050610675225556	1	128.78729462817606	961.6256205316399	367	4	M+2H
60.5501287120813	1	748.2773995260925	965.0683304132125	368	4	M+2H
60.54691968217551	1	117.78536594673737	959.2419657969369	369	4	M+2H
68.06001227095366	1	639756.0721690552	962.8191244863855	370	4	M+H+NH4
69.06214154107838	1	2072.2530169028505	963.7974807466483	371	4	M+H+NH4
68.55854940704592	1	4212.901288173552	963.8566408175402	373	4	M+H+NH4
69.0648419088485	1	64.68978729637084	960.8388668695773	374	4	M+H+NH4
69.06024121925259	1	206.00421403132273	964.2565950579192	375	4	M+H+NH4
68.56315920261079	1	1245.8971295132758	964.211846722345	376	4	M+H+NH4
69.06330524822062	1	580.4149586228509	965.8028715705108	377	4	M+H+NH4
68.56176097038599	1	35523.46820628159	960.7923749357917	378	4	M+H+NH4
80.06014695108756	1	547926.0478506797	963.629291456181	380	4	M+ACN+2H
80.56212513168634	1	488.4361497246678	960.1996126561014	382	4	M+ACN+2H
80.55867064234927	1	4691.933465115371	963.62201369283	383	4	M+ACN+2H
81.5637976057703	1	167.52044007415543	965.0330045827046	389	4	M+ACN+2H
101.57536441019275	1	2612.3852765214147	961.9809041533805	391	4	M+2ACN+2H
101.07520130094166	1	427.19895423119993	963.8914490767544	392	4	M+2ACN+2H
101.57813472408834	1	131.4925192599878	965.3938868422698	394	4	M+2ACN+2H
101.57338012196396	1	635.8323763484335	964.0402574007242	395	4	M+2ACN+2H
101.07647242908061	1	1379.6635649549148	960.3041266358836	396	4	M+2ACN+2H
101.07498691361212	1	57855.78693132648	964.1776266292127	398	4	M+2ACN+2H
120.09028472185418	1	2545.762188993766	960.8393029715673	401	4	M+H
120.09607933115836	1	38.944606884171144	962.4607376190216	404	4	M+H
119.0922589071372	1	985.5776699234962	959.992389348264	405	4	M+H
121.09386125410754	1	164.56374958220349	965.4538390090181	407	4	M+H
120.09293761221217	1	865.975699678811	963.4391660601003	408	4	M+H
135.1126463370037	1	661686.7552149207	962.085785011635	410	4	M+NH4
137.11720148693158	1	2423.967621368908	962.5468431553458	411	4	M+NH4
136.11699353720235	1	444.5715225759989	963.0720620999197	412	4	M+NH4
137.12244196224452	1	50.82633802224286	964.3661601851899	414	4	M+NH4
137.11309998966505	1	224.27048674881766	961.8477987137815	415	4	M+NH4
137.11955826757588	1	771.3948698532597	964.6101407596308	417	4	M+NH4
136.1159065555831	1	39737.46924473724	961.4085642135994	418	4	M+NH4
138.12035306143557	1	133.35487905114095	962.9010013686145	419	4	M+NH4
140.06838620076905	1	623173.2506092351	966.6013874063225	420	4	M+Na
142.0724892527226	1	2855.997198168864	962.8000435235296	421	4	M+Na
141.07229191501037	1	406.2047130980283	962.481883668355	422	4	M+Na
141.06545548000813	1	2300.8450654005483	961.4998271017457	423	4	M+Na
141.07446305042092	1	735.1745445375358	964.387065332555	425	4	M+Na
143.07581580235515	1	154.07202272273216	962.0742175330822	427	4	M+Na
142.074838143288	1	677.3521124827524	963.7570982596573	428	4	M+Na
150.11257828797727	1	584529.3889601649	960.5309866528918	430	4	M+CH3OH+H
152.11663624065343	1	3922.044746887519	959.7249003166378	431	4	M+CH3OH+H
151.11647285048602	1	783.8477416020878	960.9416406457397	432	4	M+CH3OH+H
152.11296530237098	1	164.86844070728992	959.8859282470997	433	4	M+CH3OH+H
151.10969919310483	1	2427.625132208243	960.9124170945606	434	4	M+CH3OH+H
152.12220208475586	1	71.67289884004073	967.402516735739	435	4	M+CH3OH+H
151.1188695217471	1	1196.1482253743243	958.6304988710268	436	4	M+CH3OH+H
153.12016772982037	1	238.81425902051495	963.9375159346077	439	4	M+CH3OH+H
161.1168286555799	1	2575.9768078601605	961.4754783949146	441	4	M+ACN+H
160.11707478084597	1	453.02693994182164	961.9474437501714	442	4	M+ACN+H
160.10980695589518	1	5715.428858232649	962.4234195285189	443	4	M+ACN+H
161.12269136125232	1	91.6377072915606	961.6557501753019	444	4	M+ACN+H
161.1132149922593	1	319.1348265907264	965.7032643601161	445	4	M+ACN+H
160.1187320808212	1	1127.0734559276952	961.9514847855502	446	4	M+ACN+H
162.1202144926137	1	197.78147369988267	963.3761585683384	449	4	M+ACN+H
56.03872965112799	1	0.33295878643939797	900.48680288934	452	5	M+2H
56.04188427386575	1	11.082728133405107	898.552735699868	455	5	M+2H
56.04649553316236	1	1.5046656600865973	900.7024875834833	456	5	M+2H
56.543505649249106	1	0.289191546972875	899.1202866778875	458	5	M+2H
56.54671900516516	1	0.6152057207543835	898.3225228834405	459	5	M+2H
63.55491568124828	1	21360.47702576636	899.5328400229893	460	5	M+H+NH4
64.05339697720287	1	229.6498896839399	900.5440302480985	461	5	M+H+NH4
64.55193525415024	1	0.890623294895881	901.3636532230666	462	5	M+H+NH4
64.05806386134591	1	34.87529716559874	899.6432680566901	463	5	M+H+NH4
65.0599105461243	1	0.5464245153083267	897.7587219103018	464	5	M+H+NH4
64.55509798952014	1	15.309150437390242	900.5848243458852	466	5	M+H+NH4
64.55969826577746	1	1.978728321852921	901.0888788993335	467	5	M+H+NH4
65.05674971131833	1	0.45549535282754255	897.2392245756021	469	5	M+H+NH4
76.05344430835358	1	200.19422562217946	895.7944746658584	471	5	M+ACN+2H
76.55184571041943	1	0.8242706998383542	898.4691483887192	472	5	M+ACN+2H
76.05800535809966	1	33.065957485408674	899.7353832564648	473	5	M+ACN+2H
77.05998573052327	1	1.4813238855813968	898.5765645795949	474	5	M+ACN+2H
76.05664603444464	1	2090.533793331205	900.2946212031992	475	5	M+ACN+2H
76.55501999241011	1	18.3399442407673	900.6245880938301	476	5	M+ACN+2H
76.55960879878181	1	2.601419968827316	899.1312708300816	477	5	M+ACN+2H
76.55833646934943	1	79.3551136555188	898.4417820934043	478	5	M+ACN+2H
96.06809093105272	1	22338.274016618507	900.0461350014184	480	5	M+2ACN+2H
96.56695681765743	1	360.38008179042106	900.1751568869569	481	5	M+2ACN+2H
97.06533824179309	1	1.6761473064707844	899.3456857854881	482	5	M+2ACN+2H
96.57135456398515	1	40.73377131074145	901.3805870366699	483	5	M+2ACN+2H
96.56974434482169	1	2648.261276868506	899.0293560394875	485	5	M+2ACN+2H
97.06822934157485	1	28.911055781934053	898.3584444176747	486	5	M+2ACN+2H
97.07305530524208	1	4.131794251071539	900.1642130328014	487	5	M+2ACN+2H
97.07165985078367	1	106.36492475864749	900.0596606179262	488	5	M+2ACN+2H
97.5700422707223	1	1.6633200012400378	901.6246884993807	489	5	M+2ACN+2H
109.07587745877217	1	21278.864629075233	900.7863463996806	490	5	M+H
110.07288392925422	1	173.09384241677682	900.2542840731883	491	5	M+H
110.08229690507392	1	24.999581594999388	898.5770659765869	493	5	M+H
110.07952602776372	1	1476.3647403106622	900.9267739939154	494	5	M+H
111.08569652000325	1	1.7797330702902605	897.1783740905987	496	5	M+H
111.08264933588148	1	35.01959223278579	898.4295107181225	497	5	M+H
112.08617339967951	1	0.5025330649123663	900.514379339232	499	5	M+H
126.10263303119521	1	20590.14790321151	895.0270806052991	500	5	M+NH4
128.09669910931535	1	0.9729552368622584	899.1870557196215	502	5	M+NH4
129.11270785931515	1	0.5326895703580337	899.1248715632832	504	5	M+NH4
128.10301022756676	1	16.68158779688588	898.8895546127934	506	5	M+NH4
128.11219090007904	1	2.591501522616891	902.2090746694714	507	5	M+NH4
129.10624200929664	1	0.5274290960838603	896.8439829940518	509	5	M+NH4
131.05768561564227	1	27327.39209793233	896.4980680626597	510	5	M+Na
133.05198212888575	1	0.26360128129075333	900.0290511207136	512	5	M+Na
132.06415091406404	1	21.560555038405692	900.7498183719492	513	5	M+Na
132.061291286888	1	1375.1037789471616	902.9733921948119	514	5	M+Na
133.06765518922256	1	1.3039343533032635	904.3894810037535	516	5	M+Na
134.0614932888378	1	0.2915716902880257	900.8228989195794	518	5	M+Na
134.06781939999885	1	0.5833910940310925	892.9900117000398	519	5	M+Na
141.10217341573764	1	21647.093829488505	900.4810907831818	520	5	M+CH3OH+H
143.10625141876116	1	44.631171614653354	900.6504837957951	521	5	M+CH3OH+H
142.1065037348244	1	7.352237597270706	900.9306168551145	522	5	M+CH3OH+H
143.11185331020422	1	2.9279162875753983	894.2475853309325	524	5	M+CH3OH+H
143.10901506289443	1	53.03523376667774	896.9695692969327	527	5	M+CH3OH+H
142.1055583040652	1	1800.4429603607966	900.7846531671775	528	5	M+CH3OH+H
144.10987849035396	1	3.006900039882075	897.4183754060574	529	5	M+CH3OH+H
150.1025793791592	1	22312.65322366107	902.2565928474505	530	5	M+ACN+H
151.09942139347203	1	252.95214428566382	900.0795574253881	531	5	M+ACN+H
151.10871872951213	1	29.7033835879096	898.0382534743428	533	5	M+ACN+H
153.11271384868786	1	1.5046811061912244	902.7085509571185	534	5	M+ACN+H
151.10592345986979	1	1846.2700194578474	896.9587402753501	535	5	M+ACN+H
152.10311241566686	1	20.635091870477588	897.765030635066	536	5	M+ACN+H
152.10909786544545	1	72.6614694411726	894.8457653241759	538	5	M+ACN+H
118.07000503555746	1	288.19578608439156	949.586160032219	541	6	M+2H
117.56993257940648	1	63.14767931795572	945.5521993572071	542	6	M+2H
117.56635716289338	1	558.3210298497194	948.5831759347093	543	6	M+2H
118.57295671770842	1	27.77973760390236	947.3327893573826	544	6	M+2H
117.57103841542205	1	163.48971434425417	949.9001418133352	546	6	M+2H
118.06800553365889	1	66.87091228510454	951.327054102821	547	6	M+2H
125.58120004121365	1	69749.20576134587	948.3296621529273	550	6	M+H+NH4
126.58346193844935	1	329.1744160174496	949.6525459451369	551	6	M+H+NH4
126.07975066305937	1	830.674505697539	948.0284951497641	553	6	M+H+NH4
126.5811632317941	1	123.94661359502162	947.077573952033	555	6	M+H+NH4
126.08422841230136	1	186.58396683322718	948.6323866865421	556	6	M+H+NH4
126.58431357167034	1	737.367250652136	950.1983617774576	557	6	M+H+NH4
126.08284646020354	1	11594.402039491428	950.6247662675282	558	6	M+H+NH4
137.58110431148327	1	68582.42571212273	950.7754243977031	560	6	M+ACN+2H
139.0861450291721	1	39.99936373693348	951.1604814069182	564	6	M+ACN+2H
138.08430393188263	1	178.41723117716225	951.7670430530194	566	6	M+ACN+2H
138.5845792693718	1	738.3511425640398	947.3755238844152	567	6	M+ACN+2H
138.0828355598017	1	11666.089563867958	945.9837915923171	568	6	M+ACN+2H
139.08481326512796	1	53.75478360391127	952.409294151102	569	6	M+ACN+2H
158.09447974027597	1	86725.19584880793	948.6162297314256	570	6	M+2ACN+2H
158.5965274761056	1	50.24598331747173	949.7189272319675	572	6	M+2ACN+2H
158.59297416691155	1	1127.702898639814	950.6056205012735	573	6	M+2ACN+2H
159.09442572500018	1	200.7551103501186	947.410229378657	574	6	M+2ACN+2H
159.5996030218633	1	69.52365514844689	947.528372965263	575	6	M+2ACN+2H
159.59826704757836	1	58.05281614552406	950.223308648249	579	6	M+2ACN+2H
235.1326281266632	1	363.73190030019344	951.8881159816245	581	6	M+H
234.1327785947474	1	64.8256931708282	949.4206459594932	582	6	M+H
236.13830451854494	1	30.69368232601184	946.7869433168567	584	6	M+H
234.13517924591847	1	146.58047946852778	949.3631575763625	586	6	M+H
235.1279808981458	1	87.84629566779824	954.3332546764448	587	6	M+H
234.13173999151576	1	10444.139964613074	950.6348466128577	588	6	M+H
236.13620587182623	1	44.27806632486356	953.9473529555246	589	6	M+H
250.15544735235406	1	81745.05016463531	948.6094615424315	590	6	M+NH4
252.1592377835706	1	294.1634900099482	949.5276271705891	591	6	M+NH4
251.15934243503256	1	57.057225745621274	949.7267394635212	592	6	M+NH4
251.15184686890402	1	875.369528813995	951.2978791786747	593	6	M+NH4
253.1648746653759	1	24.02745696062058	949.600933969526	594	6	M+NH4
252.16176082383748	1	705.4579137413958	946.3584390115286	597	6	M+NH4
251.15846005234485	1	11337.087489690444	947.3182574568306	598	6	M+NH4
253.16281882529654	1	42.22875546121255	948.8469455011995	599	6	M+NH4
255.11036522759363	1	87591.64831773845	949.7308431670423	600	6	M+Na
257.1145094581118	1	308.1781127590928	947.1226093178993	601	6	M+Na
256.11495311640965	1	57.633415168386634	950.7610518917829	602	6	M+Na
256.1077407577398	1	533.5576750230598	948.8925212900456	603	6	M+Na
258.1206300492112	1	27.60794319074346	947.5122547861437	604	6	M+Na
257.1106553700633	1	83.42968423271806	951.9476160651168	605	6	M+Na
256.1168013159089	1	174.85958849423457	949.1682088094425	606	6	M+Na
257.11740510576493	1	684.981737367462	951.1652003924385	607	6	M+Na
256.1139461947908	1	12257.821909504935	949.2933568965877	608	6	M+Na
258.11842454141697	1	41.34901189667143	947.9103620205213	609	6	M+Na
265.1545297429457	1	65177.15314211939	950.9462182988499	610	6	M+CH3OH+H
267.1590295790234	1	496.36244106358254	950.0767242733739	611	6	M+CH3OH+H
266.15143625233395	1	568.9877255449275	949.2211481538274	614	6	M+CH3OH+H
266.1607527414952	1	202.51195019142224	948.7162024989244	617	6	M+CH3OH+H
267.16195011310924	1	824.640724709466	947.5266833280042	618	6	M+CH3OH+H
267.1545135257205	1	86.77146802757963	948.7511054112425	619	6	M+CH3OH+H
274.1554675366809	1	72290.20673305517	948.7446580367067	620	6	M+ACN+H
276.158677812781	1	365.032263026213	952.0275727976252	621	6	M+ACN+H
276.15574317521003	1	123.1039014558424	944.688991123539	625	6	M+ACN+H
275.1618596502305	1	164.07503709859202	947.4665599944128	626	6	M+ACN+H
276.16174998605464	1	847.2352151322146	948.2431421401285	627	6	M+ACN+H
275.15808662730643	1	15394.720473206655	952.2649870673663	628	6	M+ACN+H
277.16248365539076	1	45.556597458018054	950.3360552961542	629	6	M+ACN+H
94.54356728701603	1	133.25979290661914	1150.8673714991853	632	7	M+2H
94.54426228910862	1	184.66164506377186	1150.3977478630807	633	7	M+2H
94.54309936168025	1	23133.84206097348	1147.5775126864487	634	7	M+2H
95.54520614439538	1	86.63969927033877	1151.2664345275894	635	7	M+2H
95.04519983433396	1	15.366813934902735	1148.336677849502	636	7	M+2H
95.0460174668445	1	28.52889452770772	1150.4951619825356	637	7	M+2H
95.04475746114713	1	1506.2886969836468	1150.1405312425597	638	7	M+2H
95.54642861900348	1	42.364634231083656	1149.5637609095768	639	7	M+2H
102.5546568366078	1	184937.86279565026	1152.230794618879	640	7	M+H+NH4
103.55673240622306	1	758.0897399326744	1151.5593501807718	641	7	M+H+NH4
103.05687915790143	1	111.42523806154749	1149.4462783512706	642	7	M+H+NH4
103.05323216444616	1	662.7551248435564	1148.6322026367532	643	7	M+H+NH4
104.05966477388758	1	47.83973399782668	1149.0201643527	644	7	M+H+NH4
103.05764348397777	1	269.88417526877157	1151.5969038799124	645	7	M+H+NH4
103.05643086695542	1	27708.3090471097	1155.758426012849	646	7	M+H+NH4
103.55804149350287	1	1338.0851774924981	1149.357895286676	648	7	M+H+NH4
103.55464329401948	1	85.43883685803308	1147.4205845771385	649	7	M+H+NH4
115.05637507386969	1	20326.92225304626	1150.9587562202619	656	7	M+ACN+2H
116.0583350847565	1	102.62664382246625	1148.0495410745073	657	7	M+ACN+2H
115.55821517564046	1	1504.0589290614155	1151.7483772718738	658	7	M+ACN+2H
115.55471481488216	1	95.4000329299463	1153.9520601805266	659	7	M+ACN+2H
135.06791974262453	1	163465.5000353466	1152.6000088641083	660	7	M+2ACN+2H
136.06996418396517	1	681.4930060516156	1149.5642754859855	661	7	M+2ACN+2H
135.57009675969505	1	122.36384973816668	1150.5414019906514	662	7	M+2ACN+2H
136.07118400942156	1	1985.5201281978914	1151.3187975409426	665	7	M+2ACN+2H
135.57079096176105	1	321.19824771372157	1151.7026981562879	666	7	M+2ACN+2H
136.06791543566536	1	213.69015434683595	1149.3987665376578	667	7	M+2ACN+2H
135.56944518073755	1	25657.430452326076	1149.996061215453	668	7	M+2ACN+2H
136.5717644386216	1	105.05948168202005	1152.8981893596654	669	7	M+2ACN+2H
189.07990022351595	1	698.1748776474576	1150.5135917847663	671	7	M+H
190.08279543855866	1	89.39877562978961	1150.9474690745037	675	7	M+H
189.08320246433937	1	17.872494023908267	1151.147428863118	676	7	M+H
189.08499131894828	1	30.896752697368907	1151.4990827547963	677	7	M+H
189.08189510748213	1	1300.1700373193046	1151.8555868721999	678	7	M+H
190.0853515095839	1	51.030453442616256	1151.7076809649075	679	7	M+H
206.1063029612388	1	732.5218225854038	1151.8755982257867	681	7	M+NH4
205.09902301058307	1	756.0896815378562	1152.0789434524572	683	7	M+NH4
207.11182876658808	1	47.88737707251688	1150.2501961023327	684	7	M+NH4
205.10543421380092	1	17638.969014593567	1153.660268222903	686	7	M+NH4
207.10944809358392	1	94.50473077674529	1149.1697076781359	687	7	M+NH4
206.10881785598949	1	1424.0469309435273	1153.4110321880644	688	7	M+NH4
206.10230604047572	1	74.68181591544383	1150.0077146632502	689	7	M+NH4
209.0574532183324	1	140942.93369905284	1149.7320994212675	690	7	M+Na
211.06174506654983	1	716.0341259239719	1154.134219495714	691	7	M+Na
210.06080960412282	1	19876.52573293331	1149.9007824203425	694	7	M+Na
212.06499278511458	1	90.51405424059094	1152.2114214495457	695	7	M+Na
211.0645769112231	1	13.685483539870763	1150.1402004844608	696	7	M+Na
211.06700425986384	1	26.57533700090019	1150.1299077354627	697	7	M+Na
211.06348588486347	1	1226.1031513172313	1152.1736912819306	698	7	M+Na
212.06724409640853	1	43.945202224680145	1151.2325444834032	699	7	M+Na
219.10202956823161	1	155338.3642482888	1152.910380727821	700	7	M+CH3OH+H
221.10592551155094	1	956.7684542635599	1152.3633512619926	701	7	M+CH3OH+H
222.1117742072239	1	57.220109056894756	1150.047694478283	703	7	M+CH3OH+H
220.1077972540505	1	225.91571635238816	1153.3487369714574	704	7	M+CH3OH+H
221.1089248253655	1	24.62785356470389	1151.0718071642377	707	7	M+CH3OH+H
221.11103400542402	1	45.58486206795077	1151.1623501781185	708	7	M+CH3OH+H
221.10795011883124	1	1664.206936106188	1152.242357630913	709	7	M+CH3OH+H
228.10197313970906	1	141149.016915031	1145.7458082065807	710	7	M+ACN+H
229.10603099738228	1	134.4868977590523	1151.4497583584287	712	7	M+ACN+H
229.09899612957503	1	501.71947518160584	1152.9404004471362	713	7	M+ACN+H
231.11192959985615	1	79.87107074884224	1147.4064642663823	714	7	M+ACN+H
229.10514276725186	1	21296.427736655325	1151.3330336445927	716	7	M+ACN+H
231.10930016097637	1	95.67029264565166	1148.1480544182118	717	7	M+ACN+H
230.10836189734889	1	2026.7319311941628	1148.9789450228905	718	7	M+ACN+H
230.10230252090912	1	93.75433472947626	1154.07035777549	719	7	M+ACN+H
111.55249944691077	1	129119.65663512805	596.8279205764018	720	8	M+2H
112.55412629076501	1	1564.978109127178	601.0452273620905	721	8	M+2H
112.0544999094412	1	317.4176495984622	600.6346161404729	722	8	M+2H
112.05078062229344	1	552.2130347465446	596.6858723808638	725	8	M+2H
112.55250720815353	1	45.75804788557291	595.8730915425323	726	8	M+2H
112.05551308214014	1	264.33720817048385	598.3806393638173	727	8	M+2H
112.55608773937962	1	23.34094214569419	600.0293280435252	728	8	M+2H
112.05388037160563	1	10891.601783585475	601.1642500747279	729	8	M+2H
120.06528023440748	1	142530.96183535506	596.7694817374908	730	8	M+H+NH4
120.56764368136615	1	285.75767584794824	599.3081072936809	732	8	M+H+NH4
121.06577364903792	1	86.53832718352095	597.6374044481194	733	8	M+H+NH4
121.56950947537499	1	149.77545142750907	595.0146012136164	734	8	M+H+NH4
120.56375063801536	1	900.3008795801398	599.4805385793603	735	8	M+H+NH4
121.0688195459731	1	443.5530666505105	596.7385272171841	738	8	M+H+NH4
120.56867195943222	1	376.88051554646825	597.9100677562416	739	8	M+H+NH4
133.06767812376407	1	1626.507965035138	597.6710053110077	741	8	M+ACN+2H
133.56927176294195	1	165.49040166554158	598.4059116062906	744	8	M+ACN+2H
132.56424793181444	1	856.0245647849216	594.5661045765338	745	8	M+ACN+2H
133.07014783883898	1	34.57227328079526	599.8069623861427	746	8	M+ACN+2H
132.56710142696596	1	13375.659230979729	597.4128643279842	747	8	M+ACN+2H
132.56864767641378	1	253.31295005873906	596.6304124161428	749	8	M+ACN+2H
152.57896385205697	1	140947.10543950694	596.651514293671	750	8	M+2ACN+2H
153.5810190840577	1	1836.8209773638514	596.6564206926172	751	8	M+2ACN+2H
153.0808715239972	1	302.56882913020223	597.6951447980284	752	8	M+2ACN+2H
153.57931754380246	1	167.0089767833603	593.5126831561499	753	8	M+2ACN+2H
153.07724356317178	1	1443.264829837342	601.2059752650218	755	8	M+2ACN+2H
153.5832888613822	1	48.261272754754586	598.4611802101991	756	8	M+2ACN+2H
153.08206625010007	1	365.9143544560314	600.4669095049685	759	8	M+2ACN+2H
222.09705111883818	1	147732.58509115933	595.1794316230722	760	8	M+H
224.10137479733095	1	1801.164553165651	595.395389016413	761	8	M+H
224.10544299201334	1	27.940441532473475	598.6539306115754	764	8	M+H
224.09745987892393	1	38.34222649442364	596.3387992237875	766	8	M+H
223.10360841845295	1	226.1327939502998	600.4731061755656	767	8	M+H
225.10468187801794	1	170.8904004345416	598.5406022762653	768	8	M+H
239.1240033713712	1	148209.21206473742	596.2033970872797	770	8	M+NH4
241.1281476205971	1	1774.5177218302965	596.370192903983	771	8	M+NH4
240.12101916490548	1	935.3952587175768	600.3485904336122	775	8	M+NH4
241.13110718690157	1	25.281700476692333	597.456193147808	778	8	M+NH4
240.13000637685747	1	277.111238958579	596.5003601754604	779	8	M+NH4
246.08310513265457	1	1839.9597386423584	598.2248683349875	781	8	M+Na
246.08600661670482	1	450.8281591955509	600.8779240029381	783	8	M+Na
246.08689506988011	1	30.49690302493502	598.9134603924947	784	8	M+Na
245.07635404353042	1	548.750387629925	595.144777645961	785	8	M+Na
246.0792926681981	1	43.70415270051054	597.7907497694099	786	8	M+Na
247.0868876456071	1	173.7868665158182	594.096777299636	788	8	M+Na
245.08233804274437	1	13835.136708561387	596.5595690356116	789	8	M+Na
254.1233837483561	1	143203.27980851236	598.0882599453572	790	8	M+CH3OH+H
256.12778754302377	1	1845.8947889643055	598.3347581200029	791	8	M+CH3OH+H
255.12790853299288	1	324.68707928375125	598.6169554997766	792	8	M+CH3OH+H
256.13039051432816	1	570.2773965652092	600.9456646248608	793	8	M+CH3OH+H
257.1309751305978	1	187.14449376543584	600.2201724140338	794	8	M+CH3OH+H
255.1202627426031	1	463.04300762115366	599.4848174626136	795	8	M+CH3OH+H
256.12342078821246	1	49.99728309195658	598.9286571444936	796	8	M+CH3OH+H
255.12993031538232	1	287.71869728250203	598.6039733017719	797	8	M+CH3OH+H
256.13103786435966	1	33.80949897195229	597.8816335723593	798	8	M+CH3OH+H
255.12672628730425	1	14652.251405748744	594.0874720239974	799	8	M+CH3OH+H
263.1241630478368	1	141340.7771844355	593.3668415723928	800	8	M+ACN+H
265.12815353065935	1	1581.5662335415493	601.3889274083699	801	8	M+ACN+H
264.1276599949107	1	318.2136062597363	598.3255165221841	802	8	M+ACN+H
265.12404728378215	1	120.57415221070077	595.0848037932212	803	8	M+ACN+H
266.1310645053105	1	214.21587743977412	600.0028853221322	804	8	M+ACN+H
264.1205988924431	1	1045.4298579647912	600.222770430031	805	8	M+ACN+H
265.1305175666227	1	770.676336359363	599.2948671369218	806	8	M+ACN+H
264.12727070878714	1	14414.8694405362	596.7837490948285	807	8	M+ACN+H
265.1315282428549	1	32.26645041980065	595.1629593127379	808	8	M+ACN+H
77.53405397536339	1	357.73898361412375	465.4924148521951	811	9	M+2H
77.03424122915513	1	73.05337889931019	465.77022712289477	812	9	M+2H
77.03045937282396	1	3278.9467188944186	465.78403854583973	813	9	M+2H
77.53527422718193	1	235.26263053988345	466.39202574347956	814	9	M+2H
77.5288930199606	1	21.045648697425467	464.8949397707957	815	9	M+2H
77.03511082202961	1	145.70035755501272	468.88997674079906	816	9	M+2H
77.03363471697295	1	9810.012939940332	468.10547390087373	818	9	M+2H
78.03590931472034	1	17.44067810963231	464.89156918565334	819	9	M+2H
85.0454108659723	1	195389.35257095323	469.3228973978539	820	9	M+H+NH4
86.04740896749537	1	390.00932303231076	468.5234951510914	821	9	M+H+NH4
85.54735871473595	1	70.98364327772529	468.72714454974954	822	9	M+H+NH4
85.54374051041658	1	4496.571523563659	459.2514696468892	823	9	M+H+NH4
86.04862968526447	1	210.9969142074186	468.04744981872653	824	9	M+H+NH4
86.04214261688716	1	37.26370825868739	466.9915907386916	825	9	M+H+NH4
85.5484965603578	1	210.62334676968325	465.57447236772305	826	9	M+H+NH4
86.04526377711605	1	223.56250813110333	463.3995367249029	827	9	M+H+NH4
85.54682220215474	1	11211.434758188816	464.0736515951192	828	9	M+H+NH4
86.54896042043171	1	21.30917106878158	463.7920704654948	829	9	M+H+NH4
97.04520414530393	1	175481.69015669817	468.2396004190872	830	9	M+ACN+2H
98.04749687166121	1	350.1690593637248	466.06791190113665	831	9	M+ACN+2H
97.54380105190299	1	4518.980633045358	467.3867361425874	833	9	M+ACN+2H
98.0485184640764	1	379.3553601569448	466.39885907588405	834	9	M+ACN+2H
98.0423298026731	1	31.75420333986422	467.457396854563	835	9	M+ACN+2H
98.04543416413854	1	254.70676647920243	467.8012280168734	837	9	M+ACN+2H
97.54711444221405	1	14498.373257873416	464.54804546372554	838	9	M+ACN+2H
98.5492409770067	1	23.28195316396502	467.6617210807078	839	9	M+ACN+2H
117.55848857234867	1	182466.91898335662	464.76408316992513	840	9	M+2ACN+2H
118.56069406613958	1	387.47061770774695	465.31654223299773	841	9	M+2ACN+2H
118.06048523279435	1	74.14441242602591	466.19726974502106	842	9	M+2ACN+2H
118.05695791756966	1	4338.66056527055	463.56977851805306	843	9	M+2ACN+2H
118.56168455413227	1	819.6195809304643	466.4011982845544	844	9	M+2ACN+2H
118.55560144149804	1	54.521975614647324	467.28791664271694	845	9	M+2ACN+2H
118.0617791540455	1	266.26761509595354	466.8022339690935	846	9	M+2ACN+2H
118.06032368742336	1	17887.4905940498	461.70768045036255	848	9	M+2ACN+2H
152.05671576146764	1	151197.21102940798	466.81579403128444	850	9	M+H
154.06084844232413	1	378.5314534162477	468.98795885787604	851	9	M+H
153.06095804438118	1	74.20606521227926	465.099613141364	852	9	M+H
153.05347299037103	1	3420.422090247812	463.74704456131	853	9	M+H
154.06310585562997	1	190.02255741359826	462.6246823900504	854	9	M+H
154.0506604023907	1	24.304882315447937	464.79405120871786	855	9	M+H
153.06320319363627	1	120.32305919073033	467.25276459198153	856	9	M+H
169.08347352577348	1	184943.37106869527	468.67770551967715	860	9	M+NH4
171.08760973267152	1	350.49842574008846	466.42209519378537	861	9	M+NH4
170.08056306596234	1	3723.4475530910095	467.86663605399474	863	9	M+NH4
171.08383047955502	1	252.48121534444286	465.9954123821076	867	9	M+NH4
170.08663409222208	1	8196.18841734311	466.26739378157873	868	9	M+NH4
174.03875665981138	1	190137.8696871955	464.507952398147	870	9	M+Na
176.04261678692706	1	389.89176224242385	465.1400823270985	871	9	M+Na
175.0428375473936	1	68.5590372585874	466.4028453969094	872	9	M+Na
175.03554231834562	1	3144.2039683516496	463.7861483474538	873	9	M+Na
176.04561294988798	1	204.83776990101887	464.9268952212142	874	9	M+Na
176.03267735719794	1	23.674650172783	465.10615919972673	875	9	M+Na
175.04506645417928	1	102.17824823315509	467.7165645209636	876	9	M+Na
175.0418410861399	1	11147.75196020968	467.002422484396	877	9	M+Na
184.08269069372338	1	168190.08481180182	470.4821269884269	880	9	M+CH3OH+H
185.08732926545957	1	140.14957535485098	466.03227598889197	882	9	M+CH3OH+H
186.07661657831054	1	26.36382831567674	465.46623174561245	886	9	M+CH3OH+H
186.0830904658953	1	245.9418049443559	470.4202626434175	888	9	M+CH3OH+H
193.08334247481844	1	163729.87841861206	465.03374543690217	890	9	M+ACN+H
194.0872444618926	1	61.79697484807449	467.5077966601304	892	9	M+ACN+H
195.09006396935683	1	449.93857402736774	469.8294894835931	894	9	M+ACN+H
195.07720615189967	1	42.96149639844988	466.63531437915253	895	9	M+ACN+H
194.08948800171834	1	219.33206936085907	464.06063666580366	896	9	M+ACN+H
195.08383777857898	1	333.9057587713387	466.10791836663265	897	9	M+ACN+H
196.09102577329773	1	30.010495265436195	461.94106399985856	899	9	M+ACN+H
85.54423259637868	1	55256.48404346935	853.0720397012492	900	10	M+2H
86.54634530763191	1	319.5797234716977	851.257472312313	901	10	M+2H
86.0461741953908	1	67.97246581022235	853.8544892605987	902	10	M+2H
86.54458525226033	1	21.944667459911027	853.1094856792037	903	10	M+2H
86.54910654415586	1	6.9306577087025145	852.3867104993682	905	10	M+2H
86.0472053977907	1	79.77256131723615	853.8235436493197	906	10	M+2H
86.04588859449107	1	4655.335233516565	852.6224483333555	907	10	M+2H
87.04817237249097	1	28.81599247047898	857.6084928671617	908	10	M+2H
94.0574609670456	1	53516.073429154014	855.828786971626	910	10	M+H+NH4
95.05963230809334	1	413.61582934414156	859.2849720288561	911	10	M+H+NH4
95.0622905886196	1	8.878138055755757	855.0507913970603	915	10	M+H+NH4
95.05772508586432	1	36.95703552287554	851.9688121621431	916	10	M+H+NH4
94.56070641670101	1	99.05136086673416	853.0061847174275	917	10	M+H+NH4
106.05733076689762	1	44769.890684483005	852.0496032161575	920	10	M+ACN+2H
107.05952018052524	1	301.221577913428	857.5862435920894	921	10	M+ACN+2H
106.55970751646936	1	55.69623881625318	854.7820683696186	922	10	M+ACN+2H
107.56138710962054	1	29.917327081648555	854.5695349598527	923	10	M+ACN+2H
106.55608083057666	1	493.87980746647753	855.5660360853407	924	10	M+ACN+2H
107.06221746237877	1	10.555865745139965	853.1630490323626	925	10	M+ACN+2H
107.05756287192814	1	37.46122415978319	849.5162717894813	926	10	M+ACN+2H
106.56061919591397	1	100.46313422185828	858.7585646325894	927	10	M+ACN+2H
106.5592951436875	1	5707.326063214858	852.8254516039281	928	10	M+ACN+2H
127.0728024643007	1	56.43005651947483	855.0150963107592	932	10	M+2ACN+2H
127.07233554959383	1	5851.201857838472	854.7994993766665	933	10	M+2ACN+2H
127.0693780675067	1	589.6135062117172	852.9833412846795	934	10	M+2ACN+2H
127.57571183097285	1	13.794650498268345	853.5357673386205	935	10	M+2ACN+2H
127.57405983104626	1	384.76569917209235	852.494752801029	936	10	M+2ACN+2H
127.57086202728904	1	71.23437430086618	853.0340678064971	937	10	M+2ACN+2H
127.07393685865847	1	121.33758636353845	854.8205897924796	938	10	M+2ACN+2H
172.08545291088262	1	330.9497431778373	856.4153786840202	941	10	M+H
172.08170411839177	1	16.061604639105305	854.5668519211189	943	10	M+H
171.0781458847353	1	212.93171885866104	851.7896398285632	944	10	M+H
172.09088541199978	1	6.220383365197965	851.6911582430772	945	10	M+H
171.08419634270908	1	5233.103207694355	854.0595817157514	947	10	M+H
173.08872237562642	1	30.69117935008835	854.7239870850929	948	10	M+H
172.087922703246	1	199.38895552939678	855.3525009134637	949	10	M+H
187.1076579019776	1	52360.75716175887	851.83594377058	950	10	M+NH4
188.11188375222642	1	63.31881001351403	853.4584452066775	952	10	M+NH4
190.11517282856755	1	27.53664708524579	853.2145065139902	953	10	M+NH4
188.1043748703313	1	443.491129341609	851.7863070438607	954	10	M+NH4
189.1077149159066	1	35.034761520334705	851.0317910299061	956	10	M+NH4
188.11383242719234	1	98.31376764709528	855.8848051479479	957	10	M+NH4
188.11095612025417	1	3786.9013972422345	853.3321926493007	959	10	M+NH4
193.06725757359038	1	60.30363721909942	855.3715198822542	962	10	M+Na
194.0633909336853	1	18.141561008505793	856.1059944792788	963	10	M+Na
193.0602006819596	1	214.7951219450084	852.1618849729766	964	10	M+Na
194.0727967591568	1	6.948775661001754	859.3234706098502	965	10	M+Na
193.06906485679332	1	68.50585330963101	854.5712410735244	966	10	M+Na
193.06659090792405	1	5773.670977352605	856.3434020783665	967	10	M+Na
195.07062159896023	1	35.46399090878415	852.4556529727358	968	10	M+Na
194.0698395763114	1	172.6433673445303	850.5535342669184	969	10	M+Na
202.107266520809	1	57113.42073720203	855.8387009541419	970	10	M+CH3OH+H
204.10821335747238	1	21.167986716683494	853.1071151401098	973	10	M+CH3OH+H
203.10423972759918	1	195.44877052317804	853.503455715496	974	10	M+CH3OH+H
204.11646707222837	1	8.327271893078844	853.9899486582686	975	10	M+CH3OH+H
203.1138157630128	1	102.83271739726115	857.7280895593401	976	10	M+CH3OH+H
204.11446117520754	1	219.03580589436277	853.8066194231103	977	10	M+CH3OH+H
203.11083485266826	1	6440.866004385888	852.504379575461	978	10	M+CH3OH+H
205.1150129925888	1	38.9209683559109	852.8677125392632	979	10	M+CH3OH+H
211.10766805138266	1	51735.8639128114	857.23295004201	980	10	M+ACN+H
214.115259688359	1	39.44322265548805	855.0235032681113	983	10	M+ACN+H
212.10472137777484	1	415.2626918605775	856.8509488695709	984	10	M+ACN+H
213.10802062523712	1	40.13661527368221	858.2480104571188	986	10	M+ACN+H
212.11391405266974	1	74.75603343243179	853.828491348202	987	10	M+ACN+H
213.11470396613163	1	269.4752679985835	856.3693875408109	988	10	M+ACN+H
212.11125913429984	1	6505.909100422276	856.2663863963804	989	10	M+ACN+H
100.50728971854103	1	106.36525380541657	1273.174885281688	992	11	M+2H
100.00724384862471	1	14.32627329433458	1271.3056938670823	994	11	M+2H
100.00335254025913	1	77.38124928022765	1272.3916799649337	996	11	M+2H
100.50838176166948	1	32.40922993061661	1271.1588312324095	997	11	M+2H
100.0080125309096	1	35.6251995520884	1276.877174199633	999	11	M+2H
109.01848473161259	1	3844.8168667054397	1270.9388002767785	1001	11	M+H+NH4
109.02038898596723	1	86.06056560941592	1270.751311642354	1002	11	M+H+NH4
109.02165499626695	1	26.161151637589732	1272.1652978479615	1003	11	M+H+NH4
108.52051627004873	1	16.968439320078893	1271.202765825622	1004	11	M+H+NH4
108.51982179425534	1	1239.3779809609387	1271.9108320112923	1005	11	M+H+NH4
108.51682018321102	1	160.16235153914724	1274.407518736772	1006	11	M+H+NH4
109.51668630205842	1	28.78481821892961	1271.75910337095	1007	11	M+H+NH4
109.52008472346537	1	291.32763133298914	1272.5021958618993	1008	11	M+H+NH4
108.52136740053488	1	46.26102063160801	1270.260956323843	1009	11	M+H+NH4
120.0181870964605	1	24428.215884939436	1274.3213551221866	1010	11	M+ACN+2H
121.01846432152306	1	3880.518145951597	1274.0418070088954	1011	11	M+ACN+2H
121.02043691997703	1	82.50832388630887	1272.8938153004126	1012	11	M+ACN+2H
121.02161491926134	1	51.37715910074895	1271.2196398130393	1013	11	M+ACN+2H
120.52054737466469	1	16.10049186341682	1277.0057318634474	1014	11	M+ACN+2H
121.52015291632175	1	339.0392422213413	1273.0914855921976	1018	11	M+ACN+2H
141.53372100391488	1	85.73854778573035	1274.0430488932484	1022	11	M+2ACN+2H
141.53191676987126	1	25.726468853166313	1270.3057729010006	1023	11	M+2ACN+2H
141.03325944901047	1	2444.650577917132	1273.4733407233068	1025	11	M+2ACN+2H
141.03000680714896	1	249.9779161717125	1273.283868286734	1026	11	M+2ACN+2H
142.0301507411598	1	41.6724478673843	1269.2412304599031	1027	11	M+2ACN+2H
142.03342867498517	1	395.24892340702314	1269.7474731686546	1028	11	M+2ACN+2H
200.0028639778548	1	3684.312955949528	1272.4352459203938	1031	11	M+H
200.006951465477	1	99.6089695383265	1275.5139758621272	1032	11	M+H
202.00742382002693	1	18.98115270235312	1273.3563490813472	1033	11	M+H
200.0097459274696	1	29.93506026838538	1272.9210368951512	1037	11	M+H
201.00629032799296	1	263.20203155036245	1272.0587462433894	1038	11	M+H
215.0295457687222	1	21680.36761185725	1273.4314094247268	1040	11	M+NH4
217.02961171472003	1	4148.077961899476	1272.148422910227	1041	11	M+NH4
217.03369804792368	1	92.65239206778469	1272.9299787429209	1042	11	M+NH4
217.03587969035547	1	25.85102798976407	1275.7781354758895	1043	11	M+NH4
216.0333686845269	1	16.62792684197941	1268.6615320056285	1044	11	M+NH4
218.0266383340884	1	31.224575088602204	1274.315243698282	1047	11	M+NH4
218.0327338103228	1	217.64155955435785	1275.564864654574	1048	11	M+NH4
216.03553724394476	1	38.33807714425229	1271.492757050834	1049	11	M+NH4
219.9848206689842	1	24206.654609252528	1271.715058632291	1050	11	M+Na
221.98478665443446	1	3629.7285553004326	1275.7759478478224	1051	11	M+Na
221.98877903818178	1	88.67313180297396	1270.4989623677147	1052	11	M+Na
220.9888759915988	1	19.5942470752086	1276.3437926832778	1054	11	M+Na
220.98152343445742	1	82.82889259935193	1273.4392904995916	1056	11	M+Na
221.99158611248012	1	28.146464431470257	1273.2902877771473	1057	11	M+Na
220.99141537428636	1	26.564314141783843	1271.9819742434286	1059	11	M+Na
230.02891004108702	1	30273.575335146183	1276.1686176421958	1060	11	M+CH3OH+H
232.0289730423944	1	4243.566738602954	1272.0034387293802	1061	11	M+CH3OH+H
232.0332169841276	1	149.65878290297982	1271.6152926899122	1062	11	M+CH3OH+H
231.03259341672518	1	1548.3447658340494	1274.4431871458573	1065	11	M+CH3OH+H
231.02576251969933	1	83.491439607259	1270.1589587327076	1066	11	M+CH3OH+H
232.03587731502657	1	36.63282255582413	1270.5786747207399	1067	11	M+CH3OH+H
239.0291025579776	1	22285.782542343168	1271.2201225471783	1070	11	M+ACN+H
241.02968583293622	1	4529.712671550035	1273.4363889091692	1071	11	M+ACN+H
241.0357627447502	1	57.311081203367	1269.185414281808	1073	11	M+ACN+H
240.03345214056802	1	18.0425589845527	1274.107487629552	1074	11	M+ACN+H
240.03214120943179	1	1666.515028630684	1266.2046222443107	1075	11	M+ACN+H
242.0266237235135	1	33.38426156480777	1270.3958489480235	1077	11	M+ACN+H
242.0331640043467	1	329.2299770579482	1272.9241488735174	1078	11	M+ACN+H
76.03245560465739	1	1615.301553062697	1177.6690522874158	1082	12	M+2H
76.53624528911101	1	266.2108141314427	1176.765560638203	1083	12	M+2H
76.53487714449716	1	870.2089469357791	1175.1433719127454	1084	12	M+2H
77.03236729386502	1	512.1637297436565	1174.266514968614	1085	12	M+2H
76.03450045145718	1	11355.575232819436	1179.8863169844203	1086	12	M+2H
76.03493526311468	1	158.57516150007928	1174.3287997193422	1087	12	M+2H
76.03604339076423	1	338.3720095157186	1176.2739997466606	1088	12	M+2H
76.03128912407325	1	749.5760697494062	1176.235560603375	1089	12	M+2H
84.04594438352214	1	236371.8560823033	1174.613651786238	1090	12	M+H+NH4
85.0438704475914	1	9125.798790837405	1173.5775031000032	1091	12	M+H+NH4
84.5456736441235	1	1464.3284144317065	1177.6872309350865	1092	12	M+H+NH4
85.54561642719378	1	535.4732258153713	1172.7028666639885	1093	12	M+H+NH4
84.54815809578787	1	185.54435562593716	1173.7888485676594	1097	12	M+H+NH4
84.54927239055618	1	370.5084699621416	1175.310631693453	1098	12	M+H+NH4
84.54449547597729	1	1316.8403136009	1174.428706527283	1099	12	M+H+NH4
96.04608277242026	1	214661.651358086	1171.1569978248988	1100	12	M+ACN+2H
97.04406491035103	1	9118.618686971147	1177.93204110385	1101	12	M+ACN+2H
97.54554283724663	1	689.0971619441635	1173.4495621962994	1103	12	M+ACN+2H
97.04822057940471	1	774.0936985800308	1174.8583474898717	1104	12	M+ACN+2H
96.54752662147581	1	17162.97984597596	1172.2757321097874	1105	12	M+ACN+2H
96.548251387559	1	159.87660606394496	1175.8669864808087	1107	12	M+ACN+2H
96.54919924921619	1	306.86066796621634	1179.7313174174844	1108	12	M+ACN+2H
96.54463504403603	1	1609.8267899572438	1176.659080797362	1109	12	M+ACN+2H
116.55900919791569	1	179378.29484118603	1175.5713407037388	1110	12	M+2ACN+2H
117.55720893459389	1	8207.455873496414	1176.4291430482479	1111	12	M+2ACN+2H
117.05922557507009	1	1652.9999273536139	1176.0036455406578	1112	12	M+2ACN+2H
117.56138315667891	1	822.1552492502291	1172.1063990553973	1114	12	M+2ACN+2H
117.56273020901983	1	807.2037746632253	1173.8518797854363	1116	12	M+2ACN+2H
117.55951215564315	1	193.5214094245095	1175.7245516457538	1117	12	M+2ACN+2H
117.06236629824316	1	403.0551378424931	1176.6105699464824	1118	12	M+2ACN+2H
117.05780359236861	1	1826.6602541175866	1174.2218486311606	1119	12	M+2ACN+2H
152.05419355793364	1	11087.894317167411	1175.0274783375685	1121	12	M+H
151.057596933733	1	1513.885497481243	1178.3130124446584	1122	12	M+H
152.0627542550811	1	839.3919720009025	1175.8109341564598	1124	12	M+H
153.05754120739817	1	486.03364520606243	1175.6513032678415	1125	12	M+H
151.06168172697036	1	11547.533615467246	1174.14516210078	1126	12	M+H
151.06242801550434	1	143.2391725687526	1175.3968762907655	1127	12	M+H
151.06446699543415	1	264.6376859995101	1175.774472502321	1128	12	M+H
151.05553561987898	1	918.0499764930794	1175.514932324286	1129	12	M+H
167.08508770076438	1	221237.82285293686	1173.4285087378244	1130	12	M+NH4
169.08083387249496	1	9239.910366176302	1177.4284259762292	1131	12	M+NH4
168.08459502468418	1	1513.7331193600194	1174.964526925733	1132	12	M+NH4
170.08414613867853	1	541.1502379334562	1175.2246601864717	1133	12	M+NH4
168.08825950761008	1	11246.08218462704	1174.2896680886647	1135	12	M+NH4
169.09154330368116	1	239.84442995330184	1174.7387497487887	1136	12	M+NH4
168.08890762624117	1	145.40534783964927	1180.422300224944	1137	12	M+NH4
168.09135117509808	1	391.9663189587871	1172.7022910936605	1138	12	M+NH4
168.08216444190305	1	1360.5050517613931	1173.9528247258036	1139	12	M+NH4
172.04012882661496	1	243886.5603876302	1176.2496589061761	1140	12	M+Na
174.03635279234808	1	8118.435588387965	1174.12400838546	1141	12	M+Na
173.0397453738054	1	1480.3148781605523	1177.4357961925293	1142	12	M+Na
174.0466500812008	1	223.01866182371418	1173.8248050480445	1143	12	M+Na
174.04481236510108	1	912.0607488469685	1178.2302004827209	1144	12	M+Na
175.03925872410002	1	572.8468519021637	1177.4218910485715	1145	12	M+Na
173.04702544632838	1	277.5688798521547	1176.4339498726588	1148	12	M+Na
173.03721526424593	1	822.0243571436888	1178.969555906704	1149	12	M+Na
182.08431878602363	1	208800.66556354298	1176.3177065941084	1150	12	M+CH3OH+H
184.08076300369282	1	7809.60343742088	1175.400116319287	1151	12	M+CH3OH+H
183.0839795723867	1	1785.2125284190788	1172.2967225574644	1152	12	M+CH3OH+H
185.0835414162577	1	744.5690187503141	1176.6356467023147	1153	12	M+CH3OH+H
184.08874885133014	1	1238.9889065203045	1177.8662314458177	1154	12	M+CH3OH+H
184.09123110340678	1	417.2516904324822	1174.3063836492267	1155	12	M+CH3OH+H
183.09033586395827	1	338.5862094346746	1176.5225509666764	1158	12	M+CH3OH+H
191.08523163837737	1	211686.16388641056	1175.0139810881615	1160	12	M+ACN+H
193.08056073600352	1	9984.250708613421	1176.1878741912144	1161	12	M+ACN+H
192.0840873185496	1	1619.8985481687928	1174.3319077745293	1162	12	M+ACN+H
194.08381972287634	1	702.9862985478082	1177.9955797469372	1163	12	M+ACN+H
193.08909613594696	1	834.5687196207001	1175.520103627943	1164	12	M+ACN+H
192.08890370788717	1	181.0754502598834	1174.024272860497	1167	12	M+ACN+H
192.09154806275032	1	284.0506504260758	1177.308622467676	1168	12	M+ACN+H
192.08211940115078	1	1544.496754354587	1176.712447492378	1169	12	M+ACN+H
103.05220762024	1	75653.19154391083	932.2612508424291	1170	13	M+2H
104.05434247862621	1	294.7181673657406	932.7557200922198	1171	13	M+2H
104.55711620722855	1	15.587152066971287	930.2576599409126	1174	13	M+2H
103.55543553309032	1	104.14837136328916	931.4500921582642	1176	13	M+2H
104.05562789271062	1	516.0860433799786	927.8364318539915	1177	13	M+2H
112.56751823032803	1	291.9022374835162	932.7248169978301	1181	13	M+H+NH4
112.57027396715672	1	18.533961704898715	933.0096599139611	1184	13	M+H+NH4
112.06899671190061	1	176.9922112052676	928.9285833476133	1186	13	M+H+NH4
112.56867555362886	1	491.4827363959606	931.1317323177836	1187	13	M+H+NH4
112.06719663221547	1	7282.345379956323	930.8992104518748	1188	13	M+H+NH4
113.06948843079782	1	37.78292689377628	933.0950714948409	1189	13	M+H+NH4
123.5654230312743	1	81468.53112500855	929.8379666030776	1190	13	M+ACN+2H
124.5675942741617	1	337.0670710938716	934.3557833286475	1191	13	M+ACN+2H
124.06398600582295	1	774.5889386377353	931.3997737692895	1193	13	M+ACN+2H
125.0704096204033	1	22.843132535672876	930.0754377673107	1194	13	M+ACN+2H
124.56894375269485	1	696.3666946373414	931.0972326322244	1197	13	M+ACN+2H
124.0671834361745	1	11529.39471562319	931.0345467676353	1198	13	M+ACN+2H
144.07857847484158	1	65553.27001535792	927.3239184881753	1200	13	M+2ACN+2H
144.58097051849873	1	67.71195535559036	933.8768273996554	1202	13	M+2ACN+2H
145.07906907520294	1	185.01075235516998	932.5331673089717	1204	13	M+2ACN+2H
145.58380028100134	1	38.65677795475625	935.0755355702107	1205	13	M+2ACN+2H
144.58048650671046	1	11307.728338188881	934.8754965648036	1208	13	M+2ACN+2H
145.5822955175123	1	61.3094419562996	935.0200217134476	1209	13	M+2ACN+2H
205.09745553722942	1	75155.12933940701	932.803992975637	1210	13	M+H
207.10124898370785	1	307.22946504776866	929.0221360781427	1211	13	M+H
206.10151613871133	1	63.7301846435516	934.7602372162098	1212	13	M+H
208.10677170141446	1	19.787457985265185	933.8949485929323	1214	13	M+H
207.09748551307436	1	63.70700925376955	933.5818072202395	1215	13	M+H
206.10358213587722	1	120.05674987044445	929.9804674625309	1216	13	M+H
208.10458804155073	1	38.82513637064524	932.186327587123	1218	13	M+H
207.10395033467333	1	497.1918002219923	930.5527988408071	1219	13	M+H
222.12404289962458	1	76599.9647064861	934.3603477147582	1220	13	M+NH4
224.12795538366674	1	368.91262509660083	932.4286210290278	1221	13	M+NH4
223.12781588935056	1	59.025207852663556	930.70658429625	1222	13	M+NH4
223.12098873933002	1	748.9479791508685	929.8875511155966	1223	13	M+NH4
224.13328767468914	1	15.969243709630511	932.6912441700526	1224	13	M+NH4
224.1239810196293	1	85.8506131306466	931.411534074182	1225	13	M+NH4
223.13037255877668	1	148.37669566376906	933.9833761518215	1226	13	M+NH4
224.13041138043093	1	396.1062044000581	933.1023330578395	1227	13	M+NH4
225.13116910702988	1	36.995667881939696	933.0017541293826	1229	13	M+NH4
227.07903113458528	1	83052.30146358101	934.0605784870681	1230	13	M+Na
229.0831877810797	1	344.5419354339964	929.5980257563903	1231	13	M+Na
228.08364760778508	1	55.77483542895023	932.1051064956414	1232	13	M+Na
228.07599099401943	1	538.0327602394013	933.4303232401785	1233	13	M+Na
229.07970690147386	1	69.40444973941223	928.4393906071693	1235	13	M+Na
228.0858920556847	1	98.07277347881563	932.6231517688595	1236	13	M+Na
230.0868936406499	1	35.940959966464426	931.2477473729945	1238	13	M+Na
238.12754236518333	1	91.50887121560542	931.6081204445026	1242	13	M+CH3OH+H
240.1309383438148	1	63.36480917534	938.5479185046477	1243	13	M+CH3OH+H
238.1205934607858	1	562.503232352324	934.3518813682509	1244	13	M+CH3OH+H
240.13344186064268	1	22.625804570588155	932.4502716392917	1245	13	M+CH3OH+H
238.1297173840811	1	152.19254640798664	934.5207964700618	1247	13	M+CH3OH+H
238.12679165146403	1	10886.70593917363	931.8641299234567	1248	13	M+CH3OH+H
239.1241564651579	1	76.01809017090227	933.2166492044695	1249	13	M+CH3OH+H
246.12414986780675	1	66355.39997910308	936.1163397601539	1250	13	M+ACN+H
248.12821805529072	1	291.2115676663554	930.8022580889705	1251	13	M+ACN+H
247.1205511972107	1	760.9326747313631	931.3951349226238	1253	13	M+ACN+H
248.1240288951831	1	124.31228471007094	933.2412385409874	1255	13	M+ACN+H
248.13056484200817	1	550.689690104434	932.7243563899212	1257	13	M+ACN+H
247.12723561554247	1	12542.536868659045	934.0354518911374	1258	13	M+ACN+H
249.13118768322	1	37.82339396470704	931.1084751818759	1259	13	M+ACN+H
76.53894332690692	1	12136.95739863224	1062.130977113952	1260	14	M+2H
77.54106639911963	1	59.2634523173987	1059.9047622504145	1261	14	M+2H
77.03724538798215	1	48.838206208702054	1061.1482388728425	1263	14	M+2H
77.54378943580014	1	1.7160547227759317	1067.1904940302225	1264	14	M+2H
78.04263968682115	1	5.401947211219992	1061.067421872351	1267	14	M+2H
77.54227536054005	1	52.04545821030596	1059.9814627996645	1268	14	M+2H
85.05219672081572	1	13544.780808039872	1062.2256108739493	1270	14	M+H+NH4
85.55430367281667	1	11.293675405043276	1064.3528722277442	1272	14	M+H+NH4
85.55068380747173	1	85.52187204704711	1059.3797943308132	1273	14	M+H+NH4
86.056935418565	1	2.1023387793554247	1065.1397030475805	1274	14	M+H+NH4
86.05227748930906	1	9.83416938371807	1064.911836346638	1275	14	M+H+NH4
85.55541308950598	1	21.877030038512487	1064.4186965032416	1276	14	M+H+NH4
86.05549460318123	1	48.49981934165906	1061.8911978236436	1277	14	M+H+NH4
85.5539752649847	1	1145.4839106267239	1064.3198104785201	1278	14	M+H+NH4
86.55602268429914	1	4.716891188063193	1061.374261632104	1279	14	M+H+NH4
97.05215105828087	1	13328.869306051427	1060.7174277279069	1280	14	M+ACN+2H
98.0542728146175	1	59.394054925493656	1064.8635730634078	1281	14	M+ACN+2H
97.55437842338884	1	11.555010916396206	1063.2875137801059	1282	14	M+ACN+2H
97.55072881110479	1	127.81659336235526	1061.82041999305	1283	14	M+ACN+2H
98.05687362147164	1	2.4802247761205516	1061.5711722447622	1284	14	M+ACN+2H
98.05554007195988	1	73.25700636859355	1058.6181019623268	1287	14	M+ACN+2H
97.55379580637302	1	1683.3888662854417	1062.5360636932462	1288	14	M+ACN+2H
118.56770874770855	1	47.89319835491718	1059.0917466118926	1291	14	M+2ACN+2H
118.06742139627278	1	10.819470770309488	1063.6069539936539	1292	14	M+2ACN+2H
119.07064311640572	1	4.019516119267248	1061.9397119233306	1294	14	M+2ACN+2H
118.565629802396	1	18.904568634745416	1062.4529936715915	1295	14	M+2ACN+2H
118.06867755948565	1	26.188162153711882	1062.1227404250442	1296	14	M+2ACN+2H
118.06708404519968	1	1625.4810507393224	1061.4580402068161	1298	14	M+2ACN+2H
119.06927860885548	1	8.423398284873892	1064.8921226281186	1299	14	M+2ACN+2H
152.07062221075913	1	15702.691534649071	1058.6887012267725	1300	14	M+H
154.0746990124574	1	55.619640326706175	1061.4330838313379	1301	14	M+H
153.074938862691	1	10.890382590565915	1062.216453201559	1302	14	M+H
153.06799098536885	1	56.797532581853034	1062.426000962976	1303	14	M+H
154.08036807365113	1	1.5342033418699048	1058.8089781309536	1304	14	M+H
153.0767187935547	1	17.023661922426257	1062.3433866575717	1305	14	M+H
153.07388568147738	1	1216.2880476845135	1061.142086131687	1306	14	M+H
155.07825448430953	1	5.777275843139226	1062.976443742384	1307	14	M+H
154.07734117163383	1	58.49664592651855	1062.2482410263922	1308	14	M+H
169.0970701098803	1	13562.439079815473	1062.0203634400305	1310	14	M+NH4
171.10155433599903	1	70.54304484580975	1062.2171595453024	1311	14	M+NH4
170.10158675486005	1	11.85981640210838	1063.6790834315138	1312	14	M+NH4
170.0939977812741	1	105.03634710080586	1060.0183462970404	1313	14	M+NH4
171.10680202004855	1	1.940691145717064	1062.581302904372	1314	14	M+NH4
171.0975361151301	1	7.893781175653972	1063.774321203741	1315	14	M+NH4
170.1033950105426	1	20.955532234979465	1060.7347154142274	1316	14	M+NH4
170.10067331838258	1	1108.1104818716653	1058.0238493490695	1317	14	M+NH4
172.1046207707853	1	5.229053240170581	1062.7923208188067	1318	14	M+NH4
171.10366750235806	1	52.20669991493309	1061.5478390453727	1319	14	M+NH4
174.05261264477022	1	13462.822645045511	1060.0411476580105	1320	14	M+Na
176.05669708614022	1	59.870304509093714	1065.7742254519903	1321	14	M+Na
175.05686229697545	1	10.099567916393612	1062.62428122937	1322	14	M+Na
175.04948856338126	1	58.90711907217108	1065.0379002072837	1323	14	M+Na
176.06236628308423	1	1.4822139831350296	1062.6666521348882	1324	14	M+Na
175.0589134596775	1	15.378038724876559	1063.335868681697	1325	14	M+Na
177.0601561621435	1	4.799393642313168	1061.9110360091167	1327	14	M+Na
176.05912302829856	1	46.96161008926347	1059.0416190776168	1328	14	M+Na
186.10091588380243	1	82.43352237653687	1064.3197221592245	1331	14	M+CH3OH+H
185.1009857037115	1	16.653649485758958	1063.5804094436978	1332	14	M+CH3OH+H
186.0972018080313	1	6.809911429000784	1063.8781256948628	1333	14	M+CH3OH+H
185.09388280901794	1	55.03783133875965	1060.4012057249845	1334	14	M+CH3OH+H
186.1066019638831	1	2.341767220354887	1061.892587788949	1335	14	M+CH3OH+H
185.10026903136225	1	1320.2279767415894	1062.2497707643333	1337	14	M+CH3OH+H
193.09680565427607	1	14001.464832648877	1064.8895880373345	1340	14	M+ACN+H
195.10128547563292	1	63.960746343277464	1063.824404981194	1341	14	M+ACN+H
194.09424236304352	1	116.15205504951615	1064.0077117242272	1343	14	M+ACN+H
195.09760619775898	1	11.833699158306853	1061.2123944303212	1345	14	M+ACN+H
194.10384065099188	1	20.42223217330918	1061.6922728405696	1346	14	M+ACN+H
194.10078381992716	1	1619.227333909004	1061.3486518325105	1347	14	M+ACN+H
195.10406865606785	1	65.67211817166647	1060.4240688400776	1349	14	M+ACN+H
83.54678578073269	1	226658.6144586874	1436.8983804551588	1350	15	M+2H
84.04524911416927	1	889.799287190448	1436.9130276752012	1353	15	M+2H
84.55150090029073	1	32.06148482024457	1436.4033184820823	1354	15	M+2H
84.04987314645705	1	357.8120318892697	1436.8748783916062	1355	15	M+2H
84.04847145934704	1	26683.626954199226	1439.7117459370154	1356	15	M+2H
85.05044562000165	1	87.91701811368753	1436.9475038387932	1357	15	M+2H
92.56203386781044	1	181.03305353226818	1438.705805109996	1362	15	M+H+NH4
92.55843522827783	1	1763.4179609286425	1437.738617436257	1363	15	M+H+NH4
92.56303641833195	1	410.6576071690489	1437.1549059605081	1366	15	M+H+NH4
93.0632454411834	1	974.2871705644985	1435.655398515794	1367	15	M+H+NH4
92.5618051516993	1	20588.76486274653	1436.4871515472278	1368	15	M+H+NH4
93.563789412249	1	99.34277718552785	1438.8357045541486	1369	15	M+H+NH4
104.06005562694098	1	221287.98231812456	1432.9234839924732	1370	15	M+ACN+2H
105.06212706376353	1	942.8209562954037	1436.362059841064	1371	15	M+ACN+2H
104.56221167849561	1	159.05112614048306	1441.5628928009367	1372	15	M+ACN+2H
104.56150656450181	1	34331.21655147455	1439.3598083176573	1378	15	M+ACN+2H
105.56373468019353	1	132.78729503166005	1438.7943774603725	1379	15	M+ACN+2H
124.57338076523604	1	196295.26464667186	1438.987259405671	1380	15	M+2ACN+2H
125.5752618751894	1	738.5124849329286	1436.1720709401109	1381	15	M+2ACN+2H
125.07534380657007	1	160.2658860511957	1438.3718813086946	1382	15	M+2ACN+2H
125.07173276514591	1	2721.444525132317	1438.301561868155	1383	15	M+2ACN+2H
126.07841909285143	1	75.77921794264651	1437.3609587499745	1384	15	M+2ACN+2H
125.57354661958277	1	341.95770042981707	1437.0223475059374	1385	15	M+2ACN+2H
125.07635209815076	1	505.4949071682407	1435.478171152052	1386	15	M+2ACN+2H
125.57681769490152	1	1888.3277356100039	1437.3276171881375	1387	15	M+2ACN+2H
126.07721823968622	1	118.13118080444491	1435.5813796874083	1389	15	M+2ACN+2H
168.0907014834557	1	1106.7729567404897	1437.0208028774944	1391	15	M+H
167.09030001806516	1	176.42862500125844	1433.81640827063	1392	15	M+H
168.09584839610088	1	29.546517285132126	1440.9481110268964	1394	15	M+H
167.09230524054806	1	331.8050440519879	1437.7067001060352	1395	15	M+H
167.0895062833538	1	26020.80062170598	1437.5750099063346	1396	15	M+H
169.09389714311519	1	83.41914685596791	1435.6809779740424	1397	15	M+H
185.1171273794553	1	916.0857069818849	1437.397842340019	1401	15	M+NH4
184.11710993929472	1	175.03694277194143	1435.1170939846224	1402	15	M+NH4
184.10968107377744	1	1652.926385182125	1439.6790015329407	1403	15	M+NH4
185.1135044435108	1	127.67418425278407	1438.5391982766505	1405	15	M+NH4
184.11898646825176	1	415.95311839167937	1440.4069146517859	1406	15	M+NH4
185.11957638650492	1	1089.5065267940347	1434.49731429105	1407	15	M+NH4
184.11587651372562	1	21615.18958291853	1438.8181585379195	1408	15	M+NH4
186.12039298316805	1	95.66162009508903	1439.5399722151772	1409	15	M+NH4
188.06800377011726	1	248997.1089332803	1433.1263024920247	1410	15	M+Na
190.07291639582743	1	814.7753902737569	1436.8602910253153	1411	15	M+Na
189.06521235331593	1	935.6924704225147	1432.7540401802596	1413	15	M+Na
189.07447063911377	1	281.67829702429543	1436.2789706750384	1415	15	M+Na
191.07543969914877	1	88.7346321911814	1437.0395581897524	1417	15	M+Na
190.07481235595637	1	1030.3043702525817	1439.982852170793	1418	15	M+Na
190.06868006263224	1	80.84209007874509	1441.9940027612831	1419	15	M+Na
199.11657607180834	1	238.71609942702366	1432.9548802691259	1422	15	M+CH3OH+H
200.1128404955368	1	89.84661174525051	1437.151994340197	1423	15	M+CH3OH+H
199.10943806815672	1	783.1815900915484	1436.2755411187552	1424	15	M+CH3OH+H
199.11594217078365	1	26191.16791314328	1436.9178733503147	1428	15	M+CH3OH+H
201.1203490050534	1	152.22521645399138	1435.267351139961	1429	15	M+CH3OH+H
207.1126925994831	1	173133.59408400822	1434.7154359899473	1430	15	M+ACN+H
208.11746770670385	1	180.5707242153145	1437.2055400363952	1432	15	M+ACN+H
208.10984757197704	1	1846.6309168947876	1439.494192917529	1433	15	M+ACN+H
209.11964854676717	1	1528.5931251237437	1438.5317963360592	1437	15	M+ACN+H
208.11610786444183	1	24895.21168708451	1436.5399432236122	1438	15	M+ACN+H
210.12060177039058	1	117.33050135639111	1437.3755883638512	1439	15	M+ACN+H
66.5546505536993	1	54964.32700949371	898.2056977456866	1440	16	M+2H
67.55670388454199	1	235.66972716552831	898.4527033945484	1441	16	M+2H
67.05663743543764	1	44.33219642590419	905.2094211095421	1442	16	M+2H
67.05312918744978	1	177.6251990278719	902.7884035802072	1443	16	M+2H
67.55940438047224	1	5.432109279002153	902.9328969088191	1444	16	M+2H
67.0576617122312	1	98.29641012334537	898.3183297333441	1445	16	M+2H
67.05616354380338	1	3832.9879090894046	899.0519604082277	1446	16	M+2H
68.0583792281985	1	15.975404666358978	902.2595637642198	1447	16	M+2H
67.5578929838441	1	105.93023044187053	900.1476457359784	1448	16	M+2H
75.06785611834806	1	69108.77363557072	898.8346926780968	1450	16	M+H+NH4
76.06986791868233	1	249.5720125544884	901.0380355780851	1451	16	M+H+NH4
75.56983755796735	1	44.129977688831175	902.955720175223	1452	16	M+H+NH4
76.0728673341716	1	7.835831541670128	900.0224025555092	1454	16	M+H+NH4
75.57099482690847	1	105.33444559202752	900.4163108452091	1456	16	M+H+NH4
76.06808728248977	1	29.175146052037746	903.1339472887453	1457	16	M+H+NH4
88.0698886644922	1	265.0492270529313	900.9376785321446	1461	16	M+ACN+2H
87.56995278257509	1	35.39291570504352	896.9108039499591	1462	16	M+ACN+2H
87.56641999749442	1	363.87978960398414	900.1935332603838	1463	16	M+ACN+2H
88.07263613562432	1	11.369249378279925	900.5720428760345	1464	16	M+ACN+2H
88.07125271443617	1	162.24863982811124	899.4292044931904	1465	16	M+ACN+2H
87.57098222866203	1	86.33861600255946	901.0577828118302	1466	16	M+ACN+2H
88.06806666112382	1	31.80731647135149	901.6445681613561	1467	16	M+ACN+2H
87.56947432260394	1	4597.0223608044	899.7235534499524	1468	16	M+ACN+2H
107.58110909908643	1	50843.44195326503	900.7831238981646	1470	16	M+2ACN+2H
108.58324885343623	1	180.87410095830154	898.8516192800231	1471	16	M+2ACN+2H
108.08300739907561	1	38.3020477394984	903.7897780672627	1472	16	M+2ACN+2H
108.07977362081758	1	622.211107881121	900.8745862762123	1473	16	M+2ACN+2H
108.5860409024479	1	14.325909657228078	897.9750070771285	1474	16	M+2ACN+2H
108.08431442481528	1	122.46035919073907	897.3502456242052	1476	16	M+2ACN+2H
109.08500571981338	1	26.337140290047113	899.567744484265	1479	16	M+2ACN+2H
134.10626118238702	1	277.7130518815113	900.4841410676709	1481	16	M+H
133.10616380819195	1	39.065511030829256	900.9259167639725	1482	16	M+H
133.09877562452579	1	234.47663373944644	897.2692107406325	1483	16	M+H
150.12576998549915	1	388.3254824647843	902.9913076945348	1493	16	M+NH4
151.13830687473234	1	6.419281616230976	901.1513564408281	1494	16	M+NH4
151.13523243742262	1	97.04580502212866	903.2442424990868	1495	16	M+NH4
150.1346188409627	1	84.86137174887719	904.6453100514864	1496	16	M+NH4
151.1289268083828	1	27.138801039813924	897.9463641142534	1497	16	M+NH4
150.13189284091598	1	3715.2024587968876	901.6755941765895	1498	16	M+NH4
152.13604312241296	1	14.090712325577332	899.8442583506297	1499	16	M+NH4
154.08373833704204	1	59545.99660730043	903.8926913510468	1500	16	M+Na
155.08803456566952	1	44.9778923138132	902.552478985706	1502	16	M+Na
155.08071384717167	1	209.58572647866353	896.9833751052092	1503	16	M+Na
155.0898914298026	1	89.1715212417483	895.7777418925754	1505	16	M+Na
155.0871570533002	1	3477.1821195687417	897.1818855946865	1506	16	M+Na
157.09168094071637	1	13.736311035306041	896.8147386424955	1507	16	M+Na
156.0845077278367	1	11.273911198877293	902.2718032831358	1509	16	M+Na
164.12805554675273	1	56632.69186008954	903.9576274191137	1510	16	M+CH3OH+H
166.1324012737547	1	359.09885901165893	898.4603173613932	1511	16	M+CH3OH+H
165.13200860005003	1	64.21797635177995	901.2508243778141	1512	16	M+CH3OH+H
166.13481597230404	1	111.1599100814113	902.3255897190237	1513	16	M+CH3OH+H
166.13769977971734	1	7.906530276819727	897.1517512871734	1515	16	M+CH3OH+H
165.134638117274	1	133.56221619560534	896.8966093050151	1516	16	M+CH3OH+H
166.12839679805901	1	16.26670124017918	900.6891069880872	1517	16	M+CH3OH+H
165.1315649638392	1	3572.6373944114966	900.2865647239774	1518	16	M+CH3OH+H
167.13565652934255	1	27.24989307876735	900.1221257260011	1519	16	M+CH3OH+H
173.1283673904252	1	46101.39208869211	902.796146646215	1520	16	M+ACN+H
175.13250332566662	1	231.14926513536534	898.4204214756785	1521	16	M+ACN+H
174.1328476145387	1	44.85745283141622	903.1934316259025	1522	16	M+ACN+H
174.12579101547135	1	449.86686726635685	904.953438771055	1523	16	M+ACN+H
175.13796422718278	1	10.484109600255682	900.5250882077498	1524	16	M+ACN+H
175.12875409029593	1	29.265944405218157	902.5192886082076	1527	16	M+ACN+H
174.13196376467658	1	4965.214000839573	898.4044199366945	1528	16	M+ACN+H
190.0784362757643	1	2325.6034865532924	976.8484802608058	1531	17	M+2H
189.57863411975387	1	418.08124326934416	974.7521396462175	1532	17	M+2H
190.07936690077025	1	3479.2826982483075	980.7993246537587	1533	17	M+2H
190.58009242682817	1	428.55280994185824	979.7969076109191	1534	17	M+2H
190.58141724758966	1	169.32490981588893	982.6167038829315	1536	17	M+2H
189.57835080346655	1	38242.164455232756	979.0844272216561	1537	17	M+2H
189.5794179069109	1	525.7533304662792	979.5557778312767	1539	17	M+2H
197.58937981197397	1	177280.11659499453	980.6085870833008	1540	17	M+H+NH4
198.59182319370615	1	2426.061052963772	979.5083882882128	1541	17	M+H+NH4
198.09190357631326	1	453.06345515943696	979.034904317312	1542	17	M+H+NH4
199.0936877919862	1	432.01521306859934	976.8897780913339	1544	17	M+H+NH4
198.08803635236657	1	3929.5598840706652	980.6239095750279	1545	17	M+H+NH4
198.0912793607013	1	31548.5032994444	984.401860883541	1547	17	M+H+NH4
198.5900975122917	1	591.5528506185522	981.3966662365543	1548	17	M+H+NH4
198.09316187873617	1	514.1324138240117	977.5229561014099	1549	17	M+H+NH4
209.58985273372284	1	186550.80595930328	982.0654843669679	1550	17	M+ACN+2H
210.09175648934118	1	425.1232206352306	981.84441276126	1552	17	M+ACN+2H
210.59339801243456	1	3596.7594418936787	980.8908516202201	1553	17	M+ACN+2H
211.0931925196778	1	431.27851224444856	978.2392069336998	1554	17	M+ACN+2H
210.08841969890392	1	3652.2341908626618	984.1039381442561	1555	17	M+ACN+2H
211.09480280606647	1	235.15034071170206	978.3555212887561	1556	17	M+ACN+2H
210.59021276975557	1	755.9712174169794	978.6983712492583	1558	17	M+ACN+2H
210.09317116241328	1	560.556550335839	979.8073988139478	1559	17	M+ACN+2H
231.1053915713193	1	2588.5204238498645	979.9959270834238	1561	17	M+2ACN+2H
230.60502947316036	1	428.4843729046002	982.3455190653411	1562	17	M+2ACN+2H
231.60642864216763	1	452.96222604861373	979.8960423603572	1563	17	M+2ACN+2H
231.1064844156892	1	4116.232130052889	980.6080624671948	1564	17	M+2ACN+2H
230.60127806674248	1	4335.31026587318	980.0447281126934	1565	17	M+2ACN+2H
231.607955045183	1	309.28294178305117	979.2029934757054	1566	17	M+2ACN+2H
230.60484560926434	1	37828.73244748637	978.7990595364952	1567	17	M+2ACN+2H
231.10357628797175	1	914.4421707778665	981.1790139687178	1568	17	M+2ACN+2H
230.60601068199463	1	709.2734075305935	979.1467297015635	1569	17	M+2ACN+2H
377.145386588892	1	196058.65756312612	978.2059599789371	1570	17	M+H
379.1503279377468	1	2712.6481087270195	979.8944585209238	1571	17	M+H
378.1495914109131	1	486.54672582326134	979.1547906507018	1572	17	M+H
379.1523611679166	1	3555.604872448451	980.5321999329468	1573	17	M+H
380.1533786644508	1	398.89636522760526	981.6391416300803	1574	17	M+H
378.1420724673036	1	2580.079491962654	979.0972856609617	1575	17	M+H
380.1552975804124	1	147.33616176563532	977.4751163011267	1576	17	M+H
379.1463046360004	1	550.9040517374348	976.9330704682325	1578	17	M+H
378.1520301219145	1	389.9570325924384	981.3678996747474	1579	17	M+H
394.1717524621905	1	205631.88247751142	978.896743454278	1580	17	M+NH4
395.17606805688905	1	456.1076281413955	979.1217607562152	1582	17	M+NH4
396.1783458657702	1	2838.5130708384545	979.133524529223	1583	17	M+NH4
395.1688522603707	1	3844.5383286195274	980.7210644949852	1585	17	M+NH4
397.1823521842047	1	188.16392950713478	978.4800432111225	1586	17	M+NH4
395.17564874646166	1	33062.54772973221	978.2246630829633	1587	17	M+NH4
399.12717762662174	1	170110.86511771654	978.5727519332847	1590	17	M+Na
401.1312608046461	1	2682.400227581053	982.2108498911144	1591	17	M+Na
400.13171232574285	1	403.1068030654387	985.8729198394409	1592	17	M+Na
401.1341230680809	1	2679.8910265514096	981.1570589151127	1593	17	M+Na
402.1350545993305	1	368.61767768051277	983.2402162740116	1594	17	M+Na
402.1376219585284	1	159.31878290605135	978.8525496192307	1596	17	M+Na
400.1313318558274	1	34891.973224220805	980.3952345649665	1597	17	M+Na
401.12790982546335	1	538.228963169548	980.893860460684	1598	17	M+Na
400.13366394356245	1	477.5698258563752	979.3748285848009	1599	17	M+Na
409.17204506955915	1	161246.4336102381	980.0431013843361	1600	17	M+CH3OH+H
411.17168436490664	1	519.3988966127934	980.6253951135727	1603	17	M+CH3OH+H
410.17430813480416	1	31723.40569515109	979.3738387313183	1604	17	M+CH3OH+H
410.1696178196811	1	2450.5855539371505	978.0265432349847	1605	17	M+CH3OH+H
412.1813300006769	1	190.44784836211497	984.1458020861407	1606	17	M+CH3OH+H
410.1782377351454	1	566.6298606708496	977.9902778900026	1609	17	M+CH3OH+H
418.1726399196454	1	176401.55358134033	981.5833364855994	1610	17	M+ACN+H
420.17630300085534	1	2178.26448471131	979.7967597821138	1611	17	M+ACN+H
419.17621506906653	1	371.7889477961315	981.2833935450791	1612	17	M+ACN+H
420.17873037527704	1	3236.622303690394	980.1392284951233	1613	17	M+ACN+H
421.1803725033102	1	449.64782660312716	979.4870509244912	1614	17	M+ACN+H
421.18148002795914	1	192.56037502707792	978.3298405287452	1616	17	M+ACN+H
420.17244489924315	1	706.9122645172599	980.5738345179929	1618	17	M+ACN+H
62.52327219933542	1	173788.32142047668	1238.0888969903147	1620	18	M+2H
63.525295026626786	1	732.2324290458981	1237.4823261664753	1621	18	M+2H
63.02535615923339	1	115.88865905603741	1235.996866865737	1622	18	M+2H
63.021850855388514	1	632.2187982921428	1235.6677106105953	1623	18	M+2H
63.52808829061665	1	8.150770188023664	1236.028605906168	1624	18	M+2H
63.02645117760748	1	161.6277679730864	1234.4014048800814	1625	18	M+2H
63.02495755368135	1	11588.937081852102	1236.964721943661	1626	18	M+2H
64.02708410905268	1	45.39248501471487	1234.5048253636241	1627	18	M+2H
63.5267158766334	1	257.3211120808542	1237.5963265670061	1628	18	M+2H
71.03663686747414	1	154789.70750143938	1235.9265858967765	1630	18	M+H+NH4
72.03861122000144	1	689.3697458113105	1239.9685735382168	1631	18	M+H+NH4
72.04139804317381	1	11.623900143633314	1237.704578600688	1634	18	M+H+NH4
72.03671523056244	1	75.85353593728917	1240.7821658121934	1635	18	M+H+NH4
71.53989546083727	1	211.92832358018285	1236.3387458662696	1636	18	M+H+NH4
71.53817437425201	1	10739.472661669532	1237.8848802075524	1637	18	M+H+NH4
72.54030599840544	1	48.91739029229185	1236.2230214677952	1638	18	M+H+NH4
72.03985649958427	1	343.7218415269779	1240.5965314377258	1639	18	M+H+NH4
83.03651741959418	1	158719.5968258571	1237.902119524524	1640	18	M+ACN+2H
84.03890432164435	1	768.500174122748	1234.7548280054712	1641	18	M+ACN+2H
83.53871281570716	1	139.49966142900422	1238.5046115489502	1642	18	M+ACN+2H
84.04136680012452	1	20.131153136472303	1235.313644454176	1644	18	M+ACN+2H
83.53979300630832	1	207.168723807067	1236.469856281435	1646	18	M+ACN+2H
83.53833838082609	1	14933.719760537557	1235.9642019681507	1647	18	M+ACN+2H
84.5403139492229	1	71.0844099461971	1232.9035491063698	1648	18	M+ACN+2H
84.03998274046609	1	486.8507821493922	1236.6378610045565	1649	18	M+ACN+2H
104.55218703609549	1	655.2369186588955	1236.5565377962587	1651	18	M+2ACN+2H
104.05183274224554	1	125.67084109272965	1237.4239605717482	1652	18	M+2ACN+2H
104.5500899974964	1	194.53403185277693	1235.3366218170167	1655	18	M+2ACN+2H
104.05295964828879	1	225.81223634630507	1234.3413061432063	1656	18	M+2ACN+2H
104.5531969069767	1	964.0360170648279	1236.8195623327313	1657	18	M+2ACN+2H
105.05360397010388	1	79.56047085372798	1236.1379615205728	1659	18	M+2ACN+2H
124.0392690695571	1	160084.16185236585	1236.4704467705178	1660	18	M+H
126.04358433040761	1	778.8873518298773	1236.0973821852224	1661	18	M+H
125.04341779182981	1	150.5951249781156	1235.7612890233388	1662	18	M+H
125.03623620210628	1	602.8285396084009	1234.770075221673	1663	18	M+H
126.04638209267665	1	341.8105119349106	1231.7123417675286	1664	18	M+H
125.04571058756545	1	131.1472331189169	1237.147365322895	1665	18	M+H
125.04276444593948	1	10376.14905948993	1234.1394047975914	1666	18	M+H
127.04692262272124	1	54.14801104428057	1239.5976488875212	1667	18	M+H
126.0469058623437	1	7.775665441234632	1239.600857758235	1668	18	M+H
126.03960608445142	1	43.95754553612087	1240.7746742562817	1669	18	M+H
142.069917202894	1	120.65358795595927	1235.0108998787362	1672	18	M+NH4
143.07550578555285	1	11.729559656568878	1238.6568016365156	1674	18	M+NH4
143.06628301508547	1	80.92290871295245	1235.4997239766797	1675	18	M+NH4
142.07208696254608	1	172.4051850382068	1235.807600308171	1676	18	M+NH4
142.06921106308639	1	12127.492062373203	1236.3593341029189	1677	18	M+NH4
144.0734464124678	1	46.542036785601994	1236.1204377419533	1678	18	M+NH4
146.021351212615	1	184777.87853088274	1240.451685599791	1680	18	M+Na
148.02545276209477	1	646.8015973710495	1236.0180542504872	1681	18	M+Na
147.0252591922098	1	114.80632077709274	1237.7472801809502	1682	18	M+Na
147.01822507236508	1	619.7182366231805	1237.709851980857	1683	18	M+Na
147.0245814821855	1	10277.285498181634	1239.4702811926202	1686	18	M+Na
149.0288660730852	1	56.283437508711486	1236.185654848142	1687	18	M+Na
148.02880564773866	1	8.768924463838196	1237.805708130941	1688	18	M+Na
148.02164784126433	1	42.08339590687352	1239.2725586702281	1689	18	M+Na
156.0654985161851	1	186398.20311087256	1238.6558166747525	1690	18	M+CH3OH+H
158.06990297351072	1	1090.6294837283328	1234.4290848011653	1691	18	M+CH3OH+H
157.06961981888688	1	184.33429750320963	1239.24463194582	1692	18	M+CH3OH+H
158.066083381955	1	46.95438385185918	1241.7358137440115	1693	18	M+CH3OH+H
157.06240927929488	1	558.0402972511853	1236.757363123347	1694	18	M+CH3OH+H
158.0752981142674	1	15.442220414657193	1235.3842896766448	1695	18	M+CH3OH+H
157.0719144838695	1	225.42213445743687	1233.4822070338407	1696	18	M+CH3OH+H
159.07331283017024	1	82.47205969248272	1235.9267278408201	1698	18	M+CH3OH+H
165.06575182464502	1	154554.0898294341	1238.9788319774	1700	18	M+ACN+H
166.06993013957583	1	144.14148801825564	1237.7903181516322	1702	18	M+ACN+H
167.07561118102296	1	15.767015724160846	1241.5176487499866	1704	18	M+ACN+H
166.07176354058626	1	188.20845779896234	1237.056897110907	1706	18	M+ACN+H
166.06925611807404	1	17636.648471523036	1234.8727732134037	1707	18	M+ACN+H
168.0733104850225	1	48.39610398843534	1237.2944557751646	1708	18	M+ACN+H
167.07246935038097	1	549.9725789121682	1238.7394473882312	1709	18	M+ACN+H
69.53112651256019	1	295196.5754918359	825.0750851995665	1710	19	M+2H
70.53320174658641	1	993.4663795415025	821.664031671236	1711	19	M+2H
70.03323402602122	1	193.2087879949064	825.2637894010307	1712	19	M+2H
70.02966791902126	1	727.338162922671	821.6282838368887	1713	19	M+2H
70.53596585890665	1	19.04129801721214	820.438522911092	1714	19	M+2H
70.03422367110358	1	255.49698832007388	821.250583803973	1715	19	M+2H
70.03289366717442	1	17247.813793461664	818.7986865654498	1716	19	M+2H
71.0348888985317	1	72.57051727510503	826.863567733781	1717	19	M+2H
70.53455413470572	1	565.784039443913	822.9142203630236	1718	19	M+2H
78.54642953150473	1	164.46540597470056	821.7585997481771	1722	19	M+H+NH4
78.54291388157684	1	1939.8091548291695	821.2776469321092	1723	19	M+H+NH4
79.04924278036705	1	25.021268524124935	818.5320551520609	1724	19	M+H+NH4
79.04466894402587	1	155.3307934697494	821.0048642086805	1725	19	M+H+NH4
78.54755452679579	1	355.8489479742245	817.1660753864431	1726	19	M+H+NH4
78.54615608705656	1	16632.331768312422	826.1039743321013	1727	19	M+H+NH4
79.54837236404163	1	69.88681824794986	823.5259653667929	1728	19	M+H+NH4
79.04784277783679	1	572.3436569272129	818.9871445864652	1729	19	M+H+NH4
90.04434409513547	1	195780.88826033706	820.9955060697532	1730	19	M+ACN+2H
90.54649927137578	1	198.66968375139842	820.0659955427416	1732	19	M+ACN+2H
91.04912594346426	1	41.239223057572325	823.7820230671176	1734	19	M+ACN+2H
90.54602543625963	1	29529.410017888684	822.0382719167914	1737	19	M+ACN+2H
91.54819088178536	1	86.52871685023774	821.0789443528462	1738	19	M+ACN+2H
91.0476816637742	1	983.3166110097433	820.878107753736	1739	19	M+ACN+2H
110.55771914452473	1	247038.1142037716	824.4962668830002	1740	19	M+2ACN+2H
111.55967778328879	1	963.880392672402	823.8804162673698	1741	19	M+2ACN+2H
111.05983252124551	1	195.78191289336095	819.7211067425422	1742	19	M+2ACN+2H
111.0561734416778	1	2359.0068457191774	822.0377437298034	1743	19	M+2ACN+2H
112.06256018489441	1	52.20347642408763	821.7227349032846	1744	19	M+2ACN+2H
111.06091680215907	1	409.60610510013635	823.3926819196881	1746	19	M+2ACN+2H
111.05930670719606	1	26329.599715954664	821.1919929594573	1748	19	M+2ACN+2H
140.05912024207097	1	958.3939202871562	823.4059423997674	1751	19	M+H
139.05910825589348	1	219.07073035799658	822.9823567276939	1752	19	M+H
139.0521589058743	1	810.4823387896448	821.815329146386	1753	19	M+H
139.0612881809248	1	197.23409950197785	824.2063170690507	1755	19	M+H
139.05825309223036	1	19655.87454714388	823.0882251448941	1756	19	M+H
141.062624058096	1	79.48478617752335	825.4917964577443	1757	19	M+H
140.06178858559062	1	654.9867890007906	818.4164552257527	1758	19	M+H
140.055354054582	1	71.37297049986189	825.1607069199648	1759	19	M+H
155.08126810851812	1	255569.37331720497	821.1017772857133	1760	19	M+NH4
156.0858857278964	1	150.29381423952242	825.058305837098	1762	19	M+NH4
156.07854962709243	1	1622.8770803466407	825.7430860454168	1763	19	M+NH4
157.09103178390276	1	22.869792525747975	824.5166718296922	1764	19	M+NH4
156.0878693184031	1	369.1524443174083	826.9518650188002	1766	19	M+NH4
158.08889619540054	1	76.79619092893559	820.1195723999491	1768	19	M+NH4
162.04126138039325	1	781.198586555552	825.2098158224486	1771	19	M+Na
161.03372176447675	1	1011.2398607811724	823.036345828905	1773	19	M+Na
162.04649521438498	1	13.086284658917206	821.7652979187337	1774	19	M+Na
161.04297322688248	1	228.8748615217026	818.9754663702646	1775	19	M+Na
163.0441341236033	1	78.40328867179343	820.3415421167989	1777	19	M+Na
162.04381284341	1	505.81844393186464	822.521583420809	1778	19	M+Na
172.0814486449015	1	72.24361828780455	823.9121771844098	1783	19	M+CH3OH+H
171.07816025829032	1	855.5808038867074	821.8658304434741	1784	19	M+CH3OH+H
172.0906033520175	1	27.77522770800264	822.5899980665662	1785	19	M+CH3OH+H
173.08862792608556	1	128.2935551586992	820.0526621442236	1788	19	M+CH3OH+H
172.0880954441206	1	815.6623365459992	824.0185537946967	1789	19	M+CH3OH+H
179.08132075342343	1	242998.94392403922	821.5469042874253	1790	19	M+ACN+H
181.08552556872405	1	850.6568220046993	821.2345547040269	1791	19	M+ACN+H
180.07856412612728	1	1771.6134393706575	821.9023404500757	1793	19	M+ACN+H
182.08906821622583	1	109.72207618786517	820.3146453157842	1798	19	M+ACN+H
181.08817627475688	1	919.232585963683	820.8995070923138	1799	19	M+ACN+H
