65.0309154003341	1	275.6223847094754	804.9777018630526	1	0	M+2H
64.52733358975358	1	563.0715359272968	804.2618870999396	3	0	M+2H
65.03366561813311	1	3.1992499889149535	811.7613923027573	4	0	M+2H
65.02888049102468	1	26.283522251788806	808.5346038338231	5	0	M+2H
64.53190948640217	1	58.36928646830399	810.5578645725877	6	0	M+2H
64.53036909474814	1	3520.8209822352023	808.5180079433603	7	0	M+2H
65.03212120195596	1	93.78038871453198	812.0419101288574	9	0	M+2H
72.54199017950774	1	78564.31872341299	809.066663946048	10	0	M+H+NH4
73.54396717716925	1	345.91803777450434	807.061146340754	11	0	M+H+NH4
73.04051781389921	1	766.7480148046752	808.8528551088879	13	0	M+H+NH4
73.54227923457752	1	37.81352383931864	806.3743733647591	15	0	M+H+NH4
73.04523266566277	1	89.46819630705495	807.8970484980135	16	0	M+H+NH4
73.54681931365937	1	4.871692284095148	809.0482863353135	17	0	M+H+NH4
73.04361553110544	1	3516.9589592889247	811.0510982948874	18	0	M+H+NH4
85.04512661278034	1	93.38534121808306	806.8869060905786	26	0	M+ACN+2H
85.54528179159038	1	128.2307775509125	809.6315037566271	27	0	M+ACN+2H
86.04598449473971	1	19.4935354226662	804.6911535207137	29	0	M+ACN+2H
105.05537311231004	1	56394.402992318144	810.9728772746226	30	0	M+2ACN+2H
106.05739202879892	1	279.8107925448173	805.4600152553401	31	0	M+2ACN+2H
105.55743900880891	1	49.380649829673885	810.76213158086	32	0	M+2ACN+2H
105.55387600278966	1	924.1069603204818	811.9225323998452	33	0	M+2ACN+2H
106.05535278092187	1	90.48262145101766	806.1931388484887	34	0	M+2ACN+2H
106.55910239305645	1	23.81217938003586	808.9699188653773	35	0	M+2ACN+2H
105.55835554908033	1	103.45781876449121	806.0873912851295	37	0	M+2ACN+2H
106.06025183261467	1	9.398748942365865	810.2697846598613	38	0	M+2ACN+2H
105.55720745386628	1	5923.251498336383	807.0847495319011	39	0	M+2ACN+2H
127.05005100394881	1	74728.81792924984	806.7350487945985	40	0	M+H
129.05440744274438	1	317.70756019461396	801.0299521679221	41	0	M+H
128.0545535965024	1	49.957273675396735	809.8901807205647	42	0	M+H
128.04738527803133	1	485.02860583426644	808.9717436344538	43	0	M+H
129.05990129796777	1	2.997192511184489	805.6168875234083	44	0	M+H
129.0507716018089	1	32.28037305712876	806.4323214798776	45	0	M+H
128.0536165054349	1	4034.827222520103	808.1378474332764	47	0	M+H
130.05781177461077	1	13.296798074339284	806.4369564641421	48	0	M+H
129.0567398231606	1	79.99260847501932	812.1176814779562	49	0	M+H
144.07667623778457	1	69767.19685939103	808.4817517018182	50	0	M+NH4
145.080909395035	1	53.12219004207927	804.8103476975072	52	0	M+NH4
146.07708338636502	1	39.69013053717835	805.9012245137342	55	0	M+NH4
145.0831402349736	1	82.84888853428242	807.1707603682732	56	0	M+NH4
147.08448434704485	1	15.073284732672095	807.2152777920851	59	0	M+NH4
149.03234046386783	1	66318.64968361567	808.4937096429575	60	0	M+Na
151.03633268519215	1	262.50152764896364	810.8788248643378	61	0	M+Na
150.03654467214875	1	45.7878806523894	807.6451992445228	62	0	M+Na
151.03240066686269	1	25.87511973246137	807.7376893903144	65	0	M+Na
150.0383423630569	1	44.910475756714504	809.667923252264	66	0	M+Na
150.03540504112428	1	3494.6067701904253	806.0633105300549	67	0	M+Na
152.0396183757747	1	15.56952890192405	810.5117085318767	68	0	M+Na
151.03986979368926	1	2.712548281419898	810.383103322646	69	0	M+Na
159.0762944187344	1	67780.58412148437	806.2296423375902	70	0	M+CH3OH+H
161.08089991380157	1	387.16130140053303	805.7476076153538	71	0	M+CH3OH+H
160.07348353812472	1	511.58523487578327	809.5661923471704	74	0	M+CH3OH+H
161.08589394010934	1	4.617616830252463	801.7568449295328	75	0	M+CH3OH+H
161.07716142634027	1	31.346725623497615	808.4198199400599	76	0	M+CH3OH+H
160.07981765713626	1	4425.566802905339	807.8618236367556	78	0	M+CH3OH+H
162.08406551576488	1	33.36138531731833	809.0472084554627	79	0	M+CH3OH+H
168.07687784526732	1	61286.05189822292	804.6074826542391	80	0	M+ACN+H
170.08063938149576	1	265.49146931255603	806.1619467894711	81	0	M+ACN+H
169.08098364353867	1	59.126332560891	811.3749127571072	82	0	M+ACN+H
169.0733399945848	1	701.395754076161	808.8370419419758	83	0	M+ACN+H
170.07743155988206	1	66.60648776056047	807.1434050246384	85	0	M+ACN+H
169.08294049176072	1	72.12336175328443	810.479181184389	86	0	M+ACN+H
170.08331744834396	1	178.05734024423208	810.7427652598595	87	0	M+ACN+H
169.08005145196307	1	5197.657578289414	803.3501417121605	88	0	M+ACN+H
171.0840934437204	1	21.760543643502515	807.9023981070112	89	0	M+ACN+H
47.030967982877875	1	393690.0401471344	963.3003699986025	90	1	M+2H
47.53312669724896	1	352.93598593428976	958.7021386906606	92	1	M+2H
49.035121969973396	1	4.118717496444086	959.685013651563	93	1	M+2H
47.53407169610447	1	385.3750150354059	961.0332469191055	94	1	M+2H
48.53473308832649	1	63.62269341857724	960.7591173936925	96	1	M+2H
48.034732462026206	1	9.833128836267	961.5374741810306	97	1	M+2H
48.03576360261879	1	13.841468583166105	958.8377519753333	98	1	M+2H
48.03439550032669	1	108.19457149781564	958.3199151127197	99	1	M+2H
55.54434252048248	1	269278.7438029581	961.6189073163864	100	1	M+H+NH4
56.0463479615447	1	415.7601575686983	963.027148996384	102	1	M+H+NH4
56.54442093877745	1	35.51540067631624	957.1923714549436	103	1	M+H+NH4
56.04273167254281	1	1148.9084709908234	956.4773934891972	104	1	M+H+NH4
56.548951274163066	1	16.141940121405643	960.4392284061665	105	1	M+H+NH4
56.04733845764905	1	478.1675883630538	960.9146192033179	106	1	M+H+NH4
57.04808618464707	1	56.03050637358255	956.1533502308719	108	1	M+H+NH4
56.54753140496631	1	131.55095545426443	957.6076993440277	109	1	M+H+NH4
67.54426520507522	1	288330.9725305517	960.0599542930423	110	1	M+ACN+2H
68.04631389426173	1	363.0344249484265	958.5637216773201	112	1	M+ACN+2H
68.54458337225904	1	60.06481208548256	960.6248812339078	113	1	M+ACN+2H
68.04259289367857	1	1083.4636968050932	962.4548061520588	114	1	M+ACN+2H
68.54907635611502	1	22.967619725264374	962.6657796416388	115	1	M+ACN+2H
68.04727545139606	1	487.0896341027931	960.5056875571588	116	1	M+ACN+2H
68.0458844255234	1	17853.176839675365	961.8026574213245	117	1	M+ACN+2H
69.04792221031059	1	107.67911354855399	959.7199463457607	118	1	M+ACN+2H
88.05768733867606	1	296230.3107919642	959.231869564116	120	1	M+2ACN+2H
89.05948219575534	1	1870.7319821664194	958.2771272920792	121	1	M+2ACN+2H
88.55969141388154	1	311.8534678072902	963.1451044297811	122	1	M+2ACN+2H
89.56139061487305	1	130.14937601083867	959.9616907583236	123	1	M+2ACN+2H
88.55590722893523	1	2000.6693505663054	962.5495500150644	124	1	M+2ACN+2H
89.0622443006797	1	35.53340240649523	960.0074918268294	125	1	M+2ACN+2H
89.05748371716446	1	179.28763529178048	959.8676376798377	126	1	M+2ACN+2H
88.56067986762284	1	604.8011901200939	961.7717542785382	127	1	M+2ACN+2H
88.55919390247692	1	26048.834984513294	961.5962001366919	128	1	M+2ACN+2H
89.06087351109602	1	630.5774738098036	961.6211794445597	129	1	M+2ACN+2H
95.05887883753927	1	1888.0444628976868	963.574667178455	131	1	M+H
94.05875801071087	1	421.01109271988304	961.0064281206571	132	1	M+H
97.06307616684428	1	4.370058656404434	964.1049996798581	133	1	M+H
94.05793173912421	1	10676.655083849912	960.0520495054386	135	1	M+H
96.06215019880891	1	60.94643248957297	959.9289936197126	136	1	M+H
95.06219119888914	1	12.651964237257856	963.3720194869969	137	1	M+H
95.06439590962289	1	11.980793862688376	959.4166693985338	138	1	M+H
95.06147011996748	1	140.9483080435919	961.0952236546797	139	1	M+H
110.08121678622719	1	338329.37723938376	960.2209267985742	140	1	M+NH4
112.08560036968603	1	1831.242340517852	962.0383958873526	141	1	M+NH4
111.08545588053097	1	416.23810949195996	959.6699961028149	142	1	M+NH4
111.07822053816594	1	1049.9147223237335	961.0882573652101	144	1	M+NH4
112.09058683307782	1	13.932164887781465	961.5019852734702	145	1	M+NH4
111.08476121897615	1	10699.799188743942	962.8571571087853	147	1	M+NH4
112.0877742506401	1	101.974121981931	963.4901892479426	149	1	M+NH4
119.04482334222563	1	3.9266148828094587	960.3560559421217	153	1	M+Na
116.03990892685943	1	8872.574692910026	966.0478897182271	155	1	M+Na
117.0440558994038	1	12.052423223762142	965.3110486338439	157	1	M+Na
117.04642450284462	1	10.162175312078451	959.8721637799592	158	1	M+Na
126.08508483329084	1	514.2737124116582	960.2023746064758	162	1	M+CH3OH+H
126.08697730450757	1	530.1790350622272	959.7328516066402	164	1	M+CH3OH+H
127.08755333578364	1	234.8603099701069	960.1292518100769	165	1	M+CH3OH+H
128.08853765103967	1	111.8157991342206	961.3272651706988	167	1	M+CH3OH+H
127.0884705615914	1	24.097624425468304	964.0111887748561	168	1	M+CH3OH+H
127.09046610472355	1	22.37044741261142	961.7805770352634	169	1	M+CH3OH+H
136.0853857059908	1	2219.552889576382	960.9218162938465	171	1	M+ACN+H
135.085413537738	1	270.08660104838236	962.368078775695	172	1	M+ACN+H
136.08132029807246	1	63.6584705760793	960.1148237063696	173	1	M+ACN+H
135.0780061733297	1	1197.6650081919329	963.0000489151653	174	1	M+ACN+H
136.09082613319094	1	24.051453292047693	960.5991402237954	175	1	M+ACN+H
135.08437368649157	1	15843.940743037756	962.4830271604695	177	1	M+ACN+H
136.08786535564997	1	346.77036982001067	962.02633050674	179	1	M+ACN+H
74.08467784904339	1	1446.4258770525907	1408.481687494756	181	2	M+2H
74.58308540450648	1	4.976764525099378	1408.3069287847438	182	2	M+2H
74.58641781558109	1	122.26525334456846	1407.2426157757486	186	2	M+2H
74.58948557849786	1	381.8097916287172	1406.6710909972253	188	2	M+2H
75.08800664654255	1	3.0872136860857173	1408.6980365201568	189	2	M+2H
82.09954043299459	1	138688.98225097914	1407.3074260030219	190	2	M+H+NH4
82.59795653516973	1	2046.268160485655	1411.6544180116498	191	2	M+H+NH4
83.0965881812958	1	9.831624006046155	1406.2596577635038	192	2	M+H+NH4
82.60270148198407	1	329.5756720240611	1408.9128084408792	193	2	M+H+NH4
82.60094484852534	1	10035.845742621546	1408.300476946531	195	2	M+H+NH4
83.09969187247702	1	154.54535149558393	1408.2344370216558	196	2	M+H+NH4
83.10433380878028	1	27.754284408868866	1407.5277588751944	197	2	M+H+NH4
83.60452556955264	1	5.884167508014546	1408.951710481066	199	2	M+H+NH4
95.09641076462715	1	8.958272196297736	1404.897015096282	202	2	M+ACN+2H
95.60468350625813	1	11.870134560483962	1408.4721411065489	204	2	M+ACN+2H
95.09961903403038	1	175.86793061970144	1409.7141913467296	206	2	M+ACN+2H
95.10440615120177	1	33.25287252485577	1407.7078386613048	207	2	M+ACN+2H
95.10277173425226	1	428.47576415330724	1408.7266409621166	208	2	M+ACN+2H
114.61298516645057	1	148290.26710672493	1405.92352792464	210	2	M+2ACN+2H
115.6097557019639	1	16.512633034161556	1409.003857631786	212	2	M+2ACN+2H
115.11597534130915	1	387.58182332559943	1407.0162111346212	213	2	M+2ACN+2H
116.11764710502219	1	25.847719152569745	1412.6771229108247	214	2	M+2ACN+2H
115.61299937668758	1	267.91360633127795	1411.3417834475467	216	2	M+2ACN+2H
116.11455263233579	1	15.84579694725112	1407.5089065068448	217	2	M+2ACN+2H
115.61598890467754	1	781.2718474791426	1408.004603198483	219	2	M+2ACN+2H
146.16516392484655	1	111992.30177564557	1411.6801271293937	220	2	M+H
148.15912687279314	1	5.307929061952963	1407.3734157204328	222	2	M+H
147.17170562869984	1	280.4127276918697	1410.0509566502596	223	2	M+H
149.1750286938314	1	5.95725061219322	1409.6228531956106	224	2	M+H
148.16562311870362	1	96.79471663366469	1408.1084864296015	226	2	M+H
148.17482163876997	1	23.3020828541076	1407.1956665313644	227	2	M+H
148.17199782306625	1	348.6131809243916	1409.257580226044	228	2	M+H
149.16892565262222	1	3.388191998027885	1404.2262444314272	229	2	M+H
165.1856529332353	1	10.580777071155133	1410.7420747396955	232	2	M+NH4
164.1977584068061	1	354.5408994590515	1409.2363458711045	233	2	M+NH4
165.1950022278372	1	4.53719611854088	1412.0471430873044	234	2	M+NH4
164.19489070313134	1	10738.621055934402	1403.2198313720112	235	2	M+NH4
165.19194613906697	1	126.85031258691251	1407.6124114937468	236	2	M+NH4
165.20108977225206	1	26.239853119860097	1404.187409546066	237	2	M+NH4
165.19846813960513	1	340.6925699167054	1405.0692357049843	238	2	M+NH4
166.2017017453041	1	4.8615000357369365	1410.1270969665527	239	2	M+NH4
168.14703606273198	1	112779.64611787794	1406.0837259763696	240	2	M+Na
169.15321763986032	1	275.6181137050859	1402.9952473273383	243	2	M+Na
171.15704115474898	1	5.251901357130382	1410.480448687203	244	2	M+Na
169.15062047037844	1	9115.384611161506	1410.9577201298632	245	2	M+Na
170.14798458572548	1	106.6191851424066	1409.4097700512643	246	2	M+Na
170.156701775509	1	20.782472831909697	1409.1145754732056	247	2	M+Na
171.1507386130304	1	3.014202549932266	1406.0301440630762	249	2	M+Na
178.19152434073678	1	147241.17625353622	1408.235477422918	250	2	M+CH3OH+H
180.1955878265767	1	228.37967360870695	1406.1912408011572	251	2	M+CH3OH+H
179.18850640709078	1	1232.2968576053884	1406.4314328168696	253	2	M+CH3OH+H
180.19823589832183	1	394.81983673850925	1406.8986265796848	255	2	M+CH3OH+H
179.19748602530748	1	377.3400256140097	1408.921395086923	256	2	M+CH3OH+H
180.19176447335627	1	128.20189120855818	1410.7591206787092	257	2	M+CH3OH+H
179.19500967842094	1	10292.709571355494	1408.8392308131185	258	2	M+CH3OH+H
187.19183769932155	1	112887.23949258823	1407.7046910255106	260	2	M+ACN+H
188.18854774455306	1	1564.2036247068122	1412.5366169784859	261	2	M+ACN+H
189.18584510932027	1	11.594957219361094	1412.462154729424	262	2	M+ACN+H
188.19823758897243	1	395.9295417976056	1408.2059471816256	263	2	M+ACN+H
188.19483323399106	1	10715.951918373943	1410.1246144534082	265	2	M+ACN+H
189.19208043724987	1	196.7888879036378	1410.7050216119885	266	2	M+ACN+H
189.198585932675	1	564.290072278406	1404.43388285015	268	2	M+ACN+H
190.19513595685083	1	7.240875447918834	1403.7264598539782	269	2	M+ACN+H
135.04768445220503	1	170872.74850971258	920.8249888447982	270	3	M+2H
136.04965859126003	1	1996.2224668556212	924.2977875192897	271	3	M+2H
135.5498904032657	1	324.1237214410344	920.4639176473111	272	3	M+2H
136.05129495843798	1	39.19047792045146	922.4743947341439	273	3	M+2H
136.04802529745206	1	253.72336294813567	922.8056117295863	278	3	M+2H
135.55082661436512	1	253.81854856289607	925.4921733276736	279	3	M+2H
143.5611639512251	1	160480.3586932282	925.1117708488276	280	3	M+H+NH4
144.56295186624695	1	1791.177923309532	923.8764778921636	281	3	M+H+NH4
144.06298006356	1	379.46879809046214	924.7726817062269	282	3	M+H+NH4
144.56412319739653	1	993.6307918665563	924.088735255564	283	3	M+H+NH4
145.06476108288703	1	182.13830377369388	921.4222434340224	284	3	M+H+NH4
144.0593329646297	1	3054.2124071782264	925.2557030582471	285	3	M+H+NH4
144.56557939704126	1	36.409667228138694	920.1069540974047	286	3	M+H+NH4
144.06255281825517	1	21319.503919723193	923.6937710824823	287	3	M+H+NH4
155.56103778097088	1	148208.50238647475	920.3171949409981	290	3	M+ACN+2H
156.56311460353302	1	1585.7034393374515	923.4608386445601	291	3	M+ACN+2H
156.5641328942741	1	1411.155986045851	923.3214816361512	293	3	M+ACN+2H
157.06582888462006	1	46.355207289936985	922.0220799253352	296	3	M+ACN+2H
156.06252619770547	1	25472.833500242745	923.2232745018325	297	3	M+ACN+2H
156.5612132397549	1	414.05017386473077	922.0083569984533	298	3	M+ACN+2H
176.57613658360876	1	298.2209684793663	921.9763668760567	302	3	M+2ACN+2H
177.5782673535798	1	284.1770011327149	919.6488803658488	303	3	M+2ACN+2H
177.07764546315582	1	1482.8466020673006	926.2467387368159	304	3	M+2ACN+2H
176.57273659331517	1	3380.028604689406	921.9078816033651	305	3	M+2ACN+2H
177.07456207384763	1	566.3878514118776	924.403545803395	308	3	M+2ACN+2H
176.5774373633063	1	401.4924381731998	924.3803960824099	309	3	M+2ACN+2H
270.09250330787626	1	354.68128104842424	921.711446059831	312	3	M+H
271.09567562244666	1	37.284095141186775	922.3681095825618	313	3	M+H
270.09138738265443	1	20183.57160416013	922.286619853466	314	3	M+H
270.0848826486688	1	1916.45456321532	922.7223804921224	315	3	M+H
271.0946128825987	1	855.3261251792459	924.1025667476704	316	3	M+H
272.09600405760455	1	167.57934058720295	925.2522872840668	317	3	M+H
270.0948907283216	1	271.96274549484104	920.9931803822	319	3	M+H
287.11873582386255	1	364.6261613423761	920.8118657930785	322	3	M+NH4
288.1220106636611	1	37.01083627867841	923.0418933527221	323	3	M+NH4
287.1109874454153	1	3443.4979287540996	921.6232718431547	325	3	M+NH4
289.12188134489435	1	222.32338599135545	924.7404693737479	327	3	M+NH4
288.1151309099166	1	409.44516820712954	920.7479353207888	328	3	M+NH4
287.121187539791	1	367.11229420954595	923.3645782685696	329	3	M+NH4
293.0742528877196	1	1734.9815417748646	920.3506321999672	331	3	M+Na
292.0741746895316	1	330.44662873891247	923.3999555414487	332	3	M+Na
293.0778258582006	1	35.722597421600476	924.2142726810905	333	3	M+Na
292.06696642883435	1	2182.5660061625354	921.8655484491386	335	3	M+Na
293.0770435549246	1	1011.2943336328168	921.647107306969	336	3	M+Na
293.0707226321256	1	272.19976756678005	924.6815966698077	338	3	M+Na
301.1143463403265	1	158443.80105803633	922.3326652411915	340	3	M+CH3OH+H
303.11861507904456	1	2118.268667067992	921.5081414773261	341	3	M+CH3OH+H
302.11844388951437	1	378.2558617307435	925.273525324308	342	3	M+CH3OH+H
303.12201760652164	1	37.651269977473426	921.526423694036	343	3	M+CH3OH+H
302.1175072928841	1	21090.79566275369	924.4493996427286	344	3	M+CH3OH+H
302.1111075478192	1	2427.872192764494	925.6493611634213	345	3	M+CH3OH+H
304.12170319940935	1	273.1837748279543	924.1761585650817	347	3	M+CH3OH+H
302.1209917214953	1	338.39910378430324	924.4135944482783	349	3	M+CH3OH+H
310.1142503360741	1	177847.79372351326	922.5361640516484	350	3	M+ACN+H
312.1183923620318	1	2130.425230878037	922.6531929034122	351	3	M+ACN+H
311.1189797741311	1	320.7648415059184	924.084321309655	352	3	M+ACN+H
311.11797540001237	1	23630.33217791535	922.2118330399998	354	3	M+ACN+H
311.1115352688384	1	2936.9917905405796	921.7029201047344	355	3	M+ACN+H
312.1210607048825	1	1435.3189450532466	924.9923279328177	356	3	M+ACN+H
313.12239907160597	1	207.4209315051924	924.4058460860952	357	3	M+ACN+H
312.1148970843991	1	435.2570286776548	928.0945473935919	358	3	M+ACN+H
311.1209772915121	1	296.4259272887793	923.8032475489069	359	3	M+ACN+H
59.54678694242662	1	407033.1141732527	904.1585123338866	360	4	M+2H
60.54889959730357	1	1598.615619619717	903.2943084422478	361	4	M+2H
60.048949592816705	1	326.670917955189	905.3068071646358	362	4	M+2H
60.045296909870224	1	1675.2308837872097	905.5142137342979	363	4	M+2H
60.55146699903106	1	32.49216950013544	902.2738406715848	364	4	M+2H
60.04989504764298	1	703.0784031875171	898.0443584624361	365	4	M+2H
60.048411116971145	1	24021.509068892286	904.2918717158036	366	4	M+2H
61.05056694496714	1	82.81774514670458	900.3196862654705	367	4	M+2H
60.55006251765201	1	491.12048999245724	905.0005733549771	368	4	M+2H
60.546844402167764	1	72.24928359981256	900.0416845547788	369	4	M+2H
68.0599006064745	1	401452.2303458494	901.6607426336816	370	4	M+H+NH4
68.56220934365754	1	305.0839326141514	904.1061027161634	372	4	M+H+NH4
68.55841865774931	1	2973.145199482451	901.2677874412301	373	4	M+H+NH4
69.06485734576252	1	44.22242864707551	904.5329001872519	374	4	M+H+NH4
69.06024367454573	1	153.3870460880606	903.0884049277403	375	4	M+H+NH4
69.06334064351805	1	516.527074442655	901.8830558355334	377	4	M+H+NH4
68.56168972911996	1	25115.224086102782	903.9574139229853	378	4	M+H+NH4
69.56398038091312	1	90.42905765714586	901.4238587698825	379	4	M+H+NH4
80.06009649168718	1	401593.0948501482	902.4373622188009	380	4	M+ACN+2H
80.56214255749093	1	320.5344250852496	902.9115974114316	382	4	M+ACN+2H
80.55856591747204	1	3002.9728928585378	901.6502790326357	383	4	M+ACN+2H
81.06488160547964	1	50.36227898122663	902.4685390302086	384	4	M+ACN+2H
81.06022535968806	1	197.40094211885614	900.6089157700942	385	4	M+ACN+2H
81.06330314869517	1	907.6405358888364	903.0386194306673	387	4	M+ACN+2H
80.56179157653897	1	29684.227914325824	901.7134627166582	388	4	M+ACN+2H
81.56385247039488	1	123.17331150531757	899.5701036430212	389	4	M+ACN+2H
101.57537830412817	1	1525.9635888528846	901.1163450463002	391	4	M+2ACN+2H
101.0718599497887	1	4742.751418645272	901.5750622248779	393	4	M+2ACN+2H
101.57829560594145	1	82.43038627426827	900.9435727210048	394	4	M+2ACN+2H
101.57377233035076	1	424.5058285177471	899.8614369593649	395	4	M+2ACN+2H
101.07649560131733	1	741.6904538738643	899.8824985110842	396	4	M+2ACN+2H
101.57677045736112	1	1632.5504365354464	906.4689609331888	397	4	M+2ACN+2H
101.07498819786515	1	40678.86326001178	904.335714361781	398	4	M+2ACN+2H
118.0861960921355	1	454044.33933101903	901.1981104376653	400	4	M+H
120.09055950333942	1	1782.4004755172705	901.680295223458	401	4	M+H
119.09040522612557	1	316.9589942991888	903.3310727270607	402	4	M+H
119.0833166866594	1	1495.7431847508117	900.1173329842708	403	4	M+H
120.09579678915165	1	31.71489573356393	899.8940302091278	404	4	M+H
119.09249160574751	1	618.3509014996055	903.1447342214175	405	4	M+H
121.09383651267083	1	105.15779434826418	899.5201867272409	407	4	M+H
120.0930503814914	1	483.6103887018382	896.839626298853	408	4	M+H
120.08662024705383	1	80.20400133713136	901.1248647705598	409	4	M+H
135.11288339030003	1	397866.0060689337	901.5745762929881	410	4	M+NH4
137.11719959837038	1	1675.0620726835734	901.7218213085383	411	4	M+NH4
136.11692995549706	1	268.8842209196682	898.1474630535573	412	4	M+NH4
136.10983243091889	1	3090.908245562869	897.2049779488763	413	4	M+NH4
137.12229909627908	1	32.7159787408994	901.2841462193529	414	4	M+NH4
137.1131867495262	1	183.1690468726395	900.8360205487083	415	4	M+NH4
137.119285246727	1	416.8751680600111	902.4350081423124	417	4	M+NH4
136.11609753328892	1	21601.975942061687	899.4243255929252	418	4	M+NH4
138.1203115659132	1	83.54064924560565	904.8226289718543	419	4	M+NH4
142.07248331385605	1	1702.2065891506795	897.5796721049778	421	4	M+Na
141.07232545225287	1	286.81459747414266	900.1140538740251	422	4	M+Na
142.0779182274646	1	25.935173222958735	903.1422774013934	424	4	M+Na
143.07599344585233	1	81.58997214435088	902.8283612979003	427	4	M+Na
142.07499661095406	1	496.49863952865024	903.2901762872874	428	4	M+Na
142.0687906686608	1	72.392224773478	898.8614379553727	429	4	M+Na
150.11245455416744	1	387427.7253107107	899.1192601266432	430	4	M+CH3OH+H
152.11681947899118	1	2213.509758992073	902.9284293300202	431	4	M+CH3OH+H
151.1165487842919	1	446.00745869645226	900.074610881846	432	4	M+CH3OH+H
152.1127494683934	1	102.83333073077144	901.0070108651155	433	4	M+CH3OH+H
151.1094677999115	1	1281.0356856061514	901.6521870288295	434	4	M+CH3OH+H
151.11863558833753	1	699.2181072677413	902.2620771611873	436	4	M+CH3OH+H
152.11908371527815	1	679.4614045025231	902.0837919034642	437	4	M+CH3OH+H
153.1202526061359	1	153.21582925434882	901.1258777715416	439	4	M+CH3OH+H
160.117166203706	1	278.22445939670695	901.2071718727917	442	4	M+ACN+H
160.11921146106468	1	784.1069190510806	899.4667336719798	446	4	M+ACN+H
161.1193483366815	1	1057.4589666630834	902.9689771058145	447	4	M+ACN+H
160.11614821114355	1	29881.321527288263	900.0073683096088	448	4	M+ACN+H
162.1205457892225	1	132.95158837441443	900.9178815369855	449	4	M+ACN+H
55.04166423048981	1	615074.5995520231	904.8283456833265	450	5	M+2H
55.54021192018452	1	4519.550809625784	902.2215179454349	451	5	M+2H
55.54481200494264	1	658.1389168854514	902.500743116391	453	5	M+2H
55.54332072796967	1	43804.980006059865	901.1467043177951	454	5	M+2H
56.04506598826964	1	1231.8930922954426	900.2993526192266	457	5	M+2H
56.54356847690413	1	7.7710164404787285	900.4774713680448	458	5	M+2H
56.54680114239069	1	16.51910871252907	903.2633061911976	459	5	M+2H
63.55485437536924	1	599178.7287958725	903.2798264128353	460	5	M+H+NH4
64.05354667880546	1	6525.686646642636	900.2592752308026	461	5	M+H+NH4
65.06006638407216	1	17.766266534062407	902.3519621469579	464	5	M+H+NH4
65.05685073059439	1	9.642594041193842	901.1341059061655	469	5	M+H+NH4
75.55496185197828	1	586485.6199682482	900.8769626948969	470	5	M+ACN+2H
76.05346073924531	1	6022.346945169021	899.7063847000034	471	5	M+ACN+2H
76.55196316406699	1	26.98849591956346	904.2211728414771	472	5	M+ACN+2H
76.05795823224511	1	808.4482653078346	903.6044123150738	473	5	M+ACN+2H
77.06003221392395	1	44.8448405274649	902.68789407986	474	5	M+ACN+2H
76.05668635982467	1	53274.14422277206	904.4606384938246	475	5	M+ACN+2H
76.5551642141852	1	454.60112597881084	901.0954062414204	476	5	M+ACN+2H
76.55966246845917	1	72.86522767827365	901.1764853232368	477	5	M+ACN+2H
76.55836311633341	1	2350.8865822868047	902.8002408554825	478	5	M+ACN+2H
77.05679209380608	1	18.60214322793686	899.1459393107351	479	5	M+ACN+2H
96.56677046751192	1	9502.30643179941	905.0831512507306	481	5	M+2ACN+2H
97.0652426886778	1	53.18228812459481	903.5302777756365	482	5	M+2ACN+2H
96.57137131401745	1	1034.3427981510827	902.9003491530214	483	5	M+2ACN+2H
96.56980584418108	1	64783.45845726349	899.3545307707924	485	5	M+2ACN+2H
97.06841710012155	1	824.6469723301057	903.7885266009936	486	5	M+2ACN+2H
97.07307324262476	1	111.44466570981304	905.1143594467321	487	5	M+2ACN+2H
97.07149576517399	1	3406.1661506723867	900.830564268726	488	5	M+2ACN+2H
110.07307165464468	1	4666.849585173698	903.5911448012314	491	5	M+H
111.07018376837216	1	8.831422762086396	901.2571805287342	492	5	M+H
110.0822847931682	1	647.5598960376461	903.5826439790721	493	5	M+H
110.07948499144341	1	39633.94569627058	901.0556529020579	494	5	M+H
111.07627894731199	1	255.3643381428389	905.770063091394	495	5	M+H
111.08557048010084	1	40.26498807981309	901.2954350928377	496	5	M+H
111.08286336642453	1	1158.527927314244	902.5890628780115	497	5	M+H
112.07992521240745	1	7.595193198526106	901.6366546734805	498	5	M+H
112.08612940203206	1	17.542132582063573	906.8627643098082	499	5	M+H
126.1023601712541	1	628078.1348775644	902.0945036369037	500	5	M+NH4
128.09682747527737	1	22.069747696382834	901.6428423622581	502	5	M+NH4
127.1088091269321	1	733.8290599103851	901.1439567404943	503	5	M+NH4
129.11284493533654	1	15.005507582936165	905.2550441687549	504	5	M+NH4
127.105802823871	1	42844.307292174955	902.9623273368231	505	5	M+NH4
128.10309663983324	1	391.54113758838605	903.8048366630429	506	5	M+NH4
128.10925891927002	1	1273.9575658276704	901.3495742134033	508	5	M+NH4
129.10640974538936	1	12.682702244582948	903.2092258910009	509	5	M+NH4
131.05809331091987	1	623943.5777324025	902.0084234669147	510	5	M+Na
132.0644626203221	1	523.6586670241434	906.5690309144977	513	5	M+Na
132.06148427917378	1	37741.60258654878	902.7926302189152	514	5	M+Na
133.05840266671285	1	268.283713259285	902.9190252439105	515	5	M+Na
133.06748512490753	1	36.62559283614796	903.6842054843917	516	5	M+Na
133.06483571042406	1	1048.8374616704314	901.3370394589191	517	5	M+Na
143.10652292803164	1	1093.493607124906	901.6749085023536	521	5	M+CH3OH+H
142.10654297769275	1	193.87901138827976	903.176341806672	522	5	M+CH3OH+H
143.11175553142482	1	66.54791188114598	902.7047448762946	524	5	M+CH3OH+H
142.10849325536913	1	921.9758684181439	901.2589105815713	526	5	M+CH3OH+H
143.10888297691088	1	1402.171269392317	899.4396452836672	527	5	M+CH3OH+H
142.10570655737754	1	54590.22551734083	901.5822373267374	528	5	M+CH3OH+H
150.10215998944696	1	534277.4621803977	900.0015937773895	530	5	M+ACN+H
151.09972966081293	1	6234.534550231841	904.1370923495843	531	5	M+ACN+H
152.09684632123432	1	25.380989759278467	899.6722058564455	532	5	M+ACN+H
151.10876089940507	1	895.5637268145006	902.9724157950095	533	5	M+ACN+H
151.10598635445444	1	50155.88983159397	901.1422764347333	535	5	M+ACN+H
152.10293205024433	1	585.5297683191786	905.0130218174506	536	5	M+ACN+H
152.10931986558177	1	1963.333260596831	903.3734676303407	538	5	M+ACN+H
153.1062125460274	1	21.563142428513313	902.2452434661404	539	5	M+ACN+H
117.06767698865785	1	233285.4036195009	983.7272467306194	540	6	M+2H
117.56628305539823	1	1964.1773887703343	980.7897390032833	543	6	M+2H
118.07114787859079	1	2078.619010112115	977.9211974107596	545	6	M+2H
117.57089928806644	1	546.6890862135314	982.690833302909	546	6	M+2H
118.06811061374714	1	218.17984236118755	982.9564418979115	547	6	M+2H
117.56945690623034	1	31138.27240244419	984.4827565066223	548	6	M+2H
118.57178097269419	1	150.4488769215388	982.5523594665663	549	6	M+2H
126.58334905277884	1	845.928769513407	980.8614559087836	551	6	M+H+NH4
126.07978190459097	1	2666.864513692964	985.213016906108	553	6	M+H+NH4
127.08601952276781	1	84.56261327417778	985.4541787301995	554	6	M+H+NH4
126.58117165832773	1	368.69413459294094	985.223937922807	555	6	M+H+NH4
126.58435440302645	1	2188.751653260963	981.5612016205827	557	6	M+H+NH4
126.08281048249525	1	40335.25100966064	985.1362345506471	558	6	M+H+NH4
127.08468506593076	1	136.33358536796868	984.6795982289703	559	6	M+H+NH4
137.58101256467586	1	208007.84105047805	980.9283364396214	560	6	M+ACN+2H
138.5831495933245	1	844.8476877713932	983.1359869623702	561	6	M+ACN+2H
138.0831369657692	1	166.411456586236	981.6077073071959	562	6	M+ACN+2H
138.08426981352596	1	554.598554951648	985.8027467389709	566	6	M+ACN+2H
138.58461721736427	1	2712.9397026804354	982.5870267883183	567	6	M+ACN+2H
159.09635330280327	1	968.5324581511601	980.465121201915	571	6	M+2ACN+2H
158.59262283729325	1	2964.7122257725587	982.408890843071	573	6	M+2ACN+2H
159.09461695207727	1	630.8650873676564	983.3093713476792	574	6	M+2ACN+2H
159.59934606466578	1	157.39722120581777	985.5851649428431	575	6	M+2ACN+2H
158.59755821602027	1	524.1118248863709	987.2290380679867	576	6	M+2ACN+2H
159.5981211192097	1	158.72963485006406	983.4144647190236	579	6	M+2ACN+2H
235.132870901786	1	1055.0014465304685	982.7596276997216	581	6	M+H
234.13254846022994	1	199.72945183447328	985.1157311781915	582	6	M+H
234.12569965790118	1	1804.8801807199598	982.7861223765312	583	6	M+H
236.138191774703	1	73.76773048472727	980.7691362616946	584	6	M+H
235.13516469901666	1	2311.8250012853864	982.2230081846732	585	6	M+H
234.13503602121008	1	435.4590406754048	983.1103532293093	586	6	M+H
235.128778707602	1	239.91813276792325	983.166101007965	587	6	M+H
234.13205275012032	1	27244.29361982136	984.4771427912782	588	6	M+H
236.136210284231	1	137.9269038791891	982.7472711547758	589	6	M+H
250.1550083054313	1	213048.2559076861	983.4632737529753	590	6	M+NH4
252.1591182234067	1	825.9424010937232	983.4983786410431	591	6	M+NH4
251.15933709159452	1	173.82774302918594	982.076988724896	592	6	M+NH4
253.16498490593946	1	80.102917154332	982.7594651387756	594	6	M+NH4
252.1554349524345	1	348.2770278857769	983.3980963468235	595	6	M+NH4
252.16198133071612	1	2161.128661011298	983.6553803795792	597	6	M+NH4
251.15854429938153	1	31717.77644547677	985.8090833423076	598	6	M+NH4
253.16265481845682	1	118.96087192326888	980.982499446857	599	6	M+NH4
257.1147767963977	1	1118.3598393854184	983.5106764991195	601	6	M+Na
256.1073595115558	1	1446.4230902570744	983.4435729317836	603	6	M+Na
258.12062158860806	1	71.95965891855849	980.0166138046022	604	6	M+Na
257.1106975147327	1	228.33821823803802	983.3072700979498	605	6	M+Na
258.1183398407354	1	135.09310180337727	980.4947769410738	609	6	M+Na
265.1545889739297	1	199328.09357466156	987.2047432451617	610	6	M+CH3OH+H
267.15891419119856	1	1603.3932005730774	982.0522777529401	611	6	M+CH3OH+H
266.159222194176	1	264.67626822545935	985.163765983471	612	6	M+CH3OH+H
266.15858590812394	1	34732.762365686096	984.079848235704	613	6	M+CH3OH+H
266.15209392255105	1	1513.0889594378364	979.6546697507226	614	6	M+CH3OH+H
268.1646074040382	1	100.93181498447304	982.7180523023351	615	6	M+CH3OH+H
268.16228839745094	1	225.93837206936266	985.3722132686544	616	6	M+CH3OH+H
267.1612787666353	1	2528.612786081759	985.9728874889134	618	6	M+CH3OH+H
274.15483837783586	1	238347.91256965182	982.3938180255758	620	6	M+ACN+H
276.15961450630766	1	887.1626369206823	981.7044330697458	621	6	M+ACN+H
275.15952633164176	1	163.42498977346045	981.2275771825425	622	6	M+ACN+H
275.15237200000064	1	3072.768631294784	985.7167022569516	623	6	M+ACN+H
277.1651531324639	1	111.74465510959762	984.9353730891474	624	6	M+ACN+H
276.1617652037329	1	2298.421224716968	981.3136906459788	627	6	M+ACN+H
277.16291579952957	1	145.80519369916894	984.2964090137372	629	6	M+ACN+H
94.04139690008819	1	61564.34686955206	1098.5299988507904	630	7	M+2H
95.04326635838149	1	211.15608980237025	1105.224525896329	631	7	M+2H
94.54356078248522	1	46.81966745761224	1100.0220551322363	632	7	M+2H
94.54436758538435	1	74.85110298339785	1102.513833740793	633	7	M+2H
94.54295933223946	1	7916.637949768243	1102.3093961154716	634	7	M+2H
95.04620086655274	1	10.06111374198022	1102.9136585022052	637	7	M+2H
95.04457371840377	1	428.0389140933591	1096.8993506053173	638	7	M+2H
95.54648570253434	1	14.20932439597102	1100.4321981890926	639	7	M+2H
102.5546301091906	1	39398.949703684906	1103.8526471346038	640	7	M+H+NH4
103.55651011065302	1	226.6463614136877	1105.243623918461	641	7	M+H+NH4
103.05311499043404	1	192.18417635599297	1101.2805942545338	643	7	M+H+NH4
103.05638491067914	1	5973.0901908934	1102.9193614113183	646	7	M+H+NH4
104.05818458458026	1	27.24563538321408	1102.1795418579613	647	7	M+H+NH4
103.55793438864755	1	423.7057512217333	1107.3679683625041	648	7	M+H+NH4
114.55465379079644	1	53599.79739119903	1103.7185589523929	650	7	M+ACN+2H
115.05676056986223	1	47.389849541744404	1104.9981196938963	652	7	M+ACN+2H
115.05300525631483	1	188.40112040702644	1104.985886507448	653	7	M+ACN+2H
116.05945532608175	1	23.486775220580355	1098.7873079588483	654	7	M+ACN+2H
115.05634037527807	1	7501.878856711761	1102.1641329070335	656	7	M+ACN+2H
116.05829060132675	1	33.134495825517476	1100.8685181472802	657	7	M+ACN+2H
115.55472141800178	1	31.197186398525652	1099.9610502080338	659	7	M+ACN+2H
135.06765183617733	1	50104.94424878021	1103.6002763583292	660	7	M+2ACN+2H
135.57000894900088	1	41.04597552917212	1101.9164086891556	662	7	M+2ACN+2H
135.56632082642238	1	388.6520899146379	1104.8414649390381	663	7	M+2ACN+2H
136.0710812785671	1	686.2357198297658	1102.774149594091	665	7	M+2ACN+2H
135.57092234506166	1	105.27705167960089	1105.5125524359958	666	7	M+2ACN+2H
136.06811818793898	1	73.12422219132273	1100.7805792201736	667	7	M+2ACN+2H
135.56986828724857	1	8192.338693891941	1101.8560098993962	668	7	M+2ACN+2H
136.57168293656542	1	39.689225855583715	1101.8015274243212	669	7	M+2ACN+2H
187.075468117536	1	57186.16756679264	1103.9525790610244	670	7	M+H
189.07965474221052	1	209.63651046021596	1103.0461584531583	671	7	M+H
188.0794807746034	1	48.022307180231834	1099.7719505820212	672	7	M+H
188.08166484370304	1	81.61434658111897	1103.8639829329363	673	7	M+H
188.07843076886127	1	5916.604363461041	1101.85654288351	674	7	M+H
189.08277372497045	1	6.190920770553772	1102.31820535115	676	7	M+H
189.08495058194302	1	8.297578356181758	1100.731082470727	677	7	M+H
190.08555536422534	1	14.959657566218603	1103.340195178281	679	7	M+H
204.10202561360208	1	58765.99176759672	1104.510209150754	680	7	M+NH4
206.1061838279566	1	238.413715855729	1102.597161525467	681	7	M+NH4
205.10627932138993	1	38.81772781029458	1105.4518915030503	682	7	M+NH4
205.09959330130658	1	235.68736983651064	1099.8320962060939	683	7	M+NH4
207.1118639489625	1	14.90792621601033	1102.1712512159474	684	7	M+NH4
205.10824840014712	1	74.57084979096685	1103.0083116721921	685	7	M+NH4
206.1084748775615	1	437.9357950374729	1104.8135733837487	688	7	M+NH4
206.10261264482827	1	30.758534048573885	1103.130872859089	689	7	M+NH4
209.05709480581632	1	53773.66903623464	1106.012806884276	690	7	M+Na
210.06399206969277	1	62.72933633739868	1102.6981036241793	693	7	M+Na
212.06464935265518	1	33.50778586243381	1099.840560521886	695	7	M+Na
211.06496543242824	1	5.8024385632716475	1100.7344763549324	696	7	M+Na
211.0667360549331	1	9.98822940112492	1103.0468466450889	697	7	M+Na
211.06369508465752	1	439.5729258136138	1101.8895291658496	698	7	M+Na
212.06720548207738	1	14.867236574830967	1100.9563529807115	699	7	M+Na
219.10164745094758	1	54437.2235290858	1098.6680004808593	700	7	M+CH3OH+H
221.10597319769354	1	342.5935606746728	1101.333935204167	701	7	M+CH3OH+H
220.10586615683627	1	68.01887020261603	1102.1474187843196	702	7	M+CH3OH+H
220.10472978237914	1	8060.576396838136	1100.98550715702	705	7	M+CH3OH+H
222.1088526131136	1	57.97679997985955	1100.9689781903207	706	7	M+CH3OH+H
221.11130129699458	1	13.551097927778901	1101.3471323366023	708	7	M+CH3OH+H
221.1079261038059	1	484.3437246634781	1103.5887668797993	709	7	M+CH3OH+H
228.10226436174082	1	58660.3416531313	1101.2678599603473	710	7	M+ACN+H
230.10605743587973	1	231.00792847283495	1103.2290128993045	711	7	M+ACN+H
231.1118938394931	1	27.704370156976747	1100.3958454610618	714	7	M+ACN+H
229.10781227309002	1	84.8612704073056	1104.140759067902	715	7	M+ACN+H
111.55231281734298	1	84453.8834280688	604.4082869742074	720	8	M+2H
112.55447020204896	1	1152.632317468398	601.8854011649554	721	8	M+2H
112.05439861832187	1	214.70788492538165	600.3719905675799	722	8	M+2H
113.05614444465677	1	83.99934139213758	598.1009846505153	724	8	M+2H
112.05084405644705	1	299.07104647242494	602.90514732166	725	8	M+2H
112.55239411789063	1	27.326274629759858	602.1372283620291	726	8	M+2H
112.05530164672061	1	190.35356321908753	600.1911793258251	727	8	M+2H
112.55586104270674	1	19.07986518503951	601.8306514122692	728	8	M+2H
120.06536974873104	1	90695.94141133019	604.0952719236279	730	8	M+H+NH4
121.06774704137572	1	1074.099695120361	597.7711959195785	731	8	M+H+NH4
120.56754875260265	1	192.2199596858167	605.7157467293664	732	8	M+H+NH4
121.06565660701597	1	49.6081224988342	601.6233990729977	733	8	M+H+NH4
121.56944688959612	1	84.43481080978401	605.2340328774076	734	8	M+H+NH4
121.0703441365771	1	17.38043707338968	600.0696565295891	736	8	M+H+NH4
120.56741051779788	1	7030.846661470218	601.3974190128251	737	8	M+H+NH4
121.06885975617764	1	265.29291786379287	600.8639091849212	738	8	M+H+NH4
120.5685895590508	1	213.72633938196475	602.0908777163019	739	8	M+H+NH4
133.06781872052085	1	1071.4285226918273	598.6267205768243	741	8	M+ACN+2H
132.56752091113995	1	172.399405512244	601.3574790253596	742	8	M+ACN+2H
133.5691252677638	1	99.2223614822156	603.8237518776216	744	8	M+ACN+2H
132.56391774482682	1	572.8181556207853	606.5184071859442	745	8	M+ACN+2H
152.57898173217873	1	84897.74857638255	605.4469212385607	750	8	M+2ACN+2H
153.0809166249554	1	167.69236036535048	600.467795915661	752	8	M+2ACN+2H
153.57899442138478	1	120.58465499763184	600.5081134156912	753	8	M+2ACN+2H
153.5835691045786	1	25.166422495036255	600.5466077924372	756	8	M+2ACN+2H
153.0807946068482	1	9957.1431544627	600.5114657581172	757	8	M+2ACN+2H
153.58205737094713	1	712.6365343845341	606.7163064745404	758	8	M+2ACN+2H
153.08203263534588	1	228.71685577538162	603.6392853961248	759	8	M+2ACN+2H
222.09699535773285	1	91633.26135989348	603.8330734744164	760	8	M+H
223.10142138469325	1	191.20812356358476	602.1448958237337	762	8	M+H
224.10365269504163	1	293.9188852434664	602.7717848460344	763	8	M+H
224.10468202281865	1	18.127551217761745	604.6979133606226	764	8	M+H
223.09429112219635	1	272.8352569749592	604.5125516316386	765	8	M+H
224.09767589343383	1	26.539870082350564	603.1083090742673	766	8	M+H
223.10359791544641	1	162.6908327665092	601.9708200242093	767	8	M+H
225.10488333696372	1	88.77910331821218	602.6241400714603	768	8	M+H
223.10059712889014	1	8343.490006968801	602.9938973532336	769	8	M+H
239.1239102109947	1	97451.5340544406	600.6621225270057	770	8	M+NH4
241.12800299638744	1	1063.631576005721	601.7317415127011	771	8	M+NH4
240.12788204597865	1	188.00520279715096	598.8275311741492	772	8	M+NH4
241.12415583005512	1	49.991836136448626	603.0351386305194	773	8	M+NH4
240.12076179674355	1	569.7407252530666	600.0409008702042	775	8	M+NH4
241.13027195917016	1	270.14188724363737	602.6093713912146	776	8	M+NH4
241.1314388737146	1	21.948754432493722	600.8166714078625	778	8	M+NH4
240.1300033390798	1	233.65454154784658	603.2260702921014	779	8	M+NH4
246.0836609313688	1	1306.0115497965078	602.8157156748399	781	8	M+Na
245.08305751831406	1	229.5802220623811	599.0795627982915	782	8	M+Na
246.08629163268495	1	281.13523125437104	604.0915545209135	783	8	M+Na
246.08670889080383	1	14.917625084421429	602.9958979136376	784	8	M+Na
245.0757812615643	1	373.72812662350026	602.0900662240075	785	8	M+Na
246.07983704472738	1	29.92185028482597	603.063061305462	786	8	M+Na
245.0855634291723	1	135.90704903551656	604.6034012441305	787	8	M+Na
247.08710547682253	1	73.78869144471425	600.8409503641542	788	8	M+Na
255.1276819612854	1	246.7119088871895	602.1857674795602	792	8	M+CH3OH+H
255.12021688824726	1	311.10251661618054	599.9558771893979	795	8	M+CH3OH+H
255.1304579826232	1	200.65615623121835	601.8648141039614	797	8	M+CH3OH+H
255.12697568372883	1	8740.480409791411	603.9929560399946	799	8	M+CH3OH+H
263.12373850942987	1	99418.40465437704	604.449109076749	800	8	M+ACN+H
264.1280516353994	1	181.13037639911252	600.3809110365016	802	8	M+ACN+H
265.12413554389354	1	75.95629139987362	603.0498345194089	803	8	M+ACN+H
266.13094881437746	1	102.36852301585745	602.792047639934	804	8	M+ACN+H
264.1203975084165	1	729.6110041663494	600.325724984794	805	8	M+ACN+H
265.130357993946	1	491.53286867946935	602.4275404999092	806	8	M+ACN+H
265.1310347724025	1	21.06334750182497	604.5709649817189	808	8	M+ACN+H
264.12992142617657	1	200.6206815849449	602.0019520094543	809	8	M+ACN+H
76.53195580473	1	70222.8279929121	485.3655845624261	810	9	M+2H
77.03406212328674	1	26.722328672214978	488.61364001182363	812	9	M+2H
77.0305019741239	1	1500.24431844628	484.82977038736635	813	9	M+2H
77.53529183303968	1	105.6011609659212	483.5488532114636	814	9	M+2H
77.52908006843445	1	12.574958217822484	485.7522152022887	815	9	M+2H
77.53225971792573	1	77.39782055119386	488.0220104013788	817	9	M+2H
77.03357848339718	1	4194.400655311382	488.5253436139548	818	9	M+2H
85.04507517330505	1	68478.04495368671	484.25263174478204	820	9	M+H+NH4
86.0473211824699	1	178.39833420893132	486.7948338673237	821	9	M+H+NH4
85.54377728143342	1	1438.572261474675	486.2415978474226	823	9	M+H+NH4
86.04852088404706	1	71.62417893205954	485.5111510730619	824	9	M+H+NH4
86.04236003230548	1	13.792150584949855	486.49220794875333	825	9	M+H+NH4
86.04542135145748	1	98.43237884447154	486.1969599144984	827	9	M+H+NH4
97.04522394600895	1	69391.06949615623	484.5678642100695	830	9	M+ACN+2H
98.04730880070859	1	145.77255735029337	488.57848772808507	831	9	M+ACN+2H
97.54733810919846	1	25.284258912389745	485.85664052806544	832	9	M+ACN+2H
97.54369553327969	1	1747.3602957541361	485.80036896750016	833	9	M+ACN+2H
98.04522631542999	1	134.86670793380313	486.69578325012355	837	9	M+ACN+2H
97.54700407284724	1	5576.903970383676	483.7399876962305	838	9	M+ACN+2H
98.54905176066902	1	11.92645855692829	486.5622726654289	839	9	M+ACN+2H
117.55865131369231	1	74970.31299401599	486.7351633900377	840	9	M+2ACN+2H
118.56052237898899	1	139.20631327803022	481.7952457932387	841	9	M+2ACN+2H
118.06065168839842	1	23.080856694929633	485.34466081178675	842	9	M+2ACN+2H
118.05705091290496	1	2263.2397361008493	487.92038328786305	843	9	M+2ACN+2H
118.56177754326218	1	303.58442048779864	488.9500933592493	844	9	M+2ACN+2H
118.55553905486123	1	18.9830955694115	487.1892779375317	845	9	M+2ACN+2H
118.06157510502644	1	112.59534651519829	486.000247900814	846	9	M+2ACN+2H
118.55871276439642	1	185.63927171825048	485.5759224701392	847	9	M+2ACN+2H
119.0621538773424	1	12.528630094715606	487.9009015976439	849	9	M+2ACN+2H
152.05673056564095	1	68900.49789045789	486.2831248573363	850	9	M+H
154.0609613842195	1	151.20013286031784	486.0186495118584	851	9	M+H
153.053833755067	1	1478.592075461951	485.4668052275984	853	9	M+H
154.06349218449458	1	91.81660587212527	485.83292016718104	854	9	M+H
154.05048843338682	1	10.233953959778647	486.5578851781107	855	9	M+H
153.06287945361728	1	43.49993393460009	486.91558398659845	856	9	M+H
154.05693723699102	1	66.67679863470818	485.8706169037507	857	9	M+H
153.0599125676508	1	4577.677501861072	479.40358506778654	858	9	M+H
169.08331058069595	1	79502.52879295137	484.72726421887603	860	9	M+NH4
171.08987850652463	1	85.27295643552021	485.00709468541737	864	9	M+NH4
171.07746143967677	1	11.833787870744244	483.68813889416407	865	9	M+NH4
170.08967528917483	1	70.36997708564354	488.6384551188957	866	9	M+NH4
171.0836680369456	1	83.94308015120153	482.6543903624476	867	9	M+NH4
170.08683206051774	1	4343.529263531888	485.4424377079687	868	9	M+NH4
172.09118424822756	1	8.621897799276965	486.8787995649319	869	9	M+NH4
174.03891303908776	1	79624.57907880326	484.6430807356404	870	9	M+Na
176.0427107422063	1	133.25921819879707	485.3511895012203	871	9	M+Na
175.04302368216088	1	27.303541231160303	485.8130971688869	872	9	M+Na
176.03284219435523	1	11.411837724754477	485.0560457912276	875	9	M+Na
175.04469584381877	1	49.95005776325818	486.1455276837688	876	9	M+Na
175.04204389328177	1	4887.030269079743	486.1701481165682	877	9	M+Na
177.04602347801386	1	9.038105203320884	485.3516093886732	878	9	M+Na
184.08308668745843	1	71704.8736966219	482.4400250008941	880	9	M+CH3OH+H
186.08709893503863	1	327.3610661831399	484.94249081028005	881	9	M+CH3OH+H
185.07975955685512	1	1543.7931125927962	486.740506741344	883	9	M+CH3OH+H
187.09065758517045	1	21.184280418027125	484.9703636204075	885	9	M+CH3OH+H
185.08912892367545	1	100.90112454473491	485.4830658245596	887	9	M+CH3OH+H
186.0835133848336	1	105.24281941997403	484.9723168928893	888	9	M+CH3OH+H
185.0861238667874	1	5242.045265157897	489.0774780373293	889	9	M+CH3OH+H
193.08323855256256	1	66105.0191601953	487.01839242442014	890	9	M+ACN+H
194.0875372235768	1	27.229482043173135	485.77935187350937	892	9	M+ACN+H
194.08078532493852	1	1771.7899684097447	484.04235371113333	893	9	M+ACN+H
195.07765709250066	1	17.156784423644233	488.27471495957167	895	9	M+ACN+H
194.0897352888172	1	71.01759376348247	481.40180228270793	896	9	M+ACN+H
195.0834428491446	1	140.1922493813173	484.24740971496874	897	9	M+ACN+H
194.0867074637419	1	5120.376700275076	483.66729441306796	898	9	M+ACN+H
196.09056784170485	1	11.630116343968638	485.8230455072817	899	9	M+ACN+H
85.54416213820772	1	49582.451985839885	849.3724882136526	900	10	M+2H
86.54624977241208	1	335.67079255747035	849.6026831324455	901	10	M+2H
86.54461370842223	1	13.64622249731963	846.6594792098688	903	10	M+2H
86.04278376579278	1	163.90083471711995	845.9039670710391	904	10	M+2H
86.54914925965272	1	5.192488303068835	843.3947491075811	905	10	M+2H
86.04739418585889	1	72.97088691308242	845.706327662697	906	10	M+2H
86.04588212683679	1	4280.478028216484	847.0424513132165	907	10	M+2H
87.04792200649959	1	28.995548903667274	846.5256563519315	908	10	M+2H
86.54764138771425	1	149.73000661283447	846.1606121133037	909	10	M+2H
94.05725695208127	1	57846.724142404535	846.5758672477284	910	10	M+H+NH4
94.55973050590248	1	62.51947667418276	848.0058198304141	912	10	M+H+NH4
94.55606473505595	1	293.40766056695566	846.8766260932541	914	10	M+H+NH4
95.06230758994776	1	7.0364222766885	840.7780310626133	915	10	M+H+NH4
95.05755451915041	1	30.678687584299336	844.3950200972691	916	10	M+H+NH4
94.56052889787888	1	117.19922482288793	845.6443250154567	917	10	M+H+NH4
94.55912471708136	1	4306.653135162443	845.1871744053021	918	10	M+H+NH4
106.0574144300732	1	50369.229223385155	846.8683852509548	920	10	M+ACN+2H
106.55960251814206	1	48.39124565461351	847.5699408847776	922	10	M+ACN+2H
107.561226705774	1	32.404518479667104	844.8506607189158	923	10	M+ACN+2H
106.55581219841751	1	377.97387948707456	848.0779329160034	924	10	M+ACN+2H
107.06242940052681	1	8.76426266534522	845.307169815333	925	10	M+ACN+2H
107.05764623091244	1	35.44400292462192	845.5130678769983	926	10	M+ACN+2H
106.56057147265712	1	100.79157070336417	847.0845897514416	927	10	M+ACN+2H
106.55920400114229	1	5116.253330707353	847.8817680987974	928	10	M+ACN+2H
107.0609033609299	1	221.93060935193907	843.152650126223	929	10	M+ACN+2H
126.57063044574764	1	51059.20026664393	844.4740701136221	930	10	M+2ACN+2H
127.57280681122825	1	260.82291722645573	848.5290795559732	931	10	M+2ACN+2H
127.0728962937095	1	60.231216518395286	847.3352523277521	932	10	M+2ACN+2H
127.07248764833571	1	4963.782589864294	845.266098692913	933	10	M+2ACN+2H
127.57403482393411	1	371.18995955765115	842.9208260567464	936	10	M+2ACN+2H
127.57084534518454	1	67.41497141778844	844.7176305936714	937	10	M+2ACN+2H
172.08565747308174	1	305.4426429135243	843.0595918652825	941	10	M+H
171.08559532102365	1	54.96981602743152	844.1704072181263	942	10	M+H
172.08150728728086	1	16.08065724345802	845.2004511398342	943	10	M+H
171.07816961563705	1	168.54365042362485	846.4474519649578	944	10	M+H
172.09069928034037	1	4.9861244366707425	842.7969722919484	945	10	M+H
171.08458185252348	1	3629.6911676493055	846.0642168470215	947	10	M+H
172.0878733539856	1	184.93997213941358	843.9565112540502	949	10	M+H
188.1118548081795	1	63.57156453400695	843.683031529747	952	10	M+NH4
190.11529865980188	1	27.475022395736644	845.8589274157101	953	10	M+NH4
188.10477966656603	1	371.1570486590782	842.1646622838729	954	10	M+NH4
189.11743466765137	1	5.876884976260319	848.2478246538584	955	10	M+NH4
189.1078264079959	1	29.580035763995713	845.016179980009	956	10	M+NH4
188.11386266422974	1	97.79429965819918	845.1808130835086	957	10	M+NH4
189.1141743753097	1	170.1305112497314	845.9879056346781	958	10	M+NH4
188.11101556716184	1	3867.2602184094376	848.5718162344226	959	10	M+NH4
192.06319688310842	1	43030.26816909954	847.9484175088257	960	10	M+Na
194.06749646442745	1	322.72292303438854	843.9530588596157	961	10	M+Na
193.06029295844579	1	177.33740868465176	844.1856272721803	964	10	M+Na
193.06649640067587	1	4650.285314726419	846.5627516191225	967	10	M+Na
195.07096948132622	1	26.31852688306266	846.2942345041693	968	10	M+Na
194.0700537674825	1	178.71794065677773	845.0195790954309	969	10	M+Na
202.1069456097843	1	48943.36405502945	847.8484170909443	970	10	M+CH3OH+H
204.1113670293719	1	312.6883402255054	848.1367213031485	971	10	M+CH3OH+H
203.11168740000267	1	85.84856784886367	844.9047600269719	972	10	M+CH3OH+H
204.10778276350908	1	17.13959645246314	846.2014915398656	973	10	M+CH3OH+H
203.1044737364123	1	168.47735786007746	844.0831801321024	974	10	M+CH3OH+H
204.11685391280798	1	8.121484744762748	846.2829629736153	975	10	M+CH3OH+H
203.11368640748736	1	88.81200784508862	845.3459515697028	976	10	M+CH3OH+H
204.11435887015793	1	211.59687709232162	846.3117157606646	977	10	M+CH3OH+H
203.1108646572611	1	4104.797375417792	845.192807778142	978	10	M+CH3OH+H
211.10741017128885	1	48290.10101193961	843.7078978189838	980	10	M+ACN+H
214.11564062171507	1	32.35339522807535	843.6650039376459	983	10	M+ACN+H
213.11724724238258	1	8.364177989414603	843.0681128473334	985	10	M+ACN+H
213.1084814585015	1	39.04219992565461	850.589561723434	986	10	M+ACN+H
212.1143290784679	1	85.6810936642593	846.8404058116315	987	10	M+ACN+H
213.11443965048798	1	235.31174484715862	845.4857569183624	988	10	M+ACN+H
212.1109978497921	1	5641.971476284828	846.7692707235392	989	10	M+ACN+H
100.50539798124815	1	7011.465814457043	1281.3256081837947	991	11	M+2H
101.50714812507015	1	32.62252013334604	1287.6706148405656	993	11	M+2H
100.00672833592948	1	1696.3651025458323	1284.2913048612616	995	11	M+2H
100.00371472287945	1	166.94042090612774	1289.748362546801	996	11	M+2H
100.50815814241176	1	49.86797264364022	1284.0760117205875	997	11	M+2H
101.00680465106915	1	332.1703426089749	1280.7945056416893	998	11	M+2H
100.00822491185379	1	48.27143487571496	1284.2415597801114	999	11	M+2H
108.01825589771207	1	47425.48823122261	1279.4058669525255	1000	11	M+H+NH4
109.01855418153569	1	7295.223371053862	1287.1385719528512	1001	11	M+H+NH4
109.02032051821445	1	176.99027355149346	1285.3486993545505	1002	11	M+H+NH4
109.02166499607624	1	48.88211294641886	1284.1315138987654	1003	11	M+H+NH4
108.52044975147862	1	33.098654655387556	1286.104214924046	1004	11	M+H+NH4
108.51982803561046	1	1912.2480784620534	1286.9404010969808	1005	11	M+H+NH4
108.51679458775898	1	307.07225336898205	1286.3626651196323	1006	11	M+H+NH4
109.51693849469241	1	54.024637157495654	1284.6743646785192	1007	11	M+H+NH4
108.52158042339892	1	81.42696780967253	1287.1120582340723	1009	11	M+H+NH4
120.51990217136137	1	3106.7401416283737	1286.4505298932843	1015	11	M+ACN+2H
120.51677503465127	1	325.38576401359603	1285.1101922776204	1016	11	M+ACN+2H
121.51692249947831	1	58.5723750445088	1284.9398966101842	1017	11	M+ACN+2H
120.52129356991856	1	70.89451092053714	1284.694920252648	1019	11	M+ACN+2H
141.5318288303233	1	7744.973052502578	1284.467810808789	1021	11	M+2ACN+2H
141.5337748711792	1	178.27453183347336	1284.370225694289	1022	11	M+2ACN+2H
141.531828340285	1	36.00107553733591	1286.0395887863044	1023	11	M+2ACN+2H
141.53506226567265	1	170.62327055767508	1286.6371565290997	1024	11	M+2ACN+2H
141.03337424767284	1	3639.4066256205215	1283.8227716612396	1025	11	M+2ACN+2H
142.03039733525335	1	72.60243443053409	1283.7579261079368	1027	11	M+2ACN+2H
141.0347311919863	1	95.94460084282962	1286.4717509411412	1029	11	M+2ACN+2H
198.0026487829315	1	31601.918759252774	1285.0081779664065	1030	11	M+H
199.00647680988862	1	2195.2051746527095	1286.456241108805	1035	11	M+H
198.99979386661963	1	138.95966701925207	1282.1819446905658	1036	11	M+H
200.00943354761625	1	46.65744832086127	1286.7961966667742	1037	11	M+H
201.0061062051913	1	391.19869529163145	1286.6518783056576	1038	11	M+H
199.00877409626017	1	56.34324129958159	1286.9608336251079	1039	11	M+H
217.03327521745092	1	146.0146132157669	1285.9954117594384	1042	11	M+NH4
217.0363027585283	1	46.10167842046136	1288.2213913271423	1043	11	M+NH4
216.03323743123264	1	30.050304335976957	1287.6354213187276	1044	11	M+NH4
216.02641180122237	1	344.3031131542871	1282.8838101537594	1046	11	M+NH4
218.0328408399577	1	348.2436636003671	1284.2278509095029	1048	11	M+NH4
216.03532251296008	1	77.22884491127165	1284.3697227143082	1049	11	M+NH4
221.98936303642392	1	156.6974689466826	1285.25092392315	1052	11	M+Na
223.98925870800923	1	30.110140837453155	1284.2522215732038	1053	11	M+Na
220.98789100271384	1	2035.1433188097412	1285.262698226815	1055	11	M+Na
220.9821271566994	1	147.1614657150795	1280.913236087641	1056	11	M+Na
221.99148673573598	1	58.22083003562927	1285.1044895627556	1057	11	M+Na
222.9881056718979	1	392.468532270035	1286.1809672180593	1058	11	M+Na
220.99058070986914	1	54.11799792553101	1287.498538453801	1059	11	M+Na
230.02925114097917	1	35797.5524347165	1284.7964874579352	1060	11	M+CH3OH+H
232.02915049937394	1	8364.948317886185	1282.5540171891355	1061	11	M+CH3OH+H
232.03317730417757	1	273.826244550441	1282.924217151225	1062	11	M+CH3OH+H
234.03347829614682	1	44.33108171930754	1288.280333409086	1063	11	M+CH3OH+H
231.0318592798356	1	3061.74775759057	1284.5226665606738	1065	11	M+CH3OH+H
231.02597587247962	1	175.17604057830786	1286.222875493051	1066	11	M+CH3OH+H
232.0356664688373	1	73.30392465744877	1286.6581540831362	1067	11	M+CH3OH+H
233.03219161668252	1	551.1881570305009	1289.7921749568063	1068	11	M+CH3OH+H
231.03550269808193	1	80.31953086686386	1285.1848710627203	1069	11	M+CH3OH+H
239.02956941367216	1	38349.9191330762	1285.5827064035866	1070	11	M+ACN+H
241.0291800996196	1	6756.240660665502	1283.5682405000732	1071	11	M+ACN+H
241.0333333623292	1	159.92992385333835	1284.982881795385	1072	11	M+ACN+H
241.03595564308802	1	105.2984733172313	1284.3588458203094	1073	11	M+ACN+H
240.033649852456	1	34.53863484511374	1281.733350650499	1074	11	M+ACN+H
240.03286387935032	1	2792.583707452304	1283.8960781561018	1075	11	M+ACN+H
242.02618886081962	1	50.945617231535145	1285.189965314882	1077	11	M+ACN+H
242.03303228588322	1	490.6014802696341	1284.5161226376676	1078	11	M+ACN+H
240.0354380684673	1	83.22843139181279	1287.9493116290248	1079	11	M+ACN+H
75.53289730885265	1	239996.2261252301	1162.1127844940727	1080	12	M+2H
76.53072104838606	1	10913.991416803688	1160.4343466272123	1081	12	M+2H
76.0325274988596	1	1865.369125568969	1160.3964894027629	1082	12	M+2H
76.53626296193495	1	333.157435818135	1159.0166800384848	1083	12	M+2H
76.53491135012078	1	982.3948386809569	1164.9626954296127	1084	12	M+2H
77.03241595171617	1	648.291913800724	1159.2729293997513	1085	12	M+2H
76.03457770925777	1	16645.48314772931	1160.5997293303612	1086	12	M+2H
76.03121386667402	1	894.6472820725337	1159.7884562675308	1089	12	M+2H
85.04392977623861	1	10319.533699754262	1156.8790989313309	1091	12	M+H+NH4
84.54577108115589	1	2154.442963682037	1163.4086485194687	1092	12	M+H+NH4
85.54560839566636	1	634.379354463527	1159.8831796944303	1093	12	M+H+NH4
85.04817359514975	1	1152.5219782367865	1159.2488819870462	1094	12	M+H+NH4
84.54764127199137	1	12445.319694704112	1161.3549382568076	1095	12	M+H+NH4
85.0495805369779	1	259.02963083555665	1160.7984948321925	1096	12	M+H+NH4
84.54817180866871	1	225.5346062385671	1163.4972517449069	1097	12	M+H+NH4
84.5491612284486	1	420.6570717063167	1159.279543347102	1098	12	M+H+NH4
84.54445285077705	1	1904.8379306464983	1157.2730554928094	1099	12	M+H+NH4
96.04626666871332	1	267921.46888161317	1163.7056012177454	1100	12	M+ACN+2H
97.04397282036119	1	11645.098893072192	1162.3268238896962	1101	12	M+ACN+2H
96.5456837891191	1	2073.2297974857697	1161.4795208965536	1102	12	M+ACN+2H
96.54771168156732	1	16826.061555822314	1163.0112756978215	1105	12	M+ACN+2H
96.54899078229566	1	501.1279188154012	1160.882412839302	1108	12	M+ACN+2H
96.544639711796	1	1904.0505355152352	1160.9577306640178	1109	12	M+ACN+2H
116.5592445996897	1	226483.5919307002	1162.3795630204957	1110	12	M+2ACN+2H
117.05901096324908	1	2101.855299107889	1161.9904700781024	1112	12	M+2ACN+2H
118.05890389643471	1	997.333328739005	1159.3244561310235	1113	12	M+2ACN+2H
117.56145657265482	1	1038.0446248240537	1161.5688038028857	1114	12	M+2ACN+2H
117.56274541364992	1	960.6056080565806	1160.27195124313	1116	12	M+2ACN+2H
117.55958535309902	1	280.60899916374626	1161.4524696288763	1117	12	M+2ACN+2H
117.06241809176862	1	529.950795642857	1160.2158497497358	1118	12	M+2ACN+2H
152.05463417460268	1	9993.737313984975	1162.3848544345947	1121	12	M+H
152.06508512407947	1	305.6201741712333	1160.1948044097524	1123	12	M+H
153.05784755351397	1	738.1947402088365	1162.0840061628915	1125	12	M+H
151.06160113761658	1	11463.419739416318	1160.0501494754049	1126	12	M+H
151.06247516814364	1	181.78022748067303	1162.457096950034	1127	12	M+H
151.06458730366717	1	390.5845123476721	1163.6344777494935	1128	12	M+H
151.0553348904409	1	1020.1522298449071	1165.881801602122	1129	12	M+H
169.080677096327	1	10551.870022649206	1164.418585106411	1131	12	M+NH4
170.0841802038971	1	638.124044370231	1161.9957223862818	1133	12	M+NH4
168.088226552273	1	12784.882929792175	1162.3196757450748	1135	12	M+NH4
169.0916324459445	1	292.46160560675736	1161.6403084492763	1136	12	M+NH4
168.0893078297215	1	259.43519036473015	1164.046578443517	1137	12	M+NH4
168.09103884739065	1	471.97988235138564	1161.3977849317089	1138	12	M+NH4
168.08194788084722	1	1798.4317880703927	1162.303976884403	1139	12	M+NH4
174.0360466214671	1	11130.02880337337	1161.6816123449278	1141	12	M+Na
174.04711823304473	1	332.3641371168799	1161.7065896771633	1143	12	M+Na
174.044694966584	1	984.6147495539814	1163.8818349181697	1144	12	M+Na
173.04400301058115	1	15160.9936363494	1163.3994913746492	1146	12	M+Na
173.0465742239034	1	314.3549935268853	1160.4827017153705	1148	12	M+Na
173.03695842457324	1	946.5690043659932	1159.3366206885091	1149	12	M+Na
184.0800020082937	1	11061.128998526123	1158.7525913124146	1151	12	M+CH3OH+H
183.08406600455066	1	2331.4598158234367	1160.3956829034666	1152	12	M+CH3OH+H
184.08876403472513	1	1749.1473653216365	1159.4708484007658	1154	12	M+CH3OH+H
184.09098761874276	1	382.6365745114182	1163.7859747887967	1155	12	M+CH3OH+H
183.0879020508222	1	19368.516287708942	1157.7419518893987	1156	12	M+CH3OH+H
183.08905243171054	1	355.8178581174432	1160.4396528117616	1157	12	M+CH3OH+H
183.09066500054055	1	377.62792030104094	1158.4218979984082	1158	12	M+CH3OH+H
183.0816738218475	1	860.4671792144994	1164.2017802017272	1159	12	M+CH3OH+H
191.08506586145356	1	278071.92672380677	1162.418595667769	1160	12	M+ACN+H
193.0806252877914	1	11294.431680959746	1159.3106963543828	1161	12	M+ACN+H
192.0844558323039	1	1871.552018304337	1160.2817906741302	1162	12	M+ACN+H
194.08381429794292	1	816.4459201631039	1161.9135282277985	1163	12	M+ACN+H
193.089294226813	1	1049.7547711822367	1161.6967751638642	1164	12	M+ACN+H
192.08887600456003	1	233.060897726821	1163.6921675428484	1167	12	M+ACN+H
192.09096407173934	1	497.78816582083556	1158.2743843115595	1168	12	M+ACN+H
103.05202005451358	1	81035.12771334707	938.8599953602551	1170	13	M+2H
104.55716896351751	1	12.439907669592326	939.5704779695391	1174	13	M+2H
104.05236551995966	1	64.92854559634257	936.3271442332133	1175	13	M+2H
104.05550577231298	1	411.96035888521067	937.5520286561602	1177	13	M+2H
103.5539845124303	1	7696.967162608266	941.8086707617657	1178	13	M+2H
104.55594116873377	1	36.08717125433747	936.4671352221213	1179	13	M+2H
111.5655122658936	1	70694.53359190191	937.1601269242029	1180	13	M+H+NH4
112.56769920563177	1	242.1811793495288	939.6412725649327	1181	13	M+H+NH4
112.06756467041473	1	59.802405950130854	934.9830728220386	1182	13	M+H+NH4
112.0639911950351	1	761.2604331547276	937.4834258777346	1183	13	M+H+NH4
112.57034940552116	1	15.267650844682615	940.6773489191448	1184	13	M+H+NH4
112.06699325058773	1	8237.536693084361	939.9808836194827	1188	13	M+H+NH4
113.06929953285892	1	30.827571753811615	937.1727800433501	1189	13	M+H+NH4
124.5679166970241	1	250.06510358030596	936.2966415354852	1191	13	M+ACN+2H
124.06753668680139	1	48.146455262732935	938.5635449263685	1192	13	M+ACN+2H
124.06405143639087	1	759.0264192029235	939.5632589009525	1193	13	M+ACN+2H
124.56566604184765	1	98.61845995729233	939.0260286283564	1195	13	M+ACN+2H
124.06863254905456	1	125.76880179975623	939.4953217803358	1196	13	M+ACN+2H
124.0672478625205	1	7808.809780465653	937.0113101458949	1198	13	M+ACN+2H
125.06939722617808	1	43.914569396755766	938.5182998376566	1199	13	M+ACN+2H
144.0783635617804	1	71216.27597198205	934.8865226248313	1200	13	M+2ACN+2H
145.08091690891374	1	243.6879996003396	940.9539688963139	1201	13	M+2ACN+2H
144.57712338397556	1	915.7073287947477	939.492289790735	1203	13	M+2ACN+2H
145.07889787366574	1	158.05851975816725	937.5091865396129	1204	13	M+2ACN+2H
145.58376652458833	1	33.3795371870171	934.2326270631384	1205	13	M+2ACN+2H
145.0821250723428	1	839.7468822797263	933.197111126843	1207	13	M+2ACN+2H
144.5803926249283	1	8834.16603669678	939.4111723132752	1208	13	M+2ACN+2H
145.58270450997193	1	38.80229587185754	938.9063086788557	1209	13	M+2ACN+2H
205.0969951565923	1	55351.08775637866	936.7101397178263	1210	13	M+H
207.10128847451094	1	277.74474137532764	938.1020796086844	1211	13	M+H
206.10114510332028	1	58.5711829801529	938.3855679783858	1212	13	M+H
206.09413388916573	1	486.4776577741091	941.7500812230892	1213	13	M+H
208.10754973640582	1	11.024138671742262	937.0293463783397	1214	13	M+H
207.09779298196608	1	54.03609224597575	938.888747234053	1215	13	M+H
206.10368377862855	1	104.38563131613076	936.4241448028886	1216	13	M+H
208.10464991018998	1	37.747846056005265	939.3122644630538	1218	13	M+H
222.12360326796016	1	66870.3656421334	936.2624821754682	1220	13	M+NH4
224.12778530578152	1	258.4268024736795	937.4811303210674	1221	13	M+NH4
223.12806257661782	1	59.23169680634971	937.7465874950936	1222	13	M+NH4
223.12073224231858	1	829.3284062576969	938.3519363143317	1223	13	M+NH4
224.13336894085492	1	14.483830323417383	938.7860798084207	1224	13	M+NH4
223.12980988695656	1	122.6240574660486	939.6577231734501	1226	13	M+NH4
224.1302036083104	1	365.1805860108918	935.5660475239334	1227	13	M+NH4
223.12676882061874	1	8426.039729866256	936.8611872862589	1228	13	M+NH4
225.13129320579037	1	33.82819649797314	939.6759300125052	1229	13	M+NH4
227.07910559014667	1	63643.14989698915	941.378743733711	1230	13	M+Na
229.08347185649794	1	280.63828583730606	937.6264923476624	1231	13	M+Na
228.0832805003943	1	45.17124039757192	935.5626748302561	1232	13	M+Na
229.07976381432292	1	62.46441733026251	941.6324133037976	1235	13	M+Na
228.08232858976996	1	7080.086896402228	937.8901027522825	1237	13	M+Na
230.0867710912712	1	32.89093157727782	937.7053469657363	1238	13	M+Na
229.08607572286445	1	422.0249698466512	937.0559599724987	1239	13	M+Na
237.12331062979482	1	51604.13030808626	939.1300001692786	1240	13	M+CH3OH+H
238.12771712744384	1	71.75125476884672	941.3756045152334	1242	13	M+CH3OH+H
240.13071740309573	1	53.095656477071714	938.7081373252877	1243	13	M+CH3OH+H
238.12006728932462	1	467.47209726103694	941.5780063353859	1244	13	M+CH3OH+H
240.1335961997686	1	18.578993714503326	935.0114908718773	1245	13	M+CH3OH+H
239.13003736175378	1	551.9352118523303	938.9255074080488	1246	13	M+CH3OH+H
238.12961090962762	1	165.07902325291428	937.5603695553663	1247	13	M+CH3OH+H
238.12639648055193	1	8273.316237493427	938.9963262472723	1248	13	M+CH3OH+H
239.12383356516017	1	63.17456378343393	943.6571827678694	1249	13	M+CH3OH+H
246.12367750398482	1	71323.54335186564	939.030930334589	1250	13	M+ACN+H
248.12741549256933	1	300.87013022184135	939.1962947651341	1251	13	M+ACN+H
247.12825569613113	1	57.68402232808603	936.5956539254043	1252	13	M+ACN+H
249.13360147117592	1	25.911920588750974	938.4742072638713	1254	13	M+ACN+H
248.12378732674597	1	106.57073312507484	937.3197283836856	1255	13	M+ACN+H
247.12981873562384	1	116.73768475299391	936.007489649365	1256	13	M+ACN+H
248.13040819345073	1	577.3297631918906	937.561995140774	1257	13	M+ACN+H
76.53890543500091	1	119192.46685131622	1022.5136010225095	1260	14	M+2H
77.5411100116888	1	519.6409461538727	1023.2978035678058	1261	14	M+2H
77.04109804765503	1	90.52488362197359	1019.3554313778446	1262	14	M+2H
77.54375900031026	1	12.754658283482502	1020.6610685369985	1264	14	M+2H
77.04207664132706	1	148.91939971870906	1017.2404453846059	1265	14	M+2H
77.0405246526271	1	9507.77131570649	1020.9642462114372	1266	14	M+2H
77.54221341841061	1	313.71903712259467	1020.3159180318765	1268	14	M+2H
77.53909462816249	1	37.06158101323729	1017.1884234874566	1269	14	M+2H
85.05234501411371	1	119241.40626667404	1015.0836052200334	1270	14	M+H+NH4
86.05429403656896	1	478.69723585009524	1020.9239446381005	1271	14	M+H+NH4
85.55434957725035	1	97.15213857142055	1015.7450831887228	1272	14	M+H+NH4
85.55077787483097	1	901.6263970249752	1022.0657478126453	1273	14	M+H+NH4
86.05244298044806	1	76.84515927142398	1020.0975495845987	1275	14	M+H+NH4
85.5553341976277	1	182.78187001229492	1019.5233847134905	1276	14	M+H+NH4
86.0555719654086	1	420.8480452275303	1015.0214171524068	1277	14	M+H+NH4
85.55389170112507	1	11207.331021458815	1021.1145173817467	1278	14	M+H+NH4
97.05236277917028	1	100482.02200978501	1019.1290011312612	1280	14	M+ACN+2H
98.05429684987539	1	476.7421597661532	1018.1947156295018	1281	14	M+ACN+2H
97.55083712993286	1	932.1812381553536	1018.0100369123355	1283	14	M+ACN+2H
98.05697688145568	1	16.485772803945657	1023.066277329521	1284	14	M+ACN+2H
97.55548236156758	1	186.26110973101197	1020.1048891728802	1286	14	M+ACN+2H
98.05547904846978	1	574.2748645193019	1022.046224565025	1287	14	M+ACN+2H
97.55401572438595	1	12073.332674825244	1020.4299019674219	1288	14	M+ACN+2H
118.56763648367972	1	428.25521640782944	1017.7711633173685	1291	14	M+2ACN+2H
118.0639615990836	1	1364.8808523200953	1020.0352348163664	1293	14	M+2ACN+2H
119.07050090784269	1	30.967629967417366	1019.4197976261694	1294	14	M+2ACN+2H
118.56572278081923	1	170.87822458469637	1019.6255156841265	1295	14	M+2ACN+2H
118.56877742802145	1	805.2480074332275	1018.2829173961122	1297	14	M+2ACN+2H
118.06723754039895	1	17100.425560516695	1020.7144938468799	1298	14	M+2ACN+2H
119.06961173966585	1	75.08666402051645	1020.4691084348142	1299	14	M+2ACN+2H
154.0749602316689	1	687.4224607751181	1020.2144598373795	1301	14	M+H
153.0749057754326	1	108.11859385759048	1018.4092922760634	1302	14	M+H
153.07667743958504	1	160.48209566178988	1017.2769431062252	1305	14	M+H
153.0740160930228	1	9258.29849907092	1018.0995254402891	1306	14	M+H
154.07711189200487	1	340.27398167961417	1021.1158633900877	1308	14	M+H
169.09696415980767	1	116396.50218514093	1019.7314040171668	1310	14	M+NH4
171.10158557316055	1	594.5197269945191	1021.1693498255719	1311	14	M+NH4
170.10152934504023	1	86.84941834731177	1023.5441053526187	1312	14	M+NH4
170.0943857591555	1	881.8658601327816	1017.8127339319049	1313	14	M+NH4
171.10680577699137	1	15.738188276702488	1019.8426713096187	1314	14	M+NH4
171.09755774348832	1	83.23338130363092	1019.0456047140373	1315	14	M+NH4
170.10324457312424	1	183.59340212814166	1021.0172863687853	1316	14	M+NH4
170.10050614075422	1	10333.368292927678	1021.1199437125085	1317	14	M+NH4
172.10434104248014	1	46.007651200818806	1020.7227001425217	1318	14	M+NH4
171.10416480548488	1	376.1069704897418	1018.4349428274093	1319	14	M+NH4
174.05254273016192	1	114361.52669032809	1018.5160017258829	1320	14	M+Na
176.05664843100527	1	474.28156239763314	1021.4178961916186	1321	14	M+Na
175.04974394160934	1	415.39181677702777	1016.1976830713312	1323	14	M+Na
175.05900817776148	1	136.36400792584783	1018.9470254137951	1325	14	M+Na
175.05598383221115	1	10875.759165138683	1023.9732988071385	1326	14	M+Na
177.0600702291703	1	46.755905755855366	1022.1033802435817	1327	14	M+Na
176.05933425427085	1	440.20394939672804	1020.7059691015427	1328	14	M+Na
176.05293442556516	1	36.535522691603546	1021.6605050975103	1329	14	M+Na
184.09684799708828	1	120371.69777083394	1020.9049299057787	1330	14	M+CH3OH+H
186.10108977236058	1	789.287121000037	1021.6426012398573	1331	14	M+CH3OH+H
185.10116044969294	1	126.66905093509163	1021.5520581710864	1332	14	M+CH3OH+H
186.09740688562593	1	43.13689937356731	1017.3011206724051	1333	14	M+CH3OH+H
185.09405623069497	1	441.26842216638215	1021.9651128486876	1334	14	M+CH3OH+H
186.10671738701882	1	23.201584238296277	1017.9267006651497	1335	14	M+CH3OH+H
185.09993592189912	1	10231.3316919993	1019.3790798111736	1337	14	M+CH3OH+H
186.1033661803254	1	468.7058958549898	1018.3226393422259	1339	14	M+CH3OH+H
195.10122932239707	1	624.2100781424908	1021.838284470295	1341	14	M+ACN+H
194.1013625502352	1	93.46458906322674	1020.2542962247203	1342	14	M+ACN+H
194.09388821072505	1	810.1222512802624	1019.4141429470706	1343	14	M+ACN+H
195.09760846605934	1	108.50614584283734	1020.7153800896433	1345	14	M+ACN+H
194.10365894746883	1	191.44018586112443	1019.5132128718798	1346	14	M+ACN+H
194.10069935553452	1	13519.66497986635	1019.8609244581545	1347	14	M+ACN+H
196.1048602239665	1	48.95618890708821	1019.0215724292264	1348	14	M+ACN+H
83.5468223804095	1	187196.2016851334	1401.6581283550258	1350	15	M+2H
84.54887708986789	1	890.7882857722516	1404.6900155093624	1351	15	M+2H
84.04888953926493	1	157.51040840682757	1404.3765282216164	1352	15	M+2H
84.04530290659748	1	673.8609774642507	1402.5328228033177	1353	15	M+2H
84.04977744817175	1	352.20654677545207	1401.7654600170079	1355	15	M+2H
84.04856956038228	1	20115.720972066043	1403.6188591372938	1356	15	M+2H
84.54998601598115	1	807.964514123535	1403.7822367221534	1358	15	M+2H
84.54690034515848	1	67.68999835037724	1406.35133101459	1359	15	M+2H
92.06010522633765	1	181703.27478055545	1402.3366376131753	1360	15	M+H+NH4
93.06214289692586	1	1091.3111733408687	1403.7687208556283	1361	15	M+H+NH4
92.56213403329484	1	143.16700698736665	1401.9279869137576	1362	15	M+H+NH4
92.55853714254707	1	1664.030013101644	1402.8084029573104	1363	15	M+H+NH4
93.06498051206484	1	36.35296365171629	1404.5187291953423	1364	15	M+H+NH4
92.56326591224519	1	323.75468966015575	1406.5521403041478	1366	15	M+H+NH4
93.06351455253598	1	898.8359027454766	1403.9410543940614	1367	15	M+H+NH4
93.56377360084873	1	86.86991582476418	1402.4428066930266	1369	15	M+H+NH4
104.06001841877328	1	202014.27625353204	1402.8827864785806	1370	15	M+ACN+2H
104.56206231359829	1	148.89714156575556	1405.91945723507	1372	15	M+ACN+2H
104.55845677312259	1	1541.0280344108462	1399.2185500737953	1373	15	M+ACN+2H
105.06014937944089	1	193.74185408751617	1404.5747068339383	1375	15	M+ACN+2H
104.56333999465751	1	365.55756941577846	1405.5742897496546	1376	15	M+ACN+2H
104.56164298193742	1	23348.09293732138	1404.4511464442455	1378	15	M+ACN+2H
124.57360913887258	1	240040.44715718032	1402.7140272784327	1380	15	M+2ACN+2H
125.57526295461466	1	834.832045504528	1404.3446926864199	1381	15	M+2ACN+2H
126.0782574442602	1	64.13680568135105	1404.3971025934306	1384	15	M+2ACN+2H
125.57335559372993	1	310.32709596798713	1401.183014183436	1385	15	M+2ACN+2H
125.5766840470374	1	1668.1902725501848	1401.4653051610787	1387	15	M+2ACN+2H
125.0749437770577	1	31098.848527522536	1403.2055070674824	1388	15	M+2ACN+2H
126.07711793581626	1	107.981879661632	1404.0587911657196	1389	15	M+2ACN+2H
166.08611084603206	1	216315.8310463924	1402.32927897325	1390	15	M+H
168.09035743380713	1	771.578170188205	1405.0734781575543	1391	15	M+H
167.08329901356208	1	779.2940601221269	1406.3885209921434	1393	15	M+H
168.0960109938034	1	35.48471111700149	1400.9919139642832	1394	15	M+H
167.09259618578128	1	252.96922175765454	1404.0234436769713	1395	15	M+H
167.08946975092383	1	18311.013179092417	1404.9266235676862	1396	15	M+H
169.09399016704577	1	97.87858280694354	1405.442320469172	1397	15	M+H
168.09291923333748	1	892.2464010598708	1405.8449556562368	1398	15	M+H
168.08699363120647	1	86.07794288485927	1405.1228912794231	1399	15	M+H
183.11273837075174	1	206134.00742127065	1408.5266734289796	1400	15	M+NH4
185.11705069233346	1	833.6096293744736	1403.5168975290655	1401	15	M+NH4
184.11711220380505	1	145.40017117322787	1402.95621262023	1402	15	M+NH4
185.11331623721352	1	172.2077904842322	1403.6418866717236	1405	15	M+NH4
184.11937316745409	1	365.5436369627453	1402.1627359696395	1406	15	M+NH4
184.11607552723606	1	21156.435588813358	1404.4532690027675	1408	15	M+NH4
186.12033489642738	1	66.53885204099967	1401.8937314537084	1409	15	M+NH4
188.06794580054205	1	194631.72487301365	1404.7512297738865	1410	15	M+Na
190.07252650343594	1	754.5217277340678	1404.4754778916322	1411	15	M+Na
189.0726018016687	1	136.08955863951243	1405.5606811533376	1412	15	M+Na
189.06511365189817	1	711.4090216012883	1400.9764430540902	1413	15	M+Na
190.07776006619815	1	22.83031905952182	1399.212152473055	1414	15	M+Na
189.07440460843068	1	318.95434105566915	1402.7890222057388	1415	15	M+Na
189.07124713703348	1	19457.41498730546	1401.6176293369883	1416	15	M+Na
191.07581713218048	1	71.71969700710775	1404.283923740307	1417	15	M+Na
190.06853078867593	1	80.18690144091585	1401.7559876205407	1419	15	M+Na
198.1123019284625	1	238845.20750843588	1399.6853587006424	1420	15	M+CH3OH+H
200.11663300921515	1	1316.344009814047	1402.1018408298783	1421	15	M+CH3OH+H
199.11631180758295	1	211.81219513718597	1408.9434753549367	1422	15	M+CH3OH+H
200.11288170043196	1	84.64649193832872	1403.4150860687205	1423	15	M+CH3OH+H
199.1093989129401	1	853.7805958304401	1400.8303185347038	1424	15	M+CH3OH+H
200.1190614188389	1	973.9366933744244	1403.5567274333268	1427	15	M+CH3OH+H
199.115669808665	1	20773.721137800665	1403.3084239399793	1428	15	M+CH3OH+H
207.1126261891196	1	223707.14206310487	1405.4535130975366	1430	15	M+ACN+H
209.11676266732016	1	965.8057235206599	1400.8686621504564	1431	15	M+ACN+H
208.1098856131574	1	1464.0029519256796	1402.2228855084372	1433	15	M+ACN+H
210.12316706523382	1	41.48250909401159	1404.8756182526736	1434	15	M+ACN+H
209.11324706379705	1	175.77152465435412	1401.7723519692313	1435	15	M+ACN+H
208.11881047285388	1	324.32791830518	1408.6536354642428	1436	15	M+ACN+H
209.11900978168515	1	1161.1891497030724	1404.0357404995184	1437	15	M+ACN+H
208.11611203180564	1	17704.4726882652	1404.3710947162297	1438	15	M+ACN+H
66.55465850194375	1	45121.37866539744	944.3720887922932	1440	16	M+2H
67.55660554147094	1	199.8729275195984	945.4633816740183	1441	16	M+2H
67.05658327284806	1	35.518724719362325	942.6620158227518	1442	16	M+2H
67.05311219940309	1	181.91358149898187	946.55934917677	1443	16	M+2H
67.55943967118466	1	5.183317567928615	946.6138270624181	1444	16	M+2H
67.05779497123306	1	81.17341074979154	947.3830879419189	1445	16	M+2H
67.0562184045658	1	3022.854376200805	944.2329961689986	1446	16	M+2H
68.05828948243814	1	14.13320177058714	944.7162853658212	1447	16	M+2H
75.0679647355942	1	53814.72779008175	947.9957101160946	1450	16	M+H+NH4
76.07000394891583	1	164.1101779488277	949.8405372778647	1451	16	M+H+NH4
75.5700108532169	1	40.15064677044828	945.1841721696686	1452	16	M+H+NH4
75.56624014713577	1	328.0714683983052	943.8918110911317	1453	16	M+H+NH4
76.07265077423799	1	5.734324212523747	942.9331055870705	1454	16	M+H+NH4
76.07122071594198	1	86.15700932371928	946.0996673698331	1455	16	M+H+NH4
76.06800035334821	1	23.77414128154786	947.6837544607141	1457	16	M+H+NH4
75.5695329157751	1	3533.3784701844834	949.5938055481444	1458	16	M+H+NH4
88.07260820561287	1	8.395736743137832	949.0549387146662	1464	16	M+ACN+2H
88.07126300280488	1	162.85519587367386	946.2755405089962	1465	16	M+ACN+2H
87.57104276359276	1	100.84569188518354	947.3032485476019	1466	16	M+ACN+2H
88.06804208090847	1	29.745963760145422	948.9082445067257	1467	16	M+ACN+2H
87.56946962685087	1	4055.0039670179003	948.5218257040405	1468	16	M+ACN+2H
107.5812593292832	1	50444.149891557514	946.3770597903998	1470	16	M+2ACN+2H
108.58581253442514	1	10.886553642219102	945.9110144542983	1474	16	M+2ACN+2H
108.58118579464889	1	70.1473197773666	944.5878402345536	1475	16	M+2ACN+2H
108.08422615327318	1	106.85892408759973	941.8768970653557	1476	16	M+2ACN+2H
108.58449915497927	1	264.3319941554017	945.0058748027327	1477	16	M+2ACN+2H
108.08268187354932	1	5124.591014812141	943.3791141179059	1478	16	M+2ACN+2H
132.10189318160369	1	58808.620372334684	947.6612179554342	1480	16	M+H
133.10616856347852	1	37.8979312392884	945.954388165768	1482	16	M+H
133.09887086619221	1	177.33438156762972	945.5340158194593	1483	16	M+H
134.11168639536805	1	4.921371481507455	949.3237410171358	1484	16	M+H
133.10811951974912	1	90.94007602491186	942.1988373878789	1485	16	M+H
133.10524497192435	1	3701.214539002739	943.9592047444133	1486	16	M+H
135.10934660879258	1	11.654837743548516	944.6317968435251	1487	16	M+H
149.12874851720062	1	47919.772735158775	947.0894764091065	1490	16	M+NH4
151.13303192742043	1	213.10986289951705	948.5328308961724	1491	16	M+NH4
150.12547530709713	1	291.7365985732641	947.2368822662345	1493	16	M+NH4
151.1380191285389	1	6.344890415476269	945.020007039605	1494	16	M+NH4
150.1347511838756	1	86.15539268032884	949.782453721435	1496	16	M+NH4
151.12882542367404	1	25.886532932751738	943.2854703261355	1497	16	M+NH4
150.13176406660304	1	2772.8817457408404	949.3925430568461	1498	16	M+NH4
152.13610911059016	1	12.599838298028994	944.7614873942491	1499	16	M+NH4
156.08827554634354	1	196.81121159458638	945.7060814790013	1501	16	M+Na
155.08999049705952	1	74.96282554187503	943.6696379201765	1505	16	M+Na
155.08712534254286	1	3431.4748068626345	943.2980201534708	1506	16	M+Na
157.0915446991223	1	14.284913859033908	941.656365687103	1507	16	M+Na
156.09072762635188	1	96.13151720885719	946.742707180857	1508	16	M+Na
156.08446102005783	1	14.027985809705648	943.0347912360686	1509	16	M+Na
164.1280750880427	1	45871.01049806963	946.1914865978987	1510	16	M+CH3OH+H
166.13248713869794	1	297.51644147491686	942.4094879825675	1511	16	M+CH3OH+H
165.13225074865184	1	55.92040688361317	944.9479742104007	1512	16	M+CH3OH+H
166.1349353279611	1	127.33440669417477	946.5651544405325	1513	16	M+CH3OH+H
166.13765051454192	1	8.215847670886255	946.6368511319199	1515	16	M+CH3OH+H
166.12865332107248	1	14.336781825397516	946.3241161233827	1517	16	M+CH3OH+H
174.1256966361463	1	364.5329649998418	945.8002409184677	1523	16	M+ACN+H
175.13494963293323	1	179.82739798498386	944.4541561402548	1525	16	M+ACN+H
174.13481279417084	1	96.72344578314548	947.543023335632	1526	16	M+ACN+H
175.12864853197576	1	29.639435164408226	947.5666857827076	1527	16	M+ACN+H
176.13592265828578	1	21.503773241794384	947.1690536390489	1529	16	M+ACN+H
190.07853185454235	1	3659.9623039004696	965.2024520608004	1531	17	M+2H
189.57843852655026	1	752.8347777126232	964.04510692056	1532	17	M+2H
190.07972590434582	1	4675.66867582869	965.7207606455497	1533	17	M+2H
190.58034859632372	1	792.8907572276984	965.068873441529	1534	17	M+2H
189.5748850466076	1	4569.2306325009395	963.0200641249736	1535	17	M+2H
190.58174366583756	1	243.07507799459893	961.2010461065605	1536	17	M+2H
189.57797632436038	1	53065.58556906605	964.131252766149	1537	17	M+2H
190.07639169601424	1	667.4995781862578	961.2258175694318	1538	17	M+2H
189.57941562263986	1	643.0669922049999	963.6163171944298	1539	17	M+2H
198.59171113264705	1	3434.5149561717644	966.3519093663722	1541	17	M+H+NH4
198.0913460546023	1	611.6879504952765	965.6051495531633	1542	17	M+H+NH4
198.59274371579	1	3701.92316279504	964.0580132369608	1543	17	M+H+NH4
199.0937614995319	1	615.7198958244134	964.1779293543584	1544	17	M+H+NH4
199.09475234386076	1	226.50371779412762	961.0688898776874	1546	17	M+H+NH4
198.09155548459702	1	47771.96629104507	960.2640848106362	1547	17	M+H+NH4
198.59006060882373	1	819.6578098221961	963.5447420607902	1548	17	M+H+NH4
209.58967487151023	1	248195.00957227408	964.4593036478778	1550	17	M+ACN+2H
210.59161016947235	1	3747.0649102805924	965.3504472076249	1551	17	M+ACN+2H
210.09213274238786	1	774.911480617235	963.2178043575635	1552	17	M+ACN+2H
211.09303249068975	1	930.2915816376984	960.8557138500701	1554	17	M+ACN+2H
210.08840939460987	1	5066.233738597755	962.3141164420484	1555	17	M+ACN+2H
210.09274436890755	1	889.1769017217619	964.605684965936	1559	17	M+ACN+2H
231.10552118372206	1	3300.437699533787	962.6282237230253	1561	17	M+2ACN+2H
230.6049305121194	1	589.7654879888005	961.1742540966216	1562	17	M+2ACN+2H
231.60657576040174	1	751.7954070618171	961.2223011876355	1563	17	M+2ACN+2H
231.1059029549694	1	5731.030746445292	964.6977421472984	1564	17	M+2ACN+2H
230.60150812634723	1	6602.731452657099	961.0522830175648	1565	17	M+2ACN+2H
231.60760302020498	1	417.4338150345363	964.0629769367508	1566	17	M+2ACN+2H
230.6052345242515	1	74538.78261759772	964.0406447675047	1567	17	M+2ACN+2H
231.10334422990732	1	1257.0483907411613	964.0054468749667	1568	17	M+2ACN+2H
230.60622869817578	1	1047.8296547492866	964.0884661405232	1569	17	M+2ACN+2H
379.15023563325826	1	3859.942058947365	962.8485736330458	1571	17	M+H
378.14962474578016	1	657.5533309610187	963.932350527955	1572	17	M+H
380.15342099287386	1	651.6304865911563	966.2822895233479	1574	17	M+H
378.1424146852459	1	4771.456217769619	966.2330803310371	1575	17	M+H
379.1463014095948	1	922.8609045031208	961.3179148460353	1578	17	M+H
396.1767285782157	1	3565.5281080440495	963.3847213921124	1581	17	M+NH4
396.1786193445494	1	4404.650645088675	965.0957413548446	1583	17	M+NH4
397.17949809624366	1	690.3556826782827	963.7310453233331	1584	17	M+NH4
395.1694845940869	1	5192.849426767702	962.678201647448	1585	17	M+NH4
399.1275356072587	1	302547.1656274689	967.9387836261346	1590	17	M+Na
401.131780842731	1	3491.564751362441	962.179076544192	1591	17	M+Na
400.1318576665361	1	619.9509326484958	962.3382332228872	1592	17	M+Na
402.13573096978314	1	762.971853113509	964.784601332432	1594	17	M+Na
400.1245871425933	1	5337.94258121382	965.3068464415553	1595	17	M+Na
400.1306197251968	1	45128.378505191344	963.5972004465798	1597	17	M+Na
401.12820293582894	1	817.1931632932027	960.6399749388879	1598	17	M+Na
400.1329963109869	1	777.3532413790812	965.4423840158988	1599	17	M+Na
409.171421165264	1	297991.06764762785	964.2756323064854	1600	17	M+CH3OH+H
411.1759399134554	1	5213.807602859254	961.0755390009584	1601	17	M+CH3OH+H
410.16915292687503	1	4223.04089009573	964.1139714775519	1605	17	M+CH3OH+H
412.1796563831915	1	757.769548480793	962.783688153468	1607	17	M+CH3OH+H
411.17940841558624	1	5180.997187659384	962.4732476236884	1608	17	M+CH3OH+H
410.1774715057561	1	782.640308172042	964.9654544367381	1609	17	M+CH3OH+H
419.1762951111391	1	689.9081146753898	967.493073886529	1612	17	M+ACN+H
420.17853544858326	1	4992.483534180945	965.7867427663367	1613	17	M+ACN+H
421.17945273101975	1	627.777050715186	961.7112243155549	1614	17	M+ACN+H
419.1694668370505	1	3632.171866628902	961.9014256796977	1615	17	M+ACN+H
421.18213509298243	1	302.9462903072095	967.4538091476435	1616	17	M+ACN+H
419.17567441492923	1	64888.74985156707	964.3904538671634	1617	17	M+ACN+H
420.17224085862915	1	1038.1829639402945	962.8602991416249	1618	17	M+ACN+H
419.1784070616185	1	749.9448345360105	962.7640845937027	1619	17	M+ACN+H
63.02504882645541	1	13188.77254516843	1250.8788361525746	1626	18	M+2H
64.0270557035988	1	44.40371196074423	1249.6091060554386	1627	18	M+2H
63.523303208829056	1	45.236205316154205	1248.8133411737901	1629	18	M+2H
72.03863014000228	1	786.7078637556829	1253.070138789759	1631	18	M+H+NH4
71.53858748048106	1	132.2871270572754	1255.3218729588507	1632	18	M+H+NH4
71.53516542202496	1	1618.8933393014147	1248.3844189075126	1633	18	M+H+NH4
72.04148922217094	1	17.345950004886188	1251.4133097852266	1634	18	M+H+NH4
72.03675251375559	1	108.20581049981199	1253.0511643631287	1635	18	M+H+NH4
71.5396067425584	1	236.8792198310687	1247.139968301037	1636	18	M+H+NH4
71.53818350336489	1	12239.889792405796	1250.2135884508914	1637	18	M+H+NH4
72.54038623534382	1	51.10564237371504	1252.6738663699348	1638	18	M+H+NH4
72.03987719311434	1	325.63366896872884	1253.7071247152219	1639	18	M+H+NH4
83.03650799771613	1	186662.28670095053	1250.2504857174972	1640	18	M+ACN+2H
83.5384556600324	1	170.23269886031716	1249.3108426656331	1642	18	M+ACN+2H
84.0413501136965	1	19.01103784282106	1251.244116366086	1644	18	M+ACN+2H
84.03675249424816	1	120.48560186250359	1248.0572812558842	1645	18	M+ACN+2H
83.53971032362173	1	240.95480388943315	1252.742109853984	1646	18	M+ACN+2H
84.54055854080156	1	62.678768649015076	1252.7142110547284	1648	18	M+ACN+2H
84.04014012156901	1	744.3462445648212	1251.1955185037689	1649	18	M+ACN+2H
103.54987418525069	1	187623.4683506957	1248.9687473673735	1650	18	M+2ACN+2H
104.55175375042343	1	802.7628462221793	1251.9930172395057	1651	18	M+2ACN+2H
104.04836132180681	1	2826.628502464301	1250.2930089817744	1653	18	M+2ACN+2H
104.55438922167858	1	31.365520212982194	1250.5673590167746	1654	18	M+2ACN+2H
104.55011430533783	1	258.37250664219533	1251.44988172818	1655	18	M+2ACN+2H
104.05295822236805	1	303.9569932725667	1249.972869431292	1656	18	M+2ACN+2H
104.55309917746185	1	924.6414443952234	1250.7214125338699	1657	18	M+2ACN+2H
104.05151465698198	1	19672.719477762177	1253.4036231802083	1658	18	M+2ACN+2H
124.03917160149797	1	210825.40995622028	1253.7571170191463	1660	18	M+H
126.04372461231509	1	753.3863747762213	1251.4500212844218	1661	18	M+H
125.04373692270211	1	167.84828089287151	1252.0524900918174	1662	18	M+H
125.03607424773648	1	954.1861150440326	1251.2770898516892	1663	18	M+H
125.04552656173837	1	154.15784855895424	1251.370420585192	1665	18	M+H
125.04268373927765	1	13498.65502880011	1252.1191937974547	1666	18	M+H
127.04669980021391	1	63.23083474044266	1251.6813844254505	1667	18	M+H
141.06575462423018	1	177695.40047481755	1250.688981334615	1670	18	M+NH4
142.0628278891498	1	1410.6355529324844	1251.4594705011455	1673	18	M+NH4
143.07525790854532	1	15.306417268661619	1252.1267470867815	1674	18	M+NH4
142.06915255985632	1	11856.304653672078	1253.8101046520255	1677	18	M+NH4
144.07332427179287	1	52.64601796910312	1250.0513832327108	1678	18	M+NH4
143.0726343545003	1	419.81409160878457	1252.6407866462955	1679	18	M+NH4
146.02115114430848	1	217148.98527595325	1251.4472736563391	1680	18	M+Na
148.02557871824385	1	807.8874878639457	1252.022501958843	1681	18	M+Na
147.02555002273033	1	172.6844540118537	1249.4132319677317	1682	18	M+Na
147.01793145600698	1	812.4434321907247	1253.085229665959	1683	18	M+Na
148.02811152920088	1	361.9181292268204	1251.8367649822574	1684	18	M+Na
147.0246015259445	1	13301.82397933412	1252.0722928474722	1686	18	M+Na
149.02901009155167	1	61.6144945754792	1249.3792711258973	1687	18	M+Na
148.0289298869739	1	11.149390259485068	1248.5353052209193	1688	18	M+Na
148.0215933586544	1	47.296423914841505	1252.3889809411535	1689	18	M+Na
156.06527249367272	1	190268.41902026307	1247.2367812457603	1690	18	M+CH3OH+H
158.06588461940467	1	61.61036458912091	1251.6599918852294	1693	18	M+CH3OH+H
157.0627427097979	1	690.8517236659678	1250.2839794336553	1694	18	M+CH3OH+H
157.07177913073923	1	287.6312539682333	1252.8998338376637	1696	18	M+CH3OH+H
157.06879609949704	1	17200.81151958477	1250.3981079701089	1697	18	M+CH3OH+H
158.07216483067728	1	487.1700457328542	1253.2175663621438	1699	18	M+CH3OH+H
165.06605424045898	1	242816.54482589546	1251.4273835120337	1700	18	M+ACN+H
167.07001927668745	1	779.4295434665285	1253.5060057700114	1701	18	M+ACN+H
166.0698671226801	1	162.51545380805726	1248.4277826626187	1702	18	M+ACN+H
166.06303293127542	1	1373.5651484207945	1251.2454633485834	1703	18	M+ACN+H
167.07579750844224	1	20.50126149940783	1250.5152826695703	1704	18	M+ACN+H
167.0663668115479	1	124.5873713856859	1251.755814197695	1705	18	M+ACN+H
166.07231150434797	1	195.4379046062593	1252.4358314975152	1706	18	M+ACN+H
166.06930275341253	1	16414.981082358812	1252.942150256105	1707	18	M+ACN+H
168.0732835261269	1	75.07698563087865	1251.6354238982094	1708	18	M+ACN+H
167.07260038941297	1	665.3442263753916	1249.5893404431445	1709	18	M+ACN+H
70.53326268815972	1	700.9651688430497	791.7029225612478	1711	19	M+2H
70.0331999078033	1	139.45697849101117	794.9168389795747	1712	19	M+2H
70.03423435181274	1	151.25622957332618	792.0668155325047	1715	19	M+2H
71.03497854119992	1	50.3250140528512	792.5811152719577	1717	19	M+2H
78.04443877518321	1	214288.31813970272	792.670297243445	1720	19	M+H+NH4
79.04652999314762	1	601.1711022597253	788.575350149793	1721	19	M+H+NH4
78.54664863618552	1	107.87845737064168	789.2549741809827	1722	19	M+H+NH4
78.54293793959033	1	1473.788747648012	793.701201991932	1723	19	M+H+NH4
79.04928216541926	1	17.378652945381187	791.1307532819999	1724	19	M+H+NH4
79.0446518897866	1	94.89060524418038	789.5268571653747	1725	19	M+H+NH4
78.54747394050952	1	243.3617410025034	795.5661880271938	1726	19	M+H+NH4
78.54594984252553	1	12485.22476295737	793.321747229028	1727	19	M+H+NH4
79.0478543772275	1	415.25191258660004	795.3940242102449	1729	19	M+H+NH4
90.04439950398768	1	180603.6744950029	792.8186694497853	1730	19	M+ACN+2H
91.04655806958276	1	610.5571250065852	795.6539373754807	1731	19	M+ACN+2H
90.54293226622754	1	1071.8654105258952	789.7411093237806	1733	19	M+ACN+2H
91.0492589210347	1	19.48230497886863	789.5450576428547	1734	19	M+ACN+2H
91.04462957319696	1	101.94092882939356	790.6861451797158	1735	19	M+ACN+2H
90.54765630138154	1	195.68560261695106	791.8456969363848	1736	19	M+ACN+2H
110.55753645034875	1	151373.0628606817	791.6066537134919	1740	19	M+2ACN+2H
111.05977768640659	1	151.00218681930104	791.2822145554431	1742	19	M+2ACN+2H
111.05620854844086	1	1714.7090836392242	789.7383561055586	1743	19	M+2ACN+2H
112.06266527364565	1	38.244577424313135	792.6718812549692	1744	19	M+2ACN+2H
111.06092269896637	1	283.41267879064213	796.699175208287	1746	19	M+2ACN+2H
111.56110355177084	1	921.7216145700786	793.2112915774535	1747	19	M+2ACN+2H
111.059348086321	1	21726.108305161102	795.3418213954513	1748	19	M+2ACN+2H
139.05925802496316	1	121.29481239610982	791.4512841707228	1752	19	M+H
139.0517706330316	1	601.6066823057914	791.3299894003729	1753	19	M+H
140.06473208647938	1	13.965941498803799	793.4831269207905	1754	19	M+H
139.0611888674579	1	179.8765478848921	793.8399513713964	1755	19	M+H
139.05814298823347	1	12017.592567233936	794.1505628351321	1756	19	M+H
140.05549677432074	1	54.66273502377279	795.4254290972037	1759	19	M+H
155.08141275628208	1	155956.79142033277	789.6228899378839	1760	19	M+NH4
157.08581408549887	1	802.1722314927083	796.438757840697	1761	19	M+NH4
156.0853984305212	1	146.69377274382146	792.5041599995408	1762	19	M+NH4
156.07829128838165	1	1249.4366700322364	794.2575720145326	1763	19	M+NH4
157.0819389122904	1	113.44915098330878	792.468252279616	1765	19	M+NH4
156.08771560094155	1	204.9378837044345	790.3477089624796	1766	19	M+NH4
158.08900115088088	1	60.33455829679732	791.9687762185931	1768	19	M+NH4
157.08840184948053	1	453.53265073369846	791.7167013161427	1769	19	M+NH4
162.04111187099937	1	775.5574835173791	793.9297935595455	1771	19	M+Na
161.04111783328992	1	127.90467155568767	792.2370429995995	1772	19	M+Na
161.034064665105	1	629.1709577950934	792.8683828994655	1773	19	M+Na
162.04648297864418	1	8.660435599268448	792.0666203962332	1774	19	M+Na
161.04022754918546	1	14214.30063824391	792.1168427224078	1776	19	M+Na
163.04425766175794	1	58.22322553162766	788.3114377078384	1777	19	M+Na
162.04377123583484	1	368.4563665613829	789.6032959733074	1778	19	M+Na
172.0857491749944	1	1091.7124729188752	791.0657015095009	1781	19	M+CH3OH+H
171.0852862965047	1	197.99052521288513	795.544880893792	1782	19	M+CH3OH+H
172.08171954162066	1	60.90226361425412	794.1754081174425	1783	19	M+CH3OH+H
172.0910863741534	1	19.26802618221025	791.6136342743455	1785	19	M+CH3OH+H
171.08452470634037	1	17175.841555739262	793.4982893250982	1787	19	M+CH3OH+H
173.08890844326032	1	97.17863511194992	790.8460232718126	1788	19	M+CH3OH+H
172.08802801450284	1	589.9437830905784	791.4286319872863	1789	19	M+CH3OH+H
181.0858876892791	1	622.7509603318541	793.6845127321552	1791	19	M+ACN+H
180.0858976529946	1	109.10379924166907	794.6672222589484	1792	19	M+ACN+H
181.09092737737998	1	18.462762046151887	794.7683097651553	1794	19	M+ACN+H
181.0820247723934	1	138.0716379709736	792.4591565360715	1795	19	M+ACN+H
181.08836453174976	1	854.3562878441934	793.0401720236041	1799	19	M+ACN+H
