65.03090681977676	1	1056.2782736739075	808.210119963568	1	0	M+2H
64.52727574450444	1	1811.132336773901	805.9889409113487	3	0	M+2H
65.03361187335378	1	13.697253034315139	803.8721597922096	4	0	M+2H
65.02894441143037	1	134.44767299292832	809.495800704054	5	0	M+2H
64.53199146975992	1	210.17987435292102	806.9238845912829	6	0	M+2H
65.53251734868088	1	76.21069068671257	807.0130005711382	8	0	M+2H
65.03226126469482	1	297.30241111071604	806.6542605592598	9	0	M+2H
72.5420492712291	1	278312.4497857646	806.4378865014716	10	0	M+H+NH4
73.54413664674593	1	937.6727031783813	807.3616903251389	11	0	M+H+NH4
73.04069192140236	1	2908.865798247763	804.9985571348467	13	0	M+H+NH4
73.54543750102555	1	321.3046855714957	804.3405152638514	14	0	M+H+NH4
73.5421478801942	1	151.4710670564968	806.471470600266	15	0	M+H+NH4
73.04507100951975	1	328.5879316782123	809.9313526034125	16	0	M+H+NH4
73.54679427637191	1	18.806009193004833	805.9559961490515	17	0	M+H+NH4
74.04583497826178	1	52.43307819549982	808.6620531485999	19	0	M+H+NH4
84.5419564185117	1	255009.67159683755	804.7138184849887	20	0	M+ACN+2H
85.54400752258236	1	1073.8785382951062	808.8068251674624	21	0	M+ACN+2H
85.04414682400214	1	170.57611580795802	804.8691687477658	22	0	M+ACN+2H
85.0405845152592	1	2774.0869876109523	812.097164637098	23	0	M+ACN+2H
85.54668242890777	1	25.017003174982683	804.1032849333027	24	0	M+ACN+2H
85.54227567576686	1	193.02060776043277	803.6135495546803	25	0	M+ACN+2H
85.04511523293338	1	266.3821422149985	806.4386033185201	26	0	M+ACN+2H
85.54545311141177	1	637.2547062949299	808.8236222094391	27	0	M+ACN+2H
85.04358967070405	1	20141.327344004756	808.1554413936562	28	0	M+ACN+2H
86.04568412337582	1	96.24209174209207	807.9582895931446	29	0	M+ACN+2H
105.05545022600009	1	223707.8481758085	804.629682656446	30	0	M+2ACN+2H
106.05749976149698	1	978.15901959384	805.2891294648524	31	0	M+2ACN+2H
105.5536616780242	1	3516.3584021147967	804.418202056683	33	0	M+2ACN+2H
106.55896329245871	1	95.32171137892247	805.3365376903002	35	0	M+2ACN+2H
105.5583712606833	1	450.0267629934485	803.6543599402291	37	0	M+2ACN+2H
106.0601704134006	1	41.07803772696608	807.9281870325483	38	0	M+2ACN+2H
129.05427317247674	1	1104.7632366339594	809.5091861729077	41	0	M+H
129.05049878740726	1	99.79025497120526	806.0957552578855	45	0	M+H
128.05626944514233	1	185.78317279106437	804.9359900659196	46	0	M+H
128.05350341359062	1	13958.84200936946	809.5739432857996	47	0	M+H
130.0578220602898	1	54.848988154049124	804.4799562995928	48	0	M+H
129.05675961948256	1	282.8960144256694	803.6288769678612	49	0	M+H
144.07684440897805	1	255667.32357265498	808.0968368820487	50	0	M+NH4
145.08079108463545	1	206.5186647615007	805.3967504054335	52	0	M+NH4
145.07388811557152	1	2639.6625014328433	810.7993351320174	53	0	M+NH4
146.07706540344896	1	166.5554256051558	803.2143845579951	55	0	M+NH4
146.08647870817262	1	14.286458811937395	808.7634782231044	57	0	M+NH4
145.08008417063778	1	15386.44300295629	807.3987459569365	58	0	M+NH4
147.08436632810464	1	66.47364424269696	805.9250608862507	59	0	M+NH4
149.03227062850556	1	290800.19282671635	807.0419299878727	60	0	M+Na
151.03656971703714	1	960.1230759069114	808.7200971109378	61	0	M+Na
150.03629689026897	1	188.5976943447439	808.2560181524335	62	0	M+Na
150.02926183994794	1	2013.1450670649238	806.2033035307554	63	0	M+Na
151.03883268913475	1	304.12967453595206	809.0285960626803	64	0	M+Na
151.03266099936107	1	110.62167282894933	807.0471314254447	65	0	M+Na
150.0383607974434	1	172.15853043969096	805.6982368152521	66	0	M+Na
152.03985765030956	1	66.89054076621646	804.171424644999	68	0	M+Na
159.07620744981816	1	279659.5685697304	807.8275130466194	70	0	M+CH3OH+H
160.07365698010733	1	1783.34647296613	805.350950747014	74	0	M+CH3OH+H
161.08628977324108	1	19.939796866818476	809.2481568568151	75	0	M+CH3OH+H
160.0828565095998	1	379.46705540851343	804.6426619345384	77	0	M+CH3OH+H
160.0796093903688	1	14555.32352342929	808.370135036848	78	0	M+CH3OH+H
162.08404400123473	1	121.01385229637206	805.4575303665005	79	0	M+CH3OH+H
168.07679653334566	1	213798.39321580913	801.9107692797219	80	0	M+ACN+H
170.08077412687913	1	1095.0954658744683	806.582922073354	81	0	M+ACN+H
169.0807854739497	1	187.09528432750741	806.8156771431472	82	0	M+ACN+H
169.07347674759373	1	2855.7668321263363	809.7273475829257	83	0	M+ACN+H
170.0861497652927	1	21.764296786342594	807.6288229213076	84	0	M+ACN+H
169.08016547099754	1	16551.587801738362	805.7375645155425	88	0	M+ACN+H
47.0309130056098	1	189742.70715434782	1004.2137822195771	90	1	M+2H
48.033070620736844	1	990.773497310682	1009.6603545151657	91	1	M+2H
47.53313410699023	1	177.82443481830592	1009.1087475495408	92	1	M+2H
49.03527204582985	1	1.941537474929883	1006.5991323722426	93	1	M+2H
47.53416234256235	1	206.83055466033025	1006.9208928409183	94	1	M+2H
47.53272336508877	1	5120.172239993961	1008.7402107447003	95	1	M+2H
48.534804847778034	1	36.35305387064045	1006.0442034979302	96	1	M+2H
48.03470756606446	1	7.785255972818291	1010.6566607622032	97	1	M+2H
48.03433056487475	1	67.06994326082624	1007.1486348750949	99	1	M+2H
55.54416618081813	1	186286.26590436822	1007.5345801198474	100	1	M+H+NH4
56.54648528323218	1	913.9197084692838	1008.2768026166141	101	1	M+H+NH4
56.04632922606609	1	223.0359146922767	1006.2933670626437	102	1	M+H+NH4
56.04735824345782	1	282.1986940439347	1006.9452198134147	106	1	M+H+NH4
56.54750831159699	1	54.578952079259295	1011.2208598053084	109	1	M+H+NH4
68.5463896776284	1	951.9303479731304	1007.0432493925925	111	1	M+ACN+2H
68.04620686893313	1	225.56006333122173	1010.9177870297659	112	1	M+ACN+2H
68.04276174666552	1	553.589966225759	1005.4759528468263	114	1	M+ACN+2H
68.0474536958627	1	269.5093675904999	1008.3016189935934	116	1	M+ACN+2H
68.04599094680671	1	9484.294213342693	1009.3263859449315	117	1	M+ACN+2H
69.04797680282604	1	53.698837543367425	1009.1529327050728	118	1	M+ACN+2H
89.0597030462771	1	1140.705458518677	1007.9325887090014	121	1	M+2ACN+2H
88.55944714156696	1	167.57072625187809	1006.327652809253	122	1	M+2ACN+2H
88.5560141019123	1	1108.307776979013	1009.6633280530457	124	1	M+2ACN+2H
89.06236990667387	1	21.75969811092761	1008.6356450339669	125	1	M+2ACN+2H
89.05757971352618	1	86.04046711045471	1010.7757618431043	126	1	M+2ACN+2H
88.55919267063992	1	10992.812398635155	1006.9732699393052	128	1	M+2ACN+2H
89.06095194683984	1	377.6109339478273	1006.117486587982	129	1	M+2ACN+2H
95.05872373143386	1	1073.4481365527654	1007.241507663036	131	1	M+H
94.05875057569506	1	194.25780927542687	1007.1539782483245	132	1	M+H
94.06094176146223	1	170.56230804205927	1006.0529665540964	134	1	M+H
94.05790660570447	1	6968.608119870379	1008.1424989032174	135	1	M+H
96.06227469605419	1	36.90493937160325	1011.8882294850894	136	1	M+H
95.06217583930578	1	5.9563453592498705	1010.9194269185859	137	1	M+H
110.0812106152158	1	158383.2855303475	1005.5273069426119	140	1	M+NH4
111.08539110906165	1	183.69099953382792	1006.5782870877152	142	1	M+NH4
112.08158423987689	1	20.818377713939025	1006.3223557366067	143	1	M+NH4
111.07820786554562	1	633.1381512420363	1008.3390624146462	144	1	M+NH4
111.08463344640793	1	5539.3156616259785	1005.4282337072951	147	1	M+NH4
113.08867244968991	1	38.41270731617294	1008.5754671363713	148	1	M+NH4
112.08773210470501	1	57.11325667584832	1006.372260389322	149	1	M+NH4
115.0364787893186	1	141693.209483228	1006.5233722873311	150	1	M+Na
119.04506080461138	1	2.181026708559573	1005.6432347343509	153	1	M+Na
116.04293103770426	1	154.146723994096	1005.6401295588583	154	1	M+Na
116.03988518624823	1	5324.611483228985	1007.6030309084675	155	1	M+Na
118.04415781419404	1	34.21858865585256	1008.3489941196871	156	1	M+Na
117.0440013486556	1	6.640347556637954	1008.1572158266608	157	1	M+Na
117.04625855547586	1	5.838876249312075	1011.7898357094587	158	1	M+Na
117.04335830382351	1	59.98997896098182	1004.8144590201678	159	1	M+Na
126.08482186574967	1	226.8751718706186	1007.3261611760548	162	1	M+CH3OH+H
129.08928382461124	1	5.288897157983133	1011.2910240710255	163	1	M+CH3OH+H
126.0870187309416	1	267.750681976184	1006.2423835025553	164	1	M+CH3OH+H
127.08721461626553	1	109.75232515359443	1006.6425524770482	165	1	M+CH3OH+H
127.0884338268839	1	10.1463130446278	1005.9683310107429	168	1	M+CH3OH+H
127.09045437650144	1	10.282537101962529	1006.8580345498112	169	1	M+CH3OH+H
134.08136180692966	1	191717.60085726838	1008.0495409647873	170	1	M+ACN+H
136.085579906652	1	1037.3859871500538	1007.2133043645349	171	1	M+ACN+H
135.08549223482808	1	180.67595638537463	1007.7621082982423	172	1	M+ACN+H
136.0906793770652	1	12.16626401628019	1008.7873208590106	175	1	M+ACN+H
135.08761720759517	1	219.6668893126469	1007.0173695070395	176	1	M+ACN+H
135.0845965118723	1	8667.491717159317	1007.9113392077893	177	1	M+ACN+H
137.0887269189774	1	57.598783039367774	1010.2518918294465	178	1	M+ACN+H
74.08477411429284	1	2620.0695531265405	1387.2073945080326	181	2	M+2H
74.58339388687288	1	9.565631388885627	1387.4196789743437	182	2	M+2H
74.08929470364706	1	556.2816974824007	1384.2698961920178	183	2	M+2H
75.0914378921618	1	8.966360878337928	1384.2452939790032	184	2	M+2H
74.58644595105373	1	162.90855031613094	1384.3727513885297	186	2	M+2H
74.59103545952084	1	42.743253789771465	1385.6914350868171	187	2	M+2H
74.58953486121649	1	532.8849554078988	1385.9715436351482	188	2	M+2H
75.08795665163495	1	6.860461423847999	1385.2388192511726	189	2	M+2H
83.09648803186738	1	18.27285579544015	1387.190951836727	192	2	M+H+NH4
83.10118359645264	1	9.186347886666812	1384.5444254467814	194	2	M+H+NH4
83.09953268640166	1	285.0800926379759	1381.8618496894394	196	2	M+H+NH4
83.10426718957771	1	46.95023779593787	1381.9473663796668	197	2	M+H+NH4
83.10294794708727	1	627.860941585232	1385.4643114011878	198	2	M+H+NH4
83.60454747408508	1	9.613856659221247	1384.7911719614237	199	2	M+H+NH4
94.09944536947863	1	250871.03860781662	1385.7791647432878	200	2	M+ACN+2H
94.59806861552659	1	3381.7073009228675	1386.6104802801208	201	2	M+ACN+2H
94.60271658353838	1	701.5590644191669	1382.4335119675059	203	2	M+ACN+2H
95.60458351383409	1	28.795883366430118	1386.5045765420668	204	2	M+ACN+2H
94.60113278434362	1	21642.954995734108	1383.1144352580504	205	2	M+ACN+2H
95.10436410909743	1	67.65884591226444	1386.8050911527273	207	2	M+ACN+2H
95.10297619484717	1	1031.0875001086465	1385.5978157287725	208	2	M+ACN+2H
95.60135875187284	1	12.239489006442561	1384.2851603281872	209	2	M+ACN+2H
114.61264721352762	1	222821.18858685094	1386.5420466431303	210	2	M+2ACN+2H
115.60974234123326	1	28.770698339800063	1385.9816057069706	212	2	M+2ACN+2H
115.11579614670168	1	801.332082603101	1380.748893824086	213	2	M+2ACN+2H
116.11786369289759	1	45.59610080437394	1385.1520320332017	214	2	M+2ACN+2H
115.1144562222797	1	26906.104075445794	1385.5746819317233	215	2	M+2ACN+2H
115.613148992506	1	462.8076131952886	1386.0086347737056	216	2	M+2ACN+2H
115.61775177810226	1	74.0502155904385	1385.5811540437578	218	2	M+2ACN+2H
146.16513307799553	1	234683.792824064	1384.97403362503	220	2	M+H
148.1591332624802	1	9.746942687898493	1387.5953898869345	222	2	M+H
149.1754946843279	1	10.531866446114101	1386.808415995672	224	2	M+H
148.16545983329164	1	187.72802911866927	1388.4992082180045	226	2	M+H
148.1718292578502	1	597.0631113691484	1383.5555785406204	228	2	M+H
149.1687493681376	1	5.455661411615208	1385.0165461997483	229	2	M+H
163.19187533168608	1	225541.8235478621	1380.0883007115428	230	2	M+NH4
164.1976833242456	1	613.8897564159524	1385.5841824159106	233	2	M+NH4
165.1947497649374	1	8.485652219322114	1381.8852869293994	234	2	M+NH4
164.19498847412802	1	16875.96530153016	1385.0132545726024	235	2	M+NH4
165.19215695773477	1	203.23890623838204	1383.2358523507576	236	2	M+NH4
165.2011454690656	1	40.129968879411855	1385.3605056754072	237	2	M+NH4
165.19866842523066	1	606.8463728255649	1385.2424606503564	238	2	M+NH4
166.20207304337	1	11.06220251735731	1387.2311575678607	239	2	M+NH4
170.14098325308032	1	9.396820208185389	1393.059602295561	242	2	M+Na
171.1574535318614	1	8.771687044943423	1385.1862349403239	244	2	M+Na
178.19152039100828	1	220515.9556724584	1385.6401251436719	250	2	M+CH3OH+H
180.19540422542423	1	515.959397389196	1383.5113670148849	251	2	M+CH3OH+H
179.19523247813663	1	69.2929507837239	1382.5812168655689	252	2	M+CH3OH+H
179.18856329846204	1	2431.753332956937	1383.8982130246143	253	2	M+CH3OH+H
180.200583595727	1	59.11627393065956	1387.2924670609548	254	2	M+CH3OH+H
180.19799399355665	1	660.3537698261696	1388.0781747667068	255	2	M+CH3OH+H
179.1978810298917	1	625.20981444043	1386.930043442277	256	2	M+CH3OH+H
180.19174493315384	1	228.24518486242533	1386.6426523017117	257	2	M+CH3OH+H
179.19485028025434	1	19012.589637529116	1385.8050927469117	258	2	M+CH3OH+H
181.19911942095786	1	48.81707420276741	1387.633322050137	259	2	M+CH3OH+H
187.19162646051342	1	229504.76165896843	1387.8697334261674	260	2	M+ACN+H
189.1860461532568	1	19.590333404992307	1386.637866506058	262	2	M+ACN+H
188.1982677554472	1	618.7854446062875	1384.0675957638343	263	2	M+ACN+H
190.20183534410438	1	23.705237660615918	1386.318240323882	264	2	M+ACN+H
188.19500090096713	1	24761.45983687941	1387.512081378622	265	2	M+ACN+H
189.19835300327432	1	968.3744460731391	1387.670875842034	268	2	M+ACN+H
190.19543776012242	1	18.288500078406898	1385.5376711581787	269	2	M+ACN+H
136.04959470892356	1	4766.391905666106	930.6911364540689	271	3	M+2H
136.05097997911736	1	2546.012204927061	927.1207536259974	276	3	M+2H
136.551477418221	1	533.091404056276	925.9505345505771	277	3	M+2H
135.5508170670668	1	736.0491379540575	928.1269674106373	279	3	M+2H
144.5629743369141	1	5039.325900561454	923.2171934665922	281	3	M+H+NH4
145.06467905881408	1	618.0410363271673	930.1949618620478	284	3	M+H+NH4
144.05943528864964	1	8908.777356577923	927.8354424123889	285	3	M+H+NH4
144.0626066239458	1	55484.367085495694	927.0386281664117	287	3	M+H+NH4
144.56121899548694	1	1253.933305540491	926.8870991535628	288	3	M+H+NH4
144.06422064834132	1	947.0617549572618	924.1750455729159	289	3	M+H+NH4
156.56320694972334	1	5188.560043550414	927.2172920816784	291	3	M+ACN+2H
156.0632469472989	1	1215.2953320446993	924.1893079343806	292	3	M+ACN+2H
156.56426077834456	1	3875.9382752796373	923.9047180592597	293	3	M+ACN+2H
157.06454066632412	1	615.2843222743764	921.3318623798974	294	3	M+ACN+2H
156.05942838131395	1	9913.113044414298	926.3935262776189	295	3	M+ACN+2H
157.0656262803011	1	129.29044981185152	924.1925770150697	296	3	M+ACN+2H
156.06282277405765	1	74414.49614728901	924.800563222965	297	3	M+ACN+2H
156.56098929122166	1	1273.0893681600023	926.9775545280372	298	3	M+ACN+2H
177.07610962327945	1	4744.03071056262	926.636196696484	301	3	M+2ACN+2H
176.57662230564443	1	896.5703887782868	924.0074788938144	302	3	M+2ACN+2H
177.57817466889165	1	723.3896504850645	924.9633758685274	303	3	M+2ACN+2H
177.0777414468265	1	6193.318162547682	927.2520925426477	304	3	M+2ACN+2H
176.57266355401003	1	10326.565357131032	928.2795852837585	305	3	M+2ACN+2H
177.07423986603604	1	1828.992105879503	922.8598264423779	308	3	M+2ACN+2H
176.57725362116918	1	1128.8024127097478	924.2471681862509	309	3	M+2ACN+2H
269.088063814912	1	511723.10912864225	926.5767061967956	310	3	M+H
271.0954577454097	1	120.70797051204754	925.9456328876369	313	3	M+H
270.084994223192	1	9389.473848749823	926.8577499179352	315	3	M+H
271.09470781629483	1	2562.9763010030524	922.103834660674	316	3	M+H
272.0956934035441	1	606.6483951365169	926.4994252288192	317	3	M+H
270.09407811538557	1	852.5421503317052	922.5047398288107	319	3	M+H
287.11934993852526	1	838.7462697975534	925.4462620542522	322	3	M+NH4
288.12229726865695	1	115.16405432976926	928.1603154692551	323	3	M+NH4
287.11776343995064	1	53417.94102874096	925.5648819472068	324	3	M+NH4
287.1115623639141	1	9690.281005640662	929.581572165858	325	3	M+NH4
288.12139903897724	1	2371.0236083779587	928.0917951214574	326	3	M+NH4
289.12190308786006	1	530.4373179212463	923.7009681152568	327	3	M+NH4
288.11486965401474	1	928.5054473892557	926.8205378776325	328	3	M+NH4
287.1208647042089	1	1064.1113527945806	922.5113180527724	329	3	M+NH4
291.06998417758433	1	520573.3275694074	924.6387222643726	330	3	M+Na
293.07483332143687	1	4765.182560352957	924.4181959831684	331	3	M+Na
292.07383625628444	1	948.4933216845413	926.9012046654717	332	3	M+Na
293.07777545387296	1	112.04783738383955	925.7438177556598	333	3	M+Na
292.0732825014161	1	62755.86167870986	928.5197971079687	334	3	M+Na
292.0672752643625	1	7302.038357437366	923.1431227465816	335	3	M+Na
293.0762789568311	1	2676.6744971625167	925.0216472489741	336	3	M+Na
294.07707788639	1	537.4746290256535	929.3607002092843	337	3	M+Na
293.0710074539874	1	933.5776320192489	923.6897090847336	338	3	M+Na
292.0762355128751	1	798.735733211898	927.6643501559417	339	3	M+Na
301.1141159631706	1	576639.768025875	924.7969089372561	340	3	M+CH3OH+H
303.1188481428631	1	5844.937678077884	923.4990559493585	341	3	M+CH3OH+H
302.1187761284199	1	1099.8275758644093	926.3815788605982	342	3	M+CH3OH+H
303.1217224765773	1	155.9357251019954	926.2508313938124	343	3	M+CH3OH+H
302.11737237842834	1	62280.66145812016	922.9212777621544	344	3	M+CH3OH+H
302.1112096782599	1	6729.171238600538	925.7100754477442	345	3	M+CH3OH+H
303.1212178635743	1	3078.882010529094	921.9785989295979	346	3	M+CH3OH+H
303.1149108082612	1	782.1738201616791	928.6674097342883	348	3	M+CH3OH+H
302.1204536629774	1	1227.7551004809122	926.2495161726562	349	3	M+CH3OH+H
310.11415545282483	1	453343.1038098734	924.0056582763983	350	3	M+ACN+H
311.1189026541835	1	822.6686958318014	925.6806907387992	352	3	M+ACN+H
311.1176972563034	1	54350.05828470684	924.5507980843537	354	3	M+ACN+H
311.11151634099565	1	8759.948411761028	923.6599580544633	355	3	M+ACN+H
312.12119666523495	1	3926.8383906371946	924.3577320704358	356	3	M+ACN+H
312.1149381389775	1	1062.3822921135372	923.9614299937017	358	3	M+ACN+H
311.121025852696	1	905.3189509396121	924.0200432905053	359	3	M+ACN+H
60.54899854898703	1	401.19607162021185	922.4868628973577	361	4	M+2H
60.048900952939796	1	78.61720416157328	926.6841116824992	362	4	M+2H
60.04519724198052	1	343.8510848473827	922.1299253545525	363	4	M+2H
60.55160914010877	1	7.671187911033546	922.5371430138791	364	4	M+2H
60.04835365556495	1	6048.040488752479	926.3132231538086	366	4	M+2H
61.050644739487375	1	21.028908832072744	923.6530491791624	367	4	M+2H
60.550093995736404	1	128.67371377143462	924.036325364061	368	4	M+2H
60.54693189140517	1	22.778066323580536	929.099876303804	369	4	M+2H
68.06007720796843	1	98580.04806119409	923.8031030999026	370	4	M+H+NH4
69.06218645045125	1	478.4681868696658	923.0737957540108	371	4	M+H+NH4
69.0603159678612	1	39.68962709966093	923.6968909100034	375	4	M+H+NH4
68.5631901600759	1	193.28637466939404	922.8269464373324	376	4	M+H+NH4
68.56173718806619	1	5547.958599162572	923.8846730182745	378	4	M+H+NH4
69.56381919007919	1	22.73368781105091	924.219005070405	379	4	M+H+NH4
80.05999788282519	1	91167.35880564811	923.4049250076763	380	4	M+ACN+2H
81.062202000937	1	388.6205305097021	924.1547641382431	381	4	M+ACN+2H
80.56216945673488	1	88.17940592637196	923.7714979970967	382	4	M+ACN+2H
80.55869483226424	1	698.0980988655199	925.0235535645412	383	4	M+ACN+2H
81.0647990572773	1	13.345979245557508	923.8028441910421	384	4	M+ACN+2H
81.06024897662034	1	57.904360653783414	925.0398987632028	385	4	M+ACN+2H
80.56319816605587	1	149.8618498873067	922.7031440358375	386	4	M+ACN+2H
81.06329555503356	1	219.2872449842564	924.3656597972098	387	4	M+ACN+2H
80.56177648495675	1	7567.656185545337	923.8984363876049	388	4	M+ACN+2H
101.57552747895353	1	397.05872520707254	927.269656921145	391	4	M+2ACN+2H
101.0752919260184	1	94.20214253939226	922.3231160996805	392	4	M+2ACN+2H
101.07657148117156	1	221.71824679187188	927.5933543791882	396	4	M+2ACN+2H
101.57660956302061	1	367.01294473055094	921.918927367925	397	4	M+2ACN+2H
101.07493029833566	1	9748.55557765433	926.9926164447332	398	4	M+2ACN+2H
102.07737167292032	1	35.501884176531355	922.8663178772974	399	4	M+2ACN+2H
118.08618373405568	1	88927.52986743118	922.6440369164097	400	4	M+H
120.09032044431234	1	379.2199103338981	925.349481205536	401	4	M+H
119.0903653987724	1	73.87706592343093	924.9372174021172	402	4	M+H
119.08324744839469	1	318.4199083526525	926.9282254279944	403	4	M+H
120.09591511336158	1	8.00610837220751	923.4126903812859	404	4	M+H
119.09272165627073	1	135.13274238335475	925.8574855264427	405	4	M+H
120.09303268275879	1	116.01549985526378	923.8181816052445	408	4	M+H
120.08657390897358	1	18.223576622723428	925.7118700282238	409	4	M+H
135.1126086297145	1	101901.40447879785	921.3151024293613	410	4	M+NH4
137.11725487308306	1	411.96243366412426	923.5002355279303	411	4	M+NH4
136.10979737021952	1	814.9277546533889	923.2925470523833	413	4	M+NH4
137.12233710617764	1	9.188418333928366	923.5489751690025	414	4	M+NH4
137.11325465229586	1	47.603454881632416	921.4750835764916	415	4	M+NH4
136.1194236876027	1	138.71908697105172	922.5739564405134	416	4	M+NH4
137.11950523421837	1	96.61643492549732	925.0967053796405	417	4	M+NH4
136.11632267935138	1	5518.471653455865	922.5859682847353	418	4	M+NH4
140.06821252826558	1	99503.8161095007	918.5410169670321	420	4	M+Na
142.07259665308015	1	474.56659036444836	924.4560258506693	421	4	M+Na
141.06514685457785	1	402.29906056163355	925.4767562416496	423	4	M+Na
143.07576911644242	1	22.80362381830228	926.8453748042962	427	4	M+Na
142.074926447046	1	98.25084991919854	922.9332442021598	428	4	M+Na
150.11250899755987	1	113336.01151521533	922.6990786876182	430	4	M+CH3OH+H
152.11693997608384	1	602.5570658636487	923.782221519678	431	4	M+CH3OH+H
151.1165007836668	1	103.76651665346984	923.3828743619061	432	4	M+CH3OH+H
152.1128586019847	1	22.502623753034797	925.1834060850067	433	4	M+CH3OH+H
152.12209133147076	1	12.612569019218123	923.684596704109	435	4	M+CH3OH+H
151.1185992905709	1	195.03327381562875	922.8497113388316	436	4	M+CH3OH+H
151.11602468369932	1	6089.928653098777	924.8175082263713	438	4	M+CH3OH+H
153.11992675887012	1	41.11737975364788	926.7745893684289	439	4	M+CH3OH+H
159.11256008411794	1	107176.84826997224	924.3427162410272	440	4	M+ACN+H
161.12247767062755	1	11.740867863507045	924.6676539704799	444	4	M+ACN+H
160.11913714212633	1	184.27401326883586	921.8964630434018	446	4	M+ACN+H
161.11970260262677	1	281.68549174888375	922.086802386365	447	4	M+ACN+H
160.1162784830447	1	8722.521379846447	922.7661361086168	448	4	M+ACN+H
162.12011745819524	1	26.592782424603623	925.5569817808364	449	4	M+ACN+H
55.041559488954235	1	232954.27147010702	871.5951539808066	450	5	M+2H
55.54010400383635	1	1758.6163192634313	878.434352507726	451	5	M+2H
55.54474309500684	1	296.44869735077873	876.5618179736621	453	5	M+2H
55.54331549044055	1	14545.559093695636	877.3806905626861	454	5	M+2H
56.04651468902598	1	20.482349055704102	876.2444004730993	456	5	M+2H
56.04494070424974	1	463.1498770546294	874.9316311324441	457	5	M+2H
56.54671305627235	1	6.094616724475046	874.4548819353811	459	5	M+2H
64.05341289072382	1	2670.5413810513774	874.5831083480326	461	5	M+H+NH4
64.05799296779048	1	383.87837833910993	879.809613492563	463	5	M+H+NH4
64.05671423407782	1	14681.157981343764	879.0904233873492	465	5	M+H+NH4
64.5550991182309	1	165.06012352357374	876.005794371547	466	5	M+H+NH4
64.55982241120668	1	20.358455734205343	875.4339024783199	467	5	M+H+NH4
64.55832183714529	1	437.949766102096	879.2635655940848	468	5	M+H+NH4
65.056797872376	1	4.638365055403573	874.5255733129684	469	5	M+H+NH4
76.55200155017789	1	10.811895585900894	873.9944530318234	472	5	M+ACN+2H
76.05796880111934	1	436.10458480110003	877.9491625260368	473	5	M+ACN+2H
76.05659297821107	1	22212.207317738492	876.10982533875	475	5	M+ACN+2H
76.55519179535654	1	248.57576060657556	877.3001566484845	476	5	M+ACN+2H
77.05665350136523	1	10.213078738377822	876.0804578797139	479	5	M+ACN+2H
96.56673556899328	1	2965.480385369269	875.60143591544	481	5	M+2ACN+2H
97.06529075966948	1	18.10982007775712	877.5037906627515	482	5	M+2ACN+2H
97.57314155511496	1	32.835155449186594	877.6066284255666	484	5	M+2ACN+2H
96.56990012735	1	28230.526505959002	875.2231679755741	485	5	M+2ACN+2H
97.06816625070695	1	389.28016215341916	873.7965016588831	486	5	M+2ACN+2H
97.07297833008025	1	44.38659236733815	878.0050008843732	487	5	M+2ACN+2H
97.07153575856627	1	1064.6262806410994	875.6873815579768	488	5	M+2ACN+2H
109.07597882739324	1	263159.55001354276	874.4152475692383	490	5	M+H
111.07642197124693	1	114.87439274681849	873.7935848856775	495	5	M+H
111.08567814208182	1	19.912426874707045	877.6782389802892	496	5	M+H
112.08608450122718	1	5.75252106656533	879.3465792626141	499	5	M+H
127.0995975295401	1	2351.268457120124	877.9358888347924	501	5	M+NH4
128.0966608336456	1	9.1488489533462	875.9413337072829	502	5	M+NH4
127.10873996330949	1	275.13468163751367	874.1446002327243	503	5	M+NH4
129.11251278874272	1	5.680916155491492	875.971657527958	504	5	M+NH4
127.10589942505558	1	15818.55464616191	878.5635504351253	505	5	M+NH4
128.10936048267826	1	424.13354862572373	876.0444241939107	508	5	M+NH4
129.10630719610438	1	4.427682224421652	876.1438945954197	509	5	M+NH4
131.05793016822753	1	224893.75344795577	874.111779213251	510	5	M+Na
132.0549398174641	1	1744.4806713121714	874.8747636266223	511	5	M+Na
133.05212415252427	1	2.6573086374528936	871.0580248261647	512	5	M+Na
132.06132283932448	1	15209.687816759684	873.3589431819612	514	5	M+Na
133.05850187830907	1	105.66272985778147	876.9174410740811	515	5	M+Na
133.06749612946962	1	12.447965570223738	875.854458911413	516	5	M+Na
134.06784304110099	1	6.409074036369454	878.9985553063224	519	5	M+Na
143.10675497783475	1	411.12703146790204	871.9415699886046	521	5	M+CH3OH+H
142.10648836964816	1	89.15154411581311	875.1571174302877	522	5	M+CH3OH+H
143.11173534065108	1	29.116056755217272	871.5498334114835	524	5	M+CH3OH+H
142.10847748727016	1	320.91758521458286	879.4783620628011	526	5	M+CH3OH+H
142.1056440103679	1	15909.206570619855	877.6764071178353	528	5	M+CH3OH+H
150.10243514666126	1	183672.85703580652	875.6649147512292	530	5	M+ACN+H
151.0993611032171	1	2419.102860709163	874.0074470297133	531	5	M+ACN+H
152.09653294224262	1	7.01694086036545	873.8143896040978	532	5	M+ACN+H
153.11262511496213	1	17.85882178512155	877.4692594873983	534	5	M+ACN+H
151.10592503114955	1	20795.748092137066	875.8822529068541	535	5	M+ACN+H
152.10939956980624	1	861.9974317478798	873.6505085705543	538	5	M+ACN+H
117.06788838139127	1	57167.9012498686	941.5385168832897	540	6	M+2H
118.07015695569454	1	263.0837794578746	937.7713488378037	541	6	M+2H
117.57100745778811	1	112.70402200368002	943.7967457064972	546	6	M+2H
117.56966184679969	1	8998.213816036288	941.108154833476	548	6	M+2H
118.57169596903542	1	38.71986897768585	941.1626432142929	549	6	M+2H
125.58110248496934	1	68380.45578948627	942.8716543432537	550	6	M+H+NH4
126.58312115472005	1	240.61884481540335	942.7073824611713	551	6	M+H+NH4
126.08325381374799	1	45.89750624765129	943.9198374205299	552	6	M+H+NH4
127.08646313681452	1	22.2043814728663	938.8417346642224	554	6	M+H+NH4
126.58136960489	1	109.21786429239687	940.5957822881488	555	6	M+H+NH4
126.08425920714022	1	131.86752755135197	941.1931864644296	556	6	M+H+NH4
127.0849702747598	1	31.518211014316552	941.9822560755877	559	6	M+H+NH4
137.58130332219477	1	58243.04178958556	942.2921040109766	560	6	M+ACN+2H
138.58312763562455	1	258.4492969547562	938.1448359386474	561	6	M+ACN+2H
138.08335447651578	1	47.06264573571006	938.2605000141627	562	6	M+ACN+2H
138.0795183782479	1	673.8953196450669	941.7752159314468	563	6	M+ACN+2H
139.0861652967138	1	31.15901270875562	941.8677384637313	564	6	M+ACN+2H
138.58134175653714	1	119.3702815688449	939.614358649631	565	6	M+ACN+2H
138.58453314306178	1	788.9919270622648	940.650821085079	567	6	M+ACN+2H
138.08294916968012	1	10093.152318731258	941.075029500288	568	6	M+ACN+2H
139.08498274492885	1	42.316366075763554	942.723309025387	569	6	M+ACN+2H
158.09434682609202	1	51808.444434088575	944.8755164092507	570	6	M+2ACN+2H
159.09663665648299	1	241.47213061877716	945.5305941392456	571	6	M+2ACN+2H
158.59636871919585	1	43.14003512703451	940.3639375411717	572	6	M+2ACN+2H
159.09452127956604	1	187.68635563338097	938.6520664317248	574	6	M+2ACN+2H
159.59942082753315	1	54.31015839806107	938.9415655285192	575	6	M+2ACN+2H
158.5976682792645	1	128.6451774254621	941.9912381746238	576	6	M+2ACN+2H
159.09769976108834	1	934.383131415585	942.2618968195982	577	6	M+2ACN+2H
235.1323255995905	1	266.08931888139307	940.7523387615544	581	6	M+H
234.12567702659058	1	517.6375586162978	941.464795013554	583	6	M+H
236.138487396604	1	22.893664149595793	942.0071785370052	584	6	M+H
235.13510163125648	1	573.7438235840274	943.7879859652569	585	6	M+H
234.13175236856205	1	8163.200137474143	940.3296190696149	588	6	M+H
250.15544339711332	1	72251.14626505415	937.5567197693557	590	6	M+NH4
252.15913408886405	1	241.77001038441094	939.0044347015316	591	6	M+NH4
251.1595338012368	1	50.21511880780622	945.1792443494078	592	6	M+NH4
253.16495973023305	1	23.230309524629874	939.4743572879596	594	6	M+NH4
252.15541431849368	1	103.87174101885292	940.3379800734089	595	6	M+NH4
251.1608812636363	1	160.34548433250177	939.8006191256363	596	6	M+NH4
252.1616846267875	1	527.5162291176204	941.5204927365605	597	6	M+NH4
251.15844569247164	1	9797.34247018008	942.7862976173997	598	6	M+NH4
253.16293217884018	1	40.47437476616033	941.9692130652319	599	6	M+NH4
255.11037659666405	1	59261.970452671405	943.504755801017	600	6	M+Na
257.11460758770875	1	270.8935906793115	942.1135968895668	601	6	M+Na
256.107299493511	1	472.91206380410046	943.7837321893488	603	6	M+Na
258.1205419677142	1	22.96489435765363	941.7027119026569	604	6	M+Na
256.1165461873422	1	100.8329674518742	939.6332988412305	606	6	M+Na
256.1137627666934	1	8343.199188405515	941.362237842602	608	6	M+Na
258.1182699534019	1	39.53184441872018	939.8423520054288	609	6	M+Na
267.1588872229658	1	379.15068026279795	939.595784639985	611	6	M+CH3OH+H
266.1585847477873	1	62.31641242611976	942.4154330344426	612	6	M+CH3OH+H
266.1580815656473	1	7950.161677052653	942.0612484733456	613	6	M+CH3OH+H
266.15153237216515	1	462.3228799423799	946.2316278776054	614	6	M+CH3OH+H
268.16435937872797	1	28.07374441999879	940.4433141083246	615	6	M+CH3OH+H
268.16221394020386	1	58.407356178669424	942.0472573556245	616	6	M+CH3OH+H
266.160802803002	1	148.40990772967865	939.5378569221884	617	6	M+CH3OH+H
267.1610422299533	1	580.6398383247111	941.2917918343306	618	6	M+CH3OH+H
274.1549289500711	1	59349.82046082681	943.9442495946673	620	6	M+ACN+H
276.15889320467306	1	244.18690788108586	938.0910315062598	621	6	M+ACN+H
275.1590488350494	1	43.25965771769774	939.1534072773716	622	6	M+ACN+H
277.1653631219899	1	37.450935906107944	938.450783907722	624	6	M+ACN+H
276.16144917687154	1	741.5173031242771	943.724130680719	627	6	M+ACN+H
275.1586674967326	1	9765.034876623964	944.2167151226269	628	6	M+ACN+H
277.1628747318995	1	44.613494611149996	937.6169571785381	629	6	M+ACN+H
94.04144811399127	1	2640770.9557881374	1152.8756613721855	630	7	M+2H
95.0433860762547	1	11670.075750708997	1151.7235928410898	631	7	M+2H
94.54331293171357	1	1986.8819486612676	1151.8148724803225	632	7	M+2H
94.54450764074919	1	3501.031522406207	1149.9894488655082	633	7	M+2H
95.04510370271343	1	323.783518393337	1153.1313102130907	636	7	M+2H
95.04605022957453	1	534.2413891449045	1152.5846973211007	637	7	M+2H
95.0447070212787	1	27721.8896511503	1155.1359432410566	638	7	M+2H
103.55677101006405	1	10629.599774733957	1151.4350290836733	641	7	M+H+NH4
103.05662930699664	1	2426.683370881976	1149.9533049933884	642	7	M+H+NH4
103.0578358611502	1	4531.743595769304	1148.9278907642272	645	7	M+H+NH4
103.05645901815272	1	413568.40938803344	1154.5622119308684	646	7	M+H+NH4
103.55801312618914	1	21987.833957384424	1152.434417951013	648	7	M+H+NH4
103.55488023474646	1	1455.7975743652032	1151.4987262542331	649	7	M+H+NH4
115.05669763755046	1	2010.4266097150346	1156.1296647409904	652	7	M+ACN+2H
115.05315405666617	1	11313.92546557025	1149.290482982921	653	7	M+ACN+2H
116.05949065413108	1	1417.613222291672	1151.5594099588795	654	7	M+ACN+2H
115.0579544112609	1	4268.179355849667	1152.4359202560615	655	7	M+ACN+2H
115.05620851334453	1	402248.33987483464	1155.3500386983499	656	7	M+ACN+2H
116.05806467421985	1	1858.7754282052276	1151.4104417450299	657	7	M+ACN+2H
115.55777545687911	1	25702.959822877492	1151.7270727459174	658	7	M+ACN+2H
115.55487933918023	1	1753.1327927273262	1150.3287660098342	659	7	M+ACN+2H
136.0700185801253	1	10457.676256063205	1149.5700074760312	661	7	M+2ACN+2H
135.56999408124483	1	2459.7397049834644	1152.8091290225418	662	7	M+2ACN+2H
135.5663416462489	1	17737.637153395626	1150.316610613833	663	7	M+2ACN+2H
136.5731135082761	1	2103.836095899473	1151.9648768955526	664	7	M+2ACN+2H
135.57107667419123	1	4853.087958051209	1152.290990987781	666	7	M+2ACN+2H
136.0681731718636	1	3418.122018512126	1153.470808587107	667	7	M+2ACN+2H
135.569314344445	1	489066.4142843303	1154.448989895654	668	7	M+2ACN+2H
136.57167303192483	1	1895.7472593307702	1153.7933945977309	669	7	M+2ACN+2H
189.07950246435712	1	13372.828815758152	1149.7199648601172	671	7	M+H
188.07941259598545	1	2277.5718815300343	1153.9877817272811	672	7	M+H
188.08176919027557	1	3784.6258435284144	1153.66411953005	673	7	M+H
188.07836647413143	1	385664.30401402316	1156.1053306612546	674	7	M+H
190.0832044351247	1	1408.2344480481415	1150.920794775131	675	7	M+H
189.08309888781403	1	289.58225075650404	1153.2750915926972	676	7	M+H
189.08506016192243	1	446.13223654848235	1152.0787147456315	677	7	M+H
190.085493964321	1	664.6162651991948	1155.0855293655356	679	7	M+H
204.10208526232412	1	3220816.4747724007	1152.2586741988437	680	7	M+NH4
205.1059507804153	1	2072.1543699354515	1158.1696022657654	682	7	M+NH4
205.0987587947094	1	10143.408754503684	1153.4837974911554	683	7	M+NH4
205.10843135443847	1	4538.079099453527	1151.076199055965	685	7	M+NH4
205.10509003484177	1	339314.3806538952	1153.711805454448	686	7	M+NH4
207.10949925444783	1	1571.9538645322082	1153.1286283685943	687	7	M+NH4
206.10882591867215	1	18618.926742666612	1152.3640063073306	688	7	M+NH4
206.10192353553072	1	1337.3130062003327	1150.0897522682646	689	7	M+NH4
209.05761696391158	1	3051946.6760456916	1152.834033851067	690	7	M+Na
211.0618661575109	1	11376.232897723108	1153.9658385195046	691	7	M+Na
210.06138633502044	1	1966.1732985833066	1150.9946039763795	692	7	M+Na
210.06054223578874	1	395094.52538866166	1151.184869461021	694	7	M+Na
212.06488977463448	1	1557.7804879478795	1153.1423968621357	695	7	M+Na
211.06424370797694	1	282.5931844407778	1153.0453707037386	696	7	M+Na
211.06700987903417	1	435.0808257385531	1154.6273214695302	697	7	M+Na
211.06404204865188	1	22411.123077485547	1153.6333513284276	698	7	M+Na
212.06708127353244	1	723.9026484588259	1154.057677289031	699	7	M+Na
221.10583984675924	1	17889.33452219137	1153.4142878050684	701	7	M+CH3OH+H
220.1046367272481	1	383697.0155722418	1152.4558041409382	705	7	M+CH3OH+H
222.10919130952198	1	2125.4565658929832	1155.3617770811068	706	7	M+CH3OH+H
221.11110557028553	1	612.3431594845536	1153.7338346072092	708	7	M+CH3OH+H
221.1080981985227	1	23513.510123177373	1150.6279860247373	709	7	M+CH3OH+H
229.10609672326063	1	2024.7834454459926	1157.20439649631	712	7	M+ACN+H
229.09897538486626	1	8282.532717680448	1157.7530971211506	713	7	M+ACN+H
231.11235679497366	1	1325.4718972462895	1147.7019415190798	714	7	M+ACN+H
229.10802488160647	1	4167.242856653276	1153.303109764546	715	7	M+ACN+H
231.10918535575485	1	1781.5032830146122	1154.6568495264144	717	7	M+ACN+H
230.1086702779971	1	30812.8860654037	1152.4777397877697	718	7	M+ACN+H
230.10225517680666	1	1415.1643010454745	1150.730236276729	719	7	M+ACN+H
111.55226477944095	1	632213.1930944717	609.8703161385972	720	8	M+2H
112.5544453273177	1	8275.370479660367	613.0058935961035	721	8	M+2H
112.05428767634005	1	1304.5948286091907	612.9905284533074	722	8	M+2H
112.55556118154611	1	1931.0789378226782	611.2273099233023	723	8	M+2H
113.05594847397535	1	750.7326422833647	613.4675150941109	724	8	M+2H
112.05061266301153	1	2762.10681739381	607.5595737535303	725	8	M+2H
112.55232451912086	1	193.058863876579	611.966052322502	726	8	M+2H
112.0553400638085	1	1136.8159542836122	611.418774079162	727	8	M+2H
112.55600132653746	1	112.7570150724961	610.8071314486727	728	8	M+2H
112.05416232196046	1	66315.12060527915	610.7186977733007	729	8	M+2H
120.06555235883089	1	664055.4865825207	611.4467057921432	730	8	M+H+NH4
121.06741942635512	1	8323.721547125677	610.9063495445296	731	8	M+H+NH4
121.06590159106818	1	430.54627571166816	614.7081444101638	733	8	M+H+NH4
121.07034120216113	1	145.62008136304337	613.8504398983208	736	8	M+H+NH4
120.56736091270093	1	51772.35789243494	610.9855803681079	737	8	M+H+NH4
120.5685966629408	1	1405.5004771287945	613.2453664750069	739	8	M+H+NH4
132.5674650776836	1	1606.1532636892703	612.4449537329699	742	8	M+ACN+2H
133.06568559794817	1	472.6710295316467	613.5464590990347	743	8	M+ACN+2H
133.5692687139393	1	869.7582422174293	610.5644856691769	744	8	M+ACN+2H
132.5641152684337	1	5106.968725168075	613.9441199276787	745	8	M+ACN+2H
133.07029490442426	1	164.717275540155	614.2018297015352	746	8	M+ACN+2H
133.06880051358098	1	3757.67199547426	610.6300665752705	748	8	M+ACN+2H
152.5787427286619	1	635212.6450537728	609.1217979995978	750	8	M+2ACN+2H
153.08108587469857	1	1255.5016559047442	611.0435383566719	752	8	M+2ACN+2H
154.08266178635745	1	1195.2902019933615	612.9739643167194	754	8	M+2ACN+2H
153.07742808711293	1	8249.503179209052	613.0143818969011	755	8	M+2ACN+2H
153.58357042222357	1	258.2361391739606	614.1718882990666	756	8	M+2ACN+2H
153.08029779054922	1	87451.594643476	609.419618501133	757	8	M+2ACN+2H
153.0820082134719	1	1998.067046781633	614.5783766983687	759	8	M+2ACN+2H
222.09703369763074	1	575942.2550444598	613.827433368998	760	8	M+H
223.10160254129985	1	1652.8771571535212	611.1798330523985	762	8	M+H
224.10451832012816	1	150.03877266871163	615.3025312343307	764	8	M+H
223.09456257083497	1	2171.841346857995	612.9078290720572	765	8	M+H
224.0972745892804	1	193.41329761060493	609.993330727796	766	8	M+H
223.1033099783332	1	1228.924951423747	611.876585091047	767	8	M+H
225.10497146478855	1	649.026518278216	615.6327645042807	768	8	M+H
223.10058082816604	1	60634.05756104842	616.2126189371787	769	8	M+H
239.12417966931375	1	594202.1618287918	612.2202153460556	770	8	M+NH4
241.12791754245848	1	8612.16368144959	611.1124090760293	771	8	M+NH4
240.1279245519051	1	1580.1564019977243	612.1579482101288	772	8	M+NH4
241.12411454581724	1	388.7533137100942	610.7107034917246	773	8	M+NH4
242.13160082246304	1	728.7681095185643	612.0205663049348	774	8	M+NH4
241.13049820941984	1	2354.2641770712435	612.8894641330744	776	8	M+NH4
240.12718665030192	1	56753.09360830674	613.8491245072785	777	8	M+NH4
241.13116459672813	1	145.96184084541866	613.3904239694889	778	8	M+NH4
244.0790097440189	1	661994.3164506953	610.9255066457695	780	8	M+Na
246.08353999027804	1	7094.144687012067	611.1663099036479	781	8	M+Na
246.08551218858634	1	2045.1889290129836	612.8815065329242	783	8	M+Na
246.08651037623008	1	134.88081886195874	609.0904468193992	784	8	M+Na
245.07647659926118	1	2589.195965621884	611.6697976806914	785	8	M+Na
246.07965819032387	1	234.34695001730708	614.6053314692975	786	8	M+Na
245.08582107852092	1	1355.997772822004	611.4286672258182	787	8	M+Na
247.086330663235	1	753.9826007716166	613.6378653232891	788	8	M+Na
245.0828774253	1	59035.161734287976	614.2414890759868	789	8	M+Na
254.1236455785759	1	627679.0315870306	614.0776547491822	790	8	M+CH3OH+H
256.12784599011155	1	10572.110715637762	613.73837725698	791	8	M+CH3OH+H
256.13033281177593	1	3118.8602785874255	610.797110625593	793	8	M+CH3OH+H
257.13111095424154	1	1026.7313177139376	612.7173529091428	794	8	M+CH3OH+H
256.1240939716891	1	188.2247284145639	610.1512035623633	796	8	M+CH3OH+H
255.12958245236663	1	1390.67959829723	612.6405743204175	797	8	M+CH3OH+H
256.1306698264643	1	149.27855591647338	612.7798636475748	798	8	M+CH3OH+H
255.12689088793778	1	59691.1081663696	610.6746614490221	799	8	M+CH3OH+H
263.1233253503776	1	575078.740278809	612.9533211566126	800	8	M+ACN+H
264.1282076524509	1	1492.6065353473068	613.8550732623246	802	8	M+ACN+H
265.1241372063327	1	446.6404032316357	611.3571564817184	803	8	M+ACN+H
264.1208336925742	1	4673.211351695815	613.1012053817936	805	8	M+ACN+H
265.1307135596056	1	3553.378163643966	613.5415476540165	806	8	M+ACN+H
265.1313202680456	1	145.7985587486964	611.6648533118378	808	8	M+ACN+H
264.1300000063438	1	1373.1878514161008	612.4691343896625	809	8	M+ACN+H
76.53189526088921	1	30191.498921131526	461.45172063801897	810	9	M+2H
77.53405468514548	1	61.54944086582923	462.2364477150378	811	9	M+2H
77.03413261128688	1	12.813197229013882	462.79202673124206	812	9	M+2H
77.03043155779321	1	675.4254235925665	466.3084380025294	813	9	M+2H
77.03359492081529	1	1807.1454163851608	463.8224763721112	818	9	M+2H
78.03571346209453	1	3.021265906893542	461.47552332697944	819	9	M+2H
86.04736806208352	1	67.97559027215527	462.2707961465941	821	9	M+H+NH4
85.5473595846541	1	11.30135204688501	462.913910715783	822	9	M+H+NH4
85.54386054576375	1	757.0617870841919	457.3798774076126	823	9	M+H+NH4
86.04871401864568	1	40.08239718053248	462.1146965702527	824	9	M+H+NH4
86.04212501983201	1	6.250086625144475	462.35310877052984	825	9	M+H+NH4
85.5484069050787	1	29.082006867971852	463.25091217757534	826	9	M+H+NH4
86.04563889830727	1	36.573477882337	465.55664624431716	827	9	M+H+NH4
97.04537527075951	1	28989.22179695359	465.7395430858647	830	9	M+ACN+2H
98.04751797043475	1	60.77751935831371	466.0031189387122	831	9	M+ACN+2H
97.54725290875487	1	12.005977396158903	465.75307854187554	832	9	M+ACN+2H
97.54378889273897	1	539.0204624289361	464.53619629715774	833	9	M+ACN+2H
98.04208484314539	1	6.742906530459416	463.44212499425595	835	9	M+ACN+2H
98.04533324239554	1	50.189222431030714	463.21419651728047	837	9	M+ACN+2H
97.54705655960072	1	2269.7164881332806	461.844956587285	838	9	M+ACN+2H
98.54910494857576	1	4.26248395420968	460.8148340082139	839	9	M+ACN+2H
117.55833037189403	1	30888.370581373976	462.6797236378949	840	9	M+2ACN+2H
118.56064461840725	1	48.46146113775621	462.4620724061927	841	9	M+2ACN+2H
118.56180704692572	1	120.5476160740126	463.5474211914152	844	9	M+2ACN+2H
118.06178176828774	1	44.55252509033811	456.3065717222254	846	9	M+2ACN+2H
119.062525819487	1	4.452244352765874	459.53745030111355	849	9	M+2ACN+2H
154.06100041766018	1	57.40526773986441	464.04740661803737	851	9	M+H
153.06115664888677	1	10.82160434541354	466.78125070733245	852	9	M+H
153.05351664993663	1	617.8013638607548	461.16804459880217	853	9	M+H
154.0634015495156	1	36.971081959054864	468.0303016767654	854	9	M+H
154.05095438318645	1	4.464331665581782	461.6303611620281	855	9	M+H
153.06274794637562	1	18.77933761745236	461.06052230142507	856	9	M+H
154.05713475556308	1	32.92369836770879	464.5223339693205	857	9	M+H
169.08333866908328	1	28436.308394513097	460.4527207584469	860	9	M+NH4
171.08747539901398	1	66.14619468117417	459.6239035691982	861	9	M+NH4
170.08747865826697	1	13.029153834691407	459.302713589096	862	9	M+NH4
170.0894712928964	1	30.86987147844794	462.8342315063334	866	9	M+NH4
170.08643855115454	1	1492.5314595249322	461.7133687603916	868	9	M+NH4
174.03852199115943	1	32745.814880566355	461.3588567409078	870	9	M+Na
176.04274137156722	1	54.43279332117218	460.4420808369541	871	9	M+Na
175.04302880360882	1	10.775885022308666	464.30974021429336	872	9	M+Na
175.0356127019375	1	441.1753971263155	464.69816574737155	873	9	M+Na
176.03272280561018	1	3.944710165971242	462.1825614570669	875	9	M+Na
175.04479811649412	1	17.326145634965183	462.16156931175664	876	9	M+Na
177.04630421836865	1	4.02551577871324	459.2249007730556	878	9	M+Na
184.08314931492203	1	28167.785580941127	459.2348897752102	880	9	M+CH3OH+H
186.08707893911273	1	120.9852170149631	462.5713666348427	881	9	M+CH3OH+H
185.08698787990798	1	25.601062846896912	461.52135437746375	882	9	M+CH3OH+H
185.08015978810826	1	557.8677441935583	460.7630842737081	883	9	M+CH3OH+H
186.0894869723337	1	41.47234882360106	464.33095237608126	884	9	M+CH3OH+H
187.09070886448566	1	6.4795003237625535	460.8667956398236	885	9	M+CH3OH+H
186.07691353316721	1	4.01636886241721	463.4045799440683	886	9	M+CH3OH+H
186.08323042866147	1	28.413497816314216	462.8591728445519	888	9	M+CH3OH+H
193.08334989272674	1	29890.66783244559	461.53828261802875	890	9	M+ACN+H
195.08746791775505	1	57.25223897403096	462.0777166035308	891	9	M+ACN+H
194.0871082725225	1	10.546661660878655	460.06156719929197	892	9	M+ACN+H
194.08037885416186	1	624.2136597895627	461.285692341674	893	9	M+ACN+H
195.07703196703446	1	6.110510116610955	460.8707091625986	895	9	M+ACN+H
194.09001579031982	1	27.046650007755975	463.6757068203256	896	9	M+ACN+H
195.0833873386855	1	44.939885761978516	461.85251379354094	897	9	M+ACN+H
194.08663734851112	1	2144.663716628828	464.4428206754714	898	9	M+ACN+H
196.09074039665597	1	4.951747038058024	464.18418272095505	899	9	M+ACN+H
85.54426413796372	1	32492.117047567168	863.0388213250415	900	10	M+2H
86.0463720293061	1	41.52902846439982	865.8375751495317	902	10	M+2H
86.54454335724793	1	13.245146628984019	865.8075197597751	903	10	M+2H
86.04262970893632	1	136.22702989724118	862.4969320624378	904	10	M+2H
86.04588518144168	1	2939.94873314089	862.9158849216764	907	10	M+2H
87.04795220083334	1	18.794257521280958	860.3806724936367	908	10	M+2H
86.54749083321349	1	138.92704929464614	865.0069864477082	909	10	M+2H
94.05756205656536	1	35502.443069715104	865.4680169973892	910	10	M+H+NH4
95.0595760035989	1	213.8385366042101	865.488147664748	911	10	M+H+NH4
94.55964524487298	1	44.62935970788137	864.1423664646647	912	10	M+H+NH4
95.5611770694551	1	19.300858708442714	863.1466706727897	913	10	M+H+NH4
94.55617640494523	1	223.27030627886816	861.9900294213128	914	10	M+H+NH4
95.05771974857758	1	23.75536022380265	864.5007327894452	916	10	M+H+NH4
94.56065802317056	1	63.70007822238093	864.8517807770988	917	10	M+H+NH4
106.05740749319668	1	32510.63915754983	862.692056250966	920	10	M+ACN+2H
107.0595612337721	1	195.20427203848766	861.7328110781028	921	10	M+ACN+2H
106.55948512073164	1	43.94322266993984	861.8335579500679	922	10	M+ACN+2H
107.56126146129414	1	19.97275608685172	868.5525565991202	923	10	M+ACN+2H
106.55602265533271	1	298.182423784189	862.6119653349422	924	10	M+ACN+2H
107.06242566190244	1	6.939212514410816	864.4344766069669	925	10	M+ACN+2H
106.56064683956401	1	64.30389287431514	861.0392483017071	927	10	M+ACN+2H
106.55912366743739	1	3762.0879835882765	864.3376965621634	928	10	M+ACN+2H
107.06091928834002	1	185.43693142098022	863.2258645178937	929	10	M+ACN+2H
126.57084514043339	1	32970.4969101053	863.8484852948756	930	10	M+2ACN+2H
127.57278410508373	1	221.86475491907095	863.2159315346328	931	10	M+2ACN+2H
127.0727647657503	1	40.884084847436725	858.0889279831343	932	10	M+2ACN+2H
127.07244745667721	1	3755.596700910142	863.7107985531953	933	10	M+2ACN+2H
127.0694520422453	1	369.31829884693144	863.8669576183498	934	10	M+2ACN+2H
127.575446473481	1	9.033858780763891	865.1000912897637	935	10	M+2ACN+2H
127.57409345977598	1	281.8726511313692	867.1096617309265	936	10	M+2ACN+2H
170.0810467041941	1	35738.22520276992	862.0209114736602	940	10	M+H
172.08550558996794	1	255.2974514148824	862.7591471805334	941	10	M+H
171.0854504413324	1	40.286297217992804	860.4620699230838	942	10	M+H
172.0819395964612	1	11.487907734896101	864.5692768126155	943	10	M+H
171.07831454328402	1	158.18385940385258	866.6641157384589	944	10	M+H
172.09088597364706	1	4.703584862394654	861.9327710634082	945	10	M+H
171.08752086675898	1	46.953867548983354	867.8815726436843	946	10	M+H
171.08485184940227	1	2823.442879240941	862.8398455185647	947	10	M+H
173.08881096229172	1	22.188400434029333	863.8598258235124	948	10	M+H
172.0881141059838	1	112.82362899954482	867.3394054744781	949	10	M+H
188.11161011747657	1	44.03413242515787	865.9230432353808	952	10	M+NH4
190.11522081779245	1	20.27646496105895	860.5430742308655	953	10	M+NH4
189.11737255442623	1	5.562778179794172	865.1141226874811	955	10	M+NH4
189.1082598409505	1	26.01081925409074	863.6726139094873	956	10	M+NH4
189.11462443524468	1	104.13923603632927	863.9381247761631	958	10	M+NH4
192.0626167131071	1	38001.82763392891	865.9359541538246	960	10	M+Na
194.06748757792647	1	246.61744732808586	864.6825330979185	961	10	M+Na
193.06747241177908	1	45.84595860266363	863.8139338432599	962	10	M+Na
193.06019943124866	1	134.38096940950172	863.1998232369524	964	10	M+Na
193.06676837088273	1	3048.925847646126	865.2108894083351	967	10	M+Na
194.06976075748227	1	127.02752413918513	863.5949693616617	969	10	M+Na
202.10726872769038	1	46743.898412259165	865.8348310144322	970	10	M+CH3OH+H
204.1116138327208	1	343.3738842736615	862.2897103427794	971	10	M+CH3OH+H
204.1078864492402	1	11.893538815871514	863.7061593438708	973	10	M+CH3OH+H
203.1044037753082	1	122.17781096523734	866.1942140778427	974	10	M+CH3OH+H
204.117227299031	1	6.07527732799969	865.4426390909283	975	10	M+CH3OH+H
204.1140325049114	1	129.81154041761124	863.0386998411059	977	10	M+CH3OH+H
203.11079654690204	1	3335.6892478804357	864.5686337338248	978	10	M+CH3OH+H
205.11533665620985	1	33.30187510547649	865.2326778886656	979	10	M+CH3OH+H
212.11192860039677	1	37.78779304107076	864.6820176855814	982	10	M+ACN+H
213.11710341514384	1	6.667142669837765	864.1280640213555	985	10	M+ACN+H
213.10838279327848	1	27.809583838429894	866.7386210868708	986	10	M+ACN+H
212.1135816000554	1	69.07020073206733	862.9357198505068	987	10	M+ACN+H
213.1143195136985	1	175.32260837940905	863.5637671319987	988	10	M+ACN+H
212.11076396181113	1	3714.135475557236	862.7304946992805	989	10	M+ACN+H
99.50494051953685	1	49330.89869391991	1289.7038313560502	990	11	M+2H
100.5049696190712	1	10450.228194098097	1290.8043825869865	991	11	M+2H
100.50717241195515	1	183.41976572378448	1292.057445205894	992	11	M+2H
101.5072589346153	1	48.48081653293048	1289.275765192777	993	11	M+2H
100.5084119503172	1	56.363879368860616	1293.7803606454502	997	11	M+2H
101.00684351104329	1	487.36466563135997	1289.360516923054	998	11	M+2H
108.01833411080688	1	50181.75471929663	1291.1433007605617	1000	11	M+H+NH4
109.01843425186021	1	10492.03636951681	1290.588074137874	1001	11	M+H+NH4
109.020615497208	1	214.78526953967855	1293.148927863051	1002	11	M+H+NH4
108.5204838978575	1	37.26943508171551	1290.5537718849594	1004	11	M+H+NH4
108.52001901597136	1	2469.2825020286064	1289.615774949955	1005	11	M+H+NH4
109.51989265240923	1	503.40195592950363	1290.192226830523	1008	11	M+H+NH4
121.01837526645201	1	9110.916657059885	1292.1687311260641	1011	11	M+ACN+2H
121.02036212438189	1	225.1878936140683	1288.1525866703587	1012	11	M+ACN+2H
121.02180723355083	1	102.06518478308787	1292.0903953780178	1013	11	M+ACN+2H
120.52025804521759	1	37.78209950426053	1290.690243515846	1014	11	M+ACN+2H
120.5201191788632	1	4068.5937302526913	1285.9140950652134	1015	11	M+ACN+2H
121.51696641456887	1	74.29786586861287	1288.8357699254807	1017	11	M+ACN+2H
120.52134513766565	1	92.00536235806486	1289.897183786192	1019	11	M+ACN+2H
140.5317099833638	1	54967.2427231907	1289.8073255445875	1020	11	M+2ACN+2H
141.53174164829525	1	8100.480511125546	1289.4758698814514	1021	11	M+2ACN+2H
141.53194773176676	1	53.53561510725193	1290.9827159618667	1023	11	M+2ACN+2H
141.53488836471408	1	187.8304827840667	1296.0377278176543	1024	11	M+2ACN+2H
141.03322629837987	1	4212.318263046578	1288.2327073416066	1025	11	M+2ACN+2H
141.03458423570746	1	95.7651978712411	1287.8179158536732	1029	11	M+2ACN+2H
198.00323451966355	1	64338.919201523895	1290.3939018098995	1030	11	M+H
200.00288042599163	1	7908.350907434192	1288.9849889633365	1031	11	M+H
200.00696401160857	1	214.6170678705898	1292.7367987267567	1032	11	M+H
202.0070845936451	1	37.32407967542949	1289.648237101126	1033	11	M+H
199.0066648572588	1	39.16703128575716	1286.3014815443005	1034	11	M+H
199.0064225082868	1	2881.0827429037513	1289.0222418968522	1035	11	M+H
198.99975239023314	1	208.26937420410528	1292.7496596438355	1036	11	M+H
200.0094762973261	1	56.30106694625993	1291.8793526795691	1037	11	M+H
199.00913203258148	1	76.53728415364647	1290.9270506936855	1039	11	M+H
215.029419081905	1	43335.758319800894	1288.2342406914818	1040	11	M+NH4
217.0292736333295	1	8772.29767846839	1286.670560025048	1041	11	M+NH4
217.0361376273543	1	64.36900367925192	1293.7445830257439	1043	11	M+NH4
216.03345269473854	1	43.79858379892108	1288.2332276761038	1044	11	M+NH4
218.0264194797255	1	80.4764815807961	1290.7895695053558	1047	11	M+NH4
218.03255423899648	1	461.32735797366485	1290.553198687113	1048	11	M+NH4
216.0356055777913	1	97.21950286058053	1288.3677511994224	1049	11	M+NH4
220.98174353643282	1	223.4015095862695	1292.9508561792543	1056	11	M+Na
222.98806739229204	1	559.1284878883938	1290.6813900839745	1058	11	M+Na
220.99106029190116	1	61.884193988526306	1289.926353867356	1059	11	M+Na
230.0286876943803	1	51942.50155023863	1290.2360714982867	1060	11	M+CH3OH+H
232.02896071824787	1	10258.684994479841	1290.365114211381	1061	11	M+CH3OH+H
232.03335576932352	1	329.65633184979015	1293.4182003733104	1062	11	M+CH3OH+H
234.03351756894034	1	53.30635351785021	1291.5619112433887	1063	11	M+CH3OH+H
231.0318178551443	1	3043.5976981889517	1291.085693130281	1065	11	M+CH3OH+H
232.03566841558435	1	87.2543574735547	1290.0203464307324	1067	11	M+CH3OH+H
233.0325677174106	1	518.5159001164864	1291.7693195621844	1068	11	M+CH3OH+H
231.03522077619954	1	102.59937016869418	1293.4322612044452	1069	11	M+CH3OH+H
241.0301769639323	1	8183.07324157929	1290.6987430825366	1071	11	M+ACN+H
241.0337295017953	1	206.8764206660972	1290.9479346645776	1072	11	M+ACN+H
241.03602607672232	1	141.21579921558998	1294.0426867506842	1073	11	M+ACN+H
240.033505237547	1	33.668979208094456	1288.6287586715969	1074	11	M+ACN+H
240.03283021202935	1	3978.1537630532616	1293.5153151670097	1075	11	M+ACN+H
240.02594875994149	1	348.61084100811576	1287.7861606422468	1076	11	M+ACN+H
242.02681596395678	1	69.49896554194898	1286.9600193269864	1077	11	M+ACN+H
75.53256993011641	1	650690.7366050498	1155.5815414267747	1080	12	M+2H
76.5306185438066	1	23879.888617844474	1155.726887114492	1081	12	M+2H
76.03247382729569	1	4768.576272684009	1158.5009574156236	1082	12	M+2H
76.53620510703999	1	952.0967951075846	1154.4066674814178	1083	12	M+2H
76.53485883492384	1	2833.021355661457	1158.8122429785412	1084	12	M+2H
77.03234431530124	1	1594.489131815761	1155.7397419536592	1085	12	M+2H
76.03450882964516	1	35116.50350189163	1156.6518212422448	1086	12	M+2H
76.03585143917155	1	969.9296015150215	1156.5103533885665	1088	12	M+2H
84.04602029990488	1	626325.793010965	1158.0859209834712	1090	12	M+H+NH4
85.04415072275603	1	25636.488832185063	1154.3948734355022	1091	12	M+H+NH4
84.54581350037901	1	4984.821255334645	1154.255274537992	1092	12	M+H+NH4
85.54574869651812	1	1409.1106040420527	1151.6154667768374	1093	12	M+H+NH4
85.04829761147536	1	2169.1063360163157	1157.4089634148659	1094	12	M+H+NH4
84.54782701122477	1	37797.071221149374	1156.3994701005258	1095	12	M+H+NH4
85.04945123430909	1	702.6716753833467	1154.475644098708	1096	12	M+H+NH4
84.54931720837325	1	1183.6972190347053	1154.514492032139	1098	12	M+H+NH4
84.54463010057059	1	4339.728271457119	1157.340981630365	1099	12	M+H+NH4
97.04392155590477	1	31713.30841006088	1157.7638639129354	1101	12	M+ACN+2H
96.54581405867908	1	4997.944381293079	1156.7123183477713	1102	12	M+ACN+2H
97.54566520023114	1	2249.577370655397	1159.227309764517	1103	12	M+ACN+2H
97.0482221563569	1	2545.414846512946	1156.7584456661855	1104	12	M+ACN+2H
96.54765150841205	1	47645.981515681946	1160.0234817783019	1105	12	M+ACN+2H
97.0496241090005	1	1692.4194980059603	1157.6659414816352	1106	12	M+ACN+2H
96.54847572977104	1	391.16581900420493	1158.543763042825	1107	12	M+ACN+2H
96.54914321499699	1	1294.69970528222	1156.6932547247093	1108	12	M+ACN+2H
116.55959113399811	1	583316.5966257759	1159.6331242497445	1110	12	M+2ACN+2H
117.55698601645314	1	30474.73456214926	1155.2657805013093	1111	12	M+2ACN+2H
117.05916033546133	1	5806.265369874237	1157.7446763680264	1112	12	M+2ACN+2H
118.05892664160083	1	2778.402224375606	1156.289458938034	1113	12	M+2ACN+2H
117.5614747614069	1	3399.940611788481	1156.1015985545637	1114	12	M+2ACN+2H
117.06108946037956	1	50904.543671462314	1156.1343754393447	1115	12	M+2ACN+2H
117.56260244668483	1	2327.147477557391	1155.4107977288763	1116	12	M+2ACN+2H
117.0625840646223	1	1614.7368021580282	1158.9757432308138	1118	12	M+2ACN+2H
117.05779249094454	1	6505.57200054658	1153.962657719713	1119	12	M+2ACN+2H
150.05852677850717	1	671736.1797737613	1154.5010879134875	1120	12	M+H
152.05403106631945	1	27778.49240966644	1155.106187560281	1121	12	M+H
151.0577605976504	1	5073.397702643753	1159.104969776104	1122	12	M+H
152.06530651649075	1	812.6955488274726	1158.0515340764118	1123	12	M+H
152.06233845257188	1	3078.687059331974	1156.0141778509887	1124	12	M+H
153.05736629669912	1	1511.7807127717347	1154.2262881985257	1125	12	M+H
151.0617105398105	1	27496.066871955893	1156.731578645063	1126	12	M+H
151.0624805655761	1	510.6106427904391	1157.3497091787458	1127	12	M+H
151.06467348132065	1	914.0282613804914	1158.8895372858499	1128	12	M+H
151.05523403607782	1	2665.5647434793877	1155.3122419909366	1129	12	M+H
167.08503750540896	1	635377.3171324866	1158.511836552837	1130	12	M+NH4
169.08064275764795	1	29870.39519644492	1155.5372585453288	1131	12	M+NH4
168.084214462977	1	5358.657493210807	1155.8583038778395	1132	12	M+NH4
170.08420095302182	1	1724.2233481648157	1159.9685255546935	1133	12	M+NH4
169.08907501278637	1	2291.750900595007	1158.4040952116068	1134	12	M+NH4
168.0882134965168	1	33314.52277625814	1152.2819085494104	1135	12	M+NH4
169.09162292206332	1	750.8048871468527	1156.483749728048	1136	12	M+NH4
168.08895278503152	1	468.1549001966436	1154.1987843404697	1137	12	M+NH4
168.0817203678434	1	4448.410386521491	1155.1206979243416	1139	12	M+NH4
173.03977114303294	1	3888.2399165709235	1156.8679678744352	1142	12	M+Na
174.0446426961638	1	3117.376892318493	1157.4575664604356	1144	12	M+Na
175.0396435681405	1	1779.9367646287712	1156.99678393871	1145	12	M+Na
173.0467542732319	1	884.455874996582	1158.9394102214403	1148	12	M+Na
173.03732290937964	1	1940.0134610659766	1156.264211100473	1149	12	M+Na
184.08055171948916	1	30669.87319048808	1157.8845634674778	1151	12	M+CH3OH+H
183.08390985758965	1	5780.906425813922	1151.7554597246542	1152	12	M+CH3OH+H
184.08885048184746	1	4573.417564686661	1160.9783558402617	1154	12	M+CH3OH+H
183.08816954781744	1	49056.1673773498	1155.7139657929351	1156	12	M+CH3OH+H
183.08846586012137	1	856.2575284077334	1155.4234884515297	1157	12	M+CH3OH+H
183.09090767660064	1	1041.7351801431846	1155.7106615272064	1158	12	M+CH3OH+H
183.0817734859471	1	2390.938255129015	1154.5840826764097	1159	12	M+CH3OH+H
192.08444309912227	1	5366.96693514085	1155.4086486001472	1162	12	M+ACN+H
194.08436181334295	1	2338.5903701402	1155.4770577134304	1163	12	M+ACN+H
193.08919948632695	1	2696.5962008904307	1154.3664477536588	1164	12	M+ACN+H
193.0917575387627	1	1447.1988779109438	1157.342029969992	1166	12	M+ACN+H
192.0891594351424	1	409.2711205256191	1158.2119904529966	1167	12	M+ACN+H
192.09105301334313	1	972.488123544159	1155.4615803329611	1168	12	M+ACN+H
103.05219278556584	1	236880.25053836478	952.9276971117648	1170	13	M+2H
104.05441897016877	1	994.579951415635	950.8484708725031	1171	13	M+2H
103.55434666246644	1	178.3157514400903	950.5215227803068	1172	13	M+2H
104.55729280948255	1	49.44581904918018	948.4966826105788	1174	13	M+2H
103.55521016182793	1	326.1069553906985	950.7706928759325	1176	13	M+2H
104.05562972072168	1	1634.6350858205135	951.2313701629804	1177	13	M+2H
103.55374117009485	1	29028.95740893243	951.4451119817663	1178	13	M+2H
104.55610907709895	1	124.69460264865133	950.8709335503057	1179	13	M+2H
111.56556120840114	1	236027.25794737588	949.0133669934254	1180	13	M+H+NH4
112.56759653179773	1	1055.5812289490611	947.985858702321	1181	13	M+H+NH4
112.06386390904456	1	2938.282373429338	952.5591610308412	1183	13	M+H+NH4
112.57022687041088	1	54.438880072417525	950.8332777664782	1184	13	M+H+NH4
112.5655362381366	1	335.9096693570395	948.0856959761669	1185	13	M+H+NH4
112.56876604214793	1	1247.691263419048	954.543089614061	1187	13	M+H+NH4
123.5655087695317	1	257964.5805847776	951.8834467434999	1190	13	M+ACN+2H
124.06768055806154	1	172.4023927549655	952.5817232887385	1192	13	M+ACN+2H
125.07047423383423	1	97.9089005574904	950.7693259024771	1194	13	M+ACN+2H
124.06842632003924	1	408.50309064358504	952.275612320474	1196	13	M+ACN+2H
124.56879690344536	1	2210.2818804444937	949.0370514571633	1197	13	M+ACN+2H
125.06942700089861	1	126.30771851319233	953.5441102419657	1199	13	M+ACN+2H
144.07890056788332	1	209794.08790404012	950.1608427395965	1200	13	M+2ACN+2H
145.08088349623173	1	777.657268731336	949.8406772943102	1201	13	M+2ACN+2H
144.58076721484576	1	201.4063654214622	952.5613688172364	1202	13	M+2ACN+2H
144.57731924146267	1	3823.635483961137	951.0745398004854	1203	13	M+2ACN+2H
145.0789263766367	1	503.16473472697595	948.8721005683043	1204	13	M+2ACN+2H
145.08206679223275	1	2735.5592872338125	947.6829935577492	1207	13	M+2ACN+2H
144.58042608780715	1	30027.547678547424	949.7144144444652	1208	13	M+2ACN+2H
205.09687155073985	1	206124.50367733216	949.7102516554733	1210	13	M+H
207.10151239803739	1	826.8243415572616	951.7598969829176	1211	13	M+H
208.10735993053885	1	48.330458797351355	950.1311422489878	1214	13	M+H
207.09752710858268	1	218.261226559721	948.8264864735087	1215	13	M+H
206.10319597354314	1	344.0554311504243	948.7011779755904	1216	13	M+H
206.10049095047813	1	30169.46003458939	953.9544655915577	1217	13	M+H
208.10472363551926	1	105.06225210083159	952.0954531176163	1218	13	M+H
207.1037042832649	1	1655.549826020511	951.3569110360186	1219	13	M+H
222.12315659915203	1	259445.52346853758	949.4854004727692	1220	13	M+NH4
224.12822496549578	1	1162.9151645519423	950.4471965681852	1221	13	M+NH4
223.12760193289773	1	169.23076071067683	952.3462139072785	1222	13	M+NH4
223.12051766017996	1	2374.266542280557	951.6976751014128	1223	13	M+NH4
224.13290743283636	1	48.65620432862311	948.7969676803726	1224	13	M+NH4
224.12442037557898	1	314.1736537357321	949.4572171868647	1225	13	M+NH4
223.13036803365634	1	408.05801959652837	948.9879101602318	1226	13	M+NH4
223.12728242639807	1	29293.912323015466	952.8185040241855	1228	13	M+NH4
225.1310789348728	1	103.43195287217728	948.1398418252675	1229	13	M+NH4
227.07899834317402	1	219489.12079437796	951.4513931749912	1230	13	M+Na
229.08373657517254	1	1164.3960859390136	948.1251984192079	1231	13	M+Na
230.08921037841938	1	50.0598216301037	951.7903685940887	1234	13	M+Na
229.07922300526286	1	224.13100009754805	949.2786767643726	1235	13	M+Na
228.08528635943418	1	310.2145978347315	955.2571220895422	1236	13	M+Na
228.08288324669132	1	28736.471271709615	953.1427832196167	1237	13	M+Na
230.08674747092059	1	141.43192819111343	948.768666225156	1238	13	M+Na
229.08584838146243	1	1601.6182783642155	952.2042042685434	1239	13	M+Na
239.12796321553705	1	1306.3845046375882	952.2104979591885	1241	13	M+CH3OH+H
238.120436538447	1	1765.7834146752648	948.5769530822866	1244	13	M+CH3OH+H
240.13344897290324	1	68.73972058559404	951.6541506020753	1245	13	M+CH3OH+H
238.12971679510073	1	383.52348520339444	951.4290256991283	1247	13	M+CH3OH+H
238.12674554550776	1	30328.837866469614	950.8097180614523	1248	13	M+CH3OH+H
247.12792368151017	1	163.58426295817165	951.2745583044097	1252	13	M+ACN+H
247.12059146333755	1	2432.795113490728	950.4474200062944	1253	13	M+ACN+H
249.13406590090617	1	103.8698046536515	950.9827224935319	1254	13	M+ACN+H
247.1297345728587	1	446.1383040424541	948.2854981646128	1256	13	M+ACN+H
247.12687570046495	1	35221.518234626106	952.4663810935502	1258	13	M+ACN+H
249.13140970856276	1	122.53745196928413	948.5683558082158	1259	13	M+ACN+H
76.53894974684248	1	29371.09741778782	1028.8037910255257	1260	14	M+2H
77.54105432688213	1	100.1274374917308	1024.1273318296007	1261	14	M+2H
77.04135000622803	1	22.105350092946868	1028.2578484942578	1262	14	M+2H
77.03750052233917	1	98.69756663650385	1023.7157486894566	1263	14	M+2H
77.54380638829646	1	3.197197890869902	1029.5027107850326	1264	14	M+2H
77.04058810860889	1	2329.975508083471	1028.2238867196813	1266	14	M+2H
77.53911039390722	1	8.08858585933128	1029.323964945091	1269	14	M+2H
85.05229317067734	1	27633.139172959814	1026.9207906711072	1270	14	M+H+NH4
85.55427784176679	1	21.785974979652185	1028.7469615969208	1272	14	M+H+NH4
85.55068677104619	1	185.57763651431245	1034.0833199590866	1273	14	M+H+NH4
86.05712578432174	1	3.8451495109903364	1022.3844191316857	1274	14	M+H+NH4
86.05241296121827	1	14.421563016233707	1028.8606866671319	1275	14	M+H+NH4
85.55544022531295	1	37.7253013489761	1023.2600152031724	1276	14	M+H+NH4
86.0554734880991	1	74.92701304620319	1026.0209190585297	1277	14	M+H+NH4
85.55398935358923	1	2133.765671974608	1028.0808601016029	1278	14	M+H+NH4
97.05230007951232	1	30976.712700575306	1027.0482579387422	1280	14	M+ACN+2H
98.05436448969637	1	106.84039228156851	1027.1853792440852	1281	14	M+ACN+2H
97.55426738757284	1	18.933140789504048	1026.9450258705974	1282	14	M+ACN+2H
98.05242221633156	1	18.277913096271796	1030.8545589480425	1285	14	M+ACN+2H
98.05557809055934	1	132.11647754601492	1031.8369982479805	1287	14	M+ACN+2H
97.5540792815581	1	2790.9037791881547	1029.8333186562131	1288	14	M+ACN+2H
117.56555617635625	1	27388.016072117804	1030.2024339810143	1290	14	M+2ACN+2H
118.06775938445679	1	18.905375485305452	1026.8606490478696	1292	14	M+2ACN+2H
118.06408331141867	1	293.41093223536524	1030.9368284017462	1293	14	M+2ACN+2H
119.07047076825539	1	6.80275063247986	1025.024489043428	1294	14	M+2ACN+2H
118.06858572027825	1	52.21086830531056	1024.9150175026325	1296	14	M+2ACN+2H
119.06941881039835	1	14.150144698284894	1022.7792687279747	1299	14	M+2ACN+2H
152.07073710640296	1	26587.16575764092	1030.2046789453066	1300	14	M+H
154.0748048251772	1	111.7754366989822	1026.826981004194	1301	14	M+H
153.0750037747941	1	21.144337897788883	1027.7291665039115	1302	14	M+H
154.08026660802855	1	2.924601123187568	1026.3925011532708	1304	14	M+H
153.0768319800862	1	37.662390161614326	1024.4588806115523	1305	14	M+H
153.07363588102004	1	2183.462954531962	1026.3930703249948	1306	14	M+H
155.07805043784833	1	12.174690889942598	1024.3943279201499	1307	14	M+H
169.0971762457063	1	25709.202882067282	1025.131890826454	1310	14	M+NH4
170.1017218674199	1	19.881072778100673	1024.9110818483011	1312	14	M+NH4
171.09746057649681	1	18.068095334551206	1025.8332418038008	1315	14	M+NH4
170.1033408058502	1	43.33987808909151	1025.2966809609723	1316	14	M+NH4
170.10054480628492	1	2169.1545861810123	1026.4857054232186	1317	14	M+NH4
171.10383315416834	1	88.9852998530357	1024.9758825157744	1319	14	M+NH4
174.0524980565294	1	28850.513327539764	1025.2286585533936	1320	14	M+Na
175.04950799650223	1	101.5450797632487	1024.934910039996	1323	14	M+Na
176.0622574749297	1	2.3557839814721504	1026.7295724745786	1324	14	M+Na
175.058548211563	1	26.747275285230316	1026.8652686610903	1325	14	M+Na
176.05303694840083	1	8.696369021208257	1027.220208537427	1329	14	M+Na
184.0967291329476	1	26804.137709074683	1027.0674139973744	1330	14	M+CH3OH+H
186.10104415090586	1	172.76636488394922	1030.714967600317	1331	14	M+CH3OH+H
185.10127294812455	1	27.498912883133706	1024.2752548955118	1332	14	M+CH3OH+H
186.0971269307383	1	8.72381328684679	1030.8486927735769	1333	14	M+CH3OH+H
185.09378215063853	1	110.35924375225441	1029.0872932479676	1334	14	M+CH3OH+H
186.1063511329638	1	3.3786018405577747	1024.1279342440628	1335	14	M+CH3OH+H
185.1031597561381	1	43.78270644893104	1024.7052024488125	1336	14	M+CH3OH+H
185.10008904342385	1	2479.9298935075844	1027.813185855458	1337	14	M+CH3OH+H
187.10426076457313	1	16.221672687150498	1024.817113887279	1338	14	M+CH3OH+H
186.1032836630415	1	118.1616235053126	1025.9113900880282	1339	14	M+CH3OH+H
193.09733166158622	1	25823.866095282625	1027.46692475605	1340	14	M+ACN+H
194.10126948064004	1	19.528756612798833	1025.3650288131705	1342	14	M+ACN+H
194.10354092362695	1	42.234527702821566	1027.635551956941	1346	14	M+ACN+H
194.10063962644523	1	2618.0469089829453	1023.7915118153644	1347	14	M+ACN+H
196.1046557888114	1	11.728739637039151	1028.741638713779	1348	14	M+ACN+H
195.10389715823018	1	139.0356576835156	1027.0226318195575	1349	14	M+ACN+H
83.54678543301537	1	167042.86585977933	1413.3723943416069	1350	15	M+2H
84.54892586637395	1	629.2140234709991	1416.8703393064209	1351	15	M+2H
84.55158383678354	1	17.515577853704034	1413.8196224385445	1354	15	M+2H
84.04835645266752	1	14806.805975388232	1414.3087273736926	1356	15	M+2H
84.55020552558761	1	664.0572374057904	1415.5408979032857	1358	15	M+2H
84.54694203406973	1	55.75113260698491	1416.384179809876	1359	15	M+2H
92.06008215177955	1	166204.28707152721	1414.1371731608472	1360	15	M+H+NH4
92.55875589554128	1	993.2832088986853	1413.737540113335	1363	15	M+H+NH4
92.56318959271312	1	286.66417519851393	1416.602583576389	1366	15	M+H+NH4
93.56380030254402	1	60.93479479848113	1413.6753369568858	1369	15	M+H+NH4
105.06225275354574	1	625.0200538633267	1418.708472922912	1371	15	M+ACN+2H
104.56221206325654	1	95.52901215156777	1419.0321052150332	1372	15	M+ACN+2H
104.55835190766605	1	1365.6201999380255	1416.2036904163076	1373	15	M+ACN+2H
105.06476706085168	1	32.15537695127729	1419.9975357336048	1374	15	M+ACN+2H
105.06018328172362	1	135.3517595242448	1412.8955734997844	1375	15	M+ACN+2H
105.06315382835615	1	904.4173084670382	1418.784723483123	1377	15	M+ACN+2H
105.56401784158236	1	80.56951149264476	1412.9041807175372	1379	15	M+ACN+2H
125.57557467121828	1	576.9489860570848	1416.3410070903074	1381	15	M+2ACN+2H
126.07838849610121	1	49.186209864895176	1418.2553898362798	1384	15	M+2ACN+2H
125.57355490403664	1	195.51096793002176	1416.9577561451438	1385	15	M+2ACN+2H
125.07653100583966	1	301.31879617924596	1412.936355452975	1386	15	M+2ACN+2H
125.07526199602799	1	20188.65027437134	1415.9987809130432	1388	15	M+2ACN+2H
126.07718406146061	1	77.89834215379933	1413.1584503050751	1389	15	M+2ACN+2H
166.08619526772975	1	156815.1758651273	1415.9002498444931	1390	15	M+H
167.09256321306916	1	193.05608255193388	1417.519790237399	1395	15	M+H
167.0894635978437	1	16516.010654733298	1419.087594299477	1396	15	M+H
168.0931647119344	1	678.6006980130416	1415.8927502216752	1398	15	M+H
184.11724080118236	1	125.10564313798507	1417.842113619519	1402	15	M+NH4
184.10981419899255	1	1007.6291514430603	1414.8305909677404	1403	15	M+NH4
185.11303941321617	1	115.06024612497295	1414.2107441137457	1405	15	M+NH4
188.06805687715925	1	165166.5477205644	1417.0948787060934	1410	15	M+Na
190.0724906776303	1	632.9579178071817	1415.7555764644005	1411	15	M+Na
190.07794619160242	1	18.243223272671415	1413.7425188317561	1414	15	M+Na
190.07501786817934	1	659.5188537513116	1417.0014515000453	1418	15	M+Na
198.11257379122446	1	156166.2826590191	1416.1094015629026	1420	15	M+CH3OH+H
200.11660797084974	1	946.3220310751784	1412.978551303769	1421	15	M+CH3OH+H
199.10933292150736	1	550.3867013224459	1418.7509238564749	1424	15	M+CH3OH+H
200.122154166191	1	29.892301689309868	1414.2391061078433	1425	15	M+CH3OH+H
199.1188013613166	1	244.29484553773898	1420.3654660622044	1426	15	M+CH3OH+H
199.11561308463138	1	14357.666761778808	1417.392577686412	1428	15	M+CH3OH+H
201.11977163073206	1	104.22223387399208	1414.3429715352606	1429	15	M+CH3OH+H
209.11725759856617	1	514.8739368442185	1415.0943381097018	1431	15	M+ACN+H
208.11738203369796	1	116.00910444463116	1412.2874471971836	1432	15	M+ACN+H
208.11005166943772	1	1188.8933311908872	1413.6745701153468	1433	15	M+ACN+H
209.11370893448895	1	130.29183295478015	1415.4084714971739	1435	15	M+ACN+H
209.1192509161604	1	861.5146541783926	1415.8537523912348	1437	15	M+ACN+H
208.11629880091772	1	18626.57924688651	1414.2820823798045	1438	15	M+ACN+H
66.55459173531094	1	163929.3385795147	900.6878850467413	1440	16	M+2H
67.55662294611022	1	608.7853720166145	903.0230317655455	1441	16	M+2H
67.05670595113834	1	118.01877505145967	901.44566195511	1442	16	M+2H
67.05295482892586	1	580.7972004448459	901.6488738134445	1443	16	M+2H
67.55944241214732	1	16.49247800209578	900.9054027560666	1444	16	M+2H
67.05763575882293	1	244.72829141848464	900.4367592422653	1445	16	M+2H
67.05632809387338	1	11249.914472122888	899.2850945665546	1446	16	M+2H
68.0584416570538	1	39.36009146305502	903.4358208338843	1447	16	M+2H
67.55482657119005	1	31.919820064103593	902.3265834820638	1449	16	M+2H
75.06780903549341	1	140340.34334035777	899.0791296211029	1450	16	M+H+NH4
76.07006715083162	1	636.7384425471208	900.4811649303468	1451	16	M+H+NH4
75.56991021740863	1	105.22441776258121	901.1443244791473	1452	16	M+H+NH4
76.07276153821795	1	21.3601064584894	900.4502298075888	1454	16	M+H+NH4
76.0712689313379	1	298.9478111046216	903.5238888619937	1455	16	M+H+NH4
75.57096425930689	1	358.867103606568	902.3497812425138	1456	16	M+H+NH4
76.06809741970734	1	82.37093536122686	899.1242169729106	1457	16	M+H+NH4
75.56954914965034	1	11301.654209150982	901.5116743097515	1458	16	M+H+NH4
76.57163597170153	1	42.54461972069329	902.1853173168935	1459	16	M+H+NH4
88.06993339862888	1	623.7306839569583	897.4507514026313	1461	16	M+ACN+2H
87.56979401702993	1	108.82459131853047	901.4706951964286	1462	16	M+ACN+2H
87.56629460995995	1	1236.6631944018104	901.7456447366502	1463	16	M+ACN+2H
87.57102025020609	1	245.74156891157975	900.8185304220863	1466	16	M+ACN+2H
88.06810117742694	1	79.25196589257284	898.943440755367	1467	16	M+ACN+2H
87.56939176792366	1	15059.672185923275	902.6171890173641	1468	16	M+ACN+2H
88.57170884804597	1	51.08782517524464	901.2014846071562	1469	16	M+ACN+2H
107.58119051868735	1	144481.44285566956	901.3336514906863	1470	16	M+2ACN+2H
108.07982780857164	1	1532.8732810825168	903.2139538476999	1473	16	M+2ACN+2H
108.58596279398719	1	29.494413765300592	900.8115971823471	1474	16	M+2ACN+2H
108.58146884411269	1	169.34348954167675	902.2861577415406	1475	16	M+2ACN+2H
108.08415917008513	1	385.69549953664927	900.9318174195599	1476	16	M+2ACN+2H
108.58451196473862	1	642.6284220786695	902.6164131515999	1477	16	M+2ACN+2H
109.08507177096318	1	55.383793907045124	902.2152853848302	1479	16	M+2ACN+2H
132.10216055935675	1	162410.45979040765	902.5245648457793	1480	16	M+H
134.10608362586976	1	706.8656963432547	901.0413463936513	1481	16	M+H
133.10599488069258	1	122.97672166124902	899.940343790963	1482	16	M+H
133.0990404855863	1	548.328635431052	901.3772802970223	1483	16	M+H
134.1118204851327	1	16.441441171903044	900.4317912605543	1484	16	M+H
133.10814753851582	1	212.97989360020173	904.4016582050491	1485	16	M+H
133.10537384332991	1	10286.643865740383	902.1279983223646	1486	16	M+H
134.10868521122924	1	237.25572919680235	903.9624005025544	1488	16	M+H
134.10237572414513	1	34.33905545396333	900.7433366832304	1489	16	M+H
149.12857373535846	1	159901.85383141434	900.4649333424042	1490	16	M+NH4
151.13297030083794	1	563.1066090816425	895.5833312818897	1491	16	M+NH4
150.13244966880677	1	114.84586797583307	897.3833771328763	1492	16	M+NH4
151.13800900326717	1	21.826679500060678	899.6448785825269	1494	16	M+NH4
151.13564295794285	1	243.7809639457388	903.4274261273824	1495	16	M+NH4
150.13478924330997	1	329.77470573091415	902.4761471191972	1496	16	M+NH4
151.12887814343443	1	72.64353624625183	904.6148902598115	1497	16	M+NH4
152.13620371633456	1	35.203433795476855	900.1980901865577	1499	16	M+NH4
154.08369388488035	1	125131.71469583	901.6494223876639	1500	16	M+Na
156.08803608583747	1	683.3588184936826	900.9397604837545	1501	16	M+Na
155.0884978470821	1	108.04918296306978	904.4968356207644	1502	16	M+Na
155.08073765441503	1	517.9016888309328	900.1220915645206	1503	16	M+Na
156.09371833449336	1	13.423053994893433	900.5535682875876	1504	16	M+Na
155.0872507840143	1	9874.217339133476	905.5060876197344	1506	16	M+Na
157.09145290009926	1	39.153765941627746	900.8914860052965	1507	16	M+Na
156.09054216575362	1	250.01724251951242	900.0627832838687	1508	16	M+Na
164.1279568051124	1	131885.56499286692	902.932567186178	1510	16	M+CH3OH+H
166.1320324818501	1	957.3263317825666	900.8342304161629	1511	16	M+CH3OH+H
165.13241976094508	1	173.57471441216583	903.2515752949444	1512	16	M+CH3OH+H
166.1350705480639	1	306.0147855871677	900.9759046594195	1513	16	M+CH3OH+H
165.12567721348105	1	461.8138487842827	901.5871552762638	1514	16	M+CH3OH+H
166.13803057822878	1	25.403103449170892	900.7754242392999	1515	16	M+CH3OH+H
165.1345440255338	1	331.6541177993185	901.4895376619843	1516	16	M+CH3OH+H
166.12893085237002	1	31.32941395101177	900.980597467849	1517	16	M+CH3OH+H
165.1315553810897	1	13162.631168195829	905.3530764725513	1518	16	M+CH3OH+H
167.1357371758104	1	72.81363489863928	903.0428385902184	1519	16	M+CH3OH+H
173.12847873748333	1	146738.97797633617	902.181218470234	1520	16	M+ACN+H
174.13273876281548	1	112.76299604813168	898.5161426445696	1522	16	M+ACN+H
175.1382301930448	1	27.464221917585178	899.6833556463662	1524	16	M+ACN+H
175.1352122546812	1	516.9997544537162	900.6850289622964	1525	16	M+ACN+H
174.13507939435783	1	260.02098702317477	903.0707540832877	1526	16	M+ACN+H
174.1319602430625	1	12172.285993761749	899.2940518089353	1528	16	M+ACN+H
176.13623894933738	1	54.64469794197429	902.6453743522189	1529	16	M+ACN+H
189.0761197848288	1	37335.98676515283	986.0807216134782	1530	17	M+2H
190.0786351379597	1	427.7024069166201	984.4241019581638	1531	17	M+2H
189.5785144741689	1	83.42448315558457	985.224568926416	1532	17	M+2H
190.58177422449475	1	32.45553850910419	984.0896782579134	1536	17	M+2H
189.57781994085835	1	6258.477949852904	984.7710155279176	1537	17	M+2H
197.58990273872732	1	42145.58462581539	986.5459812895393	1540	17	M+H+NH4
199.0934895149407	1	84.01404112076675	984.0746315886943	1544	17	M+H+NH4
198.08821413791233	1	585.9367457604096	985.4060646655464	1545	17	M+H+NH4
198.09158697195195	1	7185.572413796473	987.4358289673386	1547	17	M+H+NH4
198.59001954853326	1	128.75563065591192	983.8639399790181	1548	17	M+H+NH4
198.09301483584125	1	114.50898837163776	987.0175631890266	1549	17	M+H+NH4
209.5896393553273	1	42289.94123921388	985.9202377088349	1550	17	M+ACN+2H
210.0881096952364	1	746.6748473339852	985.8790831289737	1555	17	M+ACN+2H
211.0944103866476	1	46.37289176318613	986.4517914420244	1556	17	M+ACN+2H
210.09117723927767	1	8579.081054711289	989.728308777615	1557	17	M+ACN+2H
210.59015059343454	1	150.34874449863952	986.6490046245576	1558	17	M+ACN+2H
210.09277909862888	1	103.74229328944132	984.2355610667863	1559	17	M+ACN+2H
230.1031950880187	1	39077.04032698914	987.330854649323	1560	17	M+2ACN+2H
230.60465812643653	1	78.19920501699312	985.5503123317011	1562	17	M+2ACN+2H
231.60716351028404	1	108.39599251088758	986.3751965353565	1563	17	M+2ACN+2H
231.10638127610397	1	1064.0123216440263	983.5889581059514	1564	17	M+2ACN+2H
230.60147527759457	1	720.7773732007894	983.79622945789	1565	17	M+2ACN+2H
231.60802995497846	1	54.19606465686596	987.8337976448576	1566	17	M+2ACN+2H
230.60430597286984	1	7366.003239208401	987.5876921371861	1567	17	M+2ACN+2H
231.10309170684178	1	161.70440719746608	987.7532953052239	1568	17	M+2ACN+2H
230.6062019833724	1	121.80997736286054	984.7021081297795	1569	17	M+2ACN+2H
377.1451087597639	1	41170.411630394	986.5236381162626	1570	17	M+H
379.1501141989894	1	481.4962240026952	990.394662967436	1571	17	M+H
380.1536332078492	1	74.76686090183635	985.455840751104	1574	17	M+H
380.15472648057005	1	29.478526678277145	988.4797842634256	1576	17	M+H
379.1453816655446	1	93.41921903882532	988.466838068894	1578	17	M+H
378.15133517094887	1	87.83848577488648	987.5437604184984	1579	17	M+H
394.17198656952775	1	35573.25538789327	987.2929266325918	1580	17	M+NH4
396.1759609300002	1	414.3984865457279	986.9894994692072	1581	17	M+NH4
395.17670015286876	1	86.11269551632397	986.571861734245	1582	17	M+NH4
396.1787145629784	1	643.0290951982488	988.2405983108684	1583	17	M+NH4
397.1796358646608	1	87.20359131275622	986.3720164571372	1584	17	M+NH4
395.16881823750737	1	705.0651967736035	986.7270862713161	1585	17	M+NH4
395.17623616236114	1	6791.640328225733	987.8743939414549	1587	17	M+NH4
396.173149454066	1	136.92030147218924	985.0694075052088	1588	17	M+NH4
395.1779225497157	1	89.34656734197618	986.0720727468445	1589	17	M+NH4
399.1277651660819	1	32253.394758581897	988.1924160628223	1590	17	M+Na
401.1323740216689	1	506.0302931478091	986.2962742309314	1591	17	M+Na
402.13446125983035	1	88.95483931288153	986.79728560469	1594	17	M+Na
402.137676752234	1	30.146363703147607	985.8685498023426	1596	17	M+Na
400.12990127365765	1	6854.082032475224	988.536534022633	1597	17	M+Na
401.12813462725387	1	116.43725451019155	988.6738009345047	1598	17	M+Na
400.1341671345666	1	93.43870316694169	991.5152036345357	1599	17	M+Na
409.1722497305523	1	35770.795265382825	986.3796086623214	1600	17	M+CH3OH+H
410.17615332070187	1	98.7859231303431	983.6571555513488	1602	17	M+CH3OH+H
410.16835604669893	1	553.4867226961745	985.9458625804095	1605	17	M+CH3OH+H
411.1791414535429	1	711.9804605719099	984.7130742870935	1608	17	M+CH3OH+H
410.1782362750288	1	104.593498631039	985.6092056486656	1609	17	M+CH3OH+H
418.17201994752605	1	38833.399127326535	982.3999212526478	1610	17	M+ACN+H
420.17654887407434	1	426.9278274194641	985.9821480476865	1611	17	M+ACN+H
419.17684233916907	1	94.41539400643536	986.8891759842157	1612	17	M+ACN+H
420.17884995073587	1	788.3570047279238	984.463548966716	1613	17	M+ACN+H
421.1801052134663	1	101.07615361169132	984.9458146754312	1614	17	M+ACN+H
419.1690788258649	1	751.3717416288836	987.7703812673558	1615	17	M+ACN+H
419.1754182392971	1	8646.315877485644	985.9333781627297	1617	17	M+ACN+H
420.17270671896057	1	103.41403966038251	985.679881508733	1618	17	M+ACN+H
63.525497987166304	1	130.75672787635756	1231.5359756757746	1621	18	M+2H
63.025386064389444	1	26.25361819483507	1235.471656571514	1622	18	M+2H
63.52806518431848	1	1.6165860247687214	1233.0718296556458	1624	18	M+2H
63.02637542273633	1	28.018669404414265	1233.4656811760394	1625	18	M+2H
64.02705767879158	1	9.355539665559505	1233.5102906204115	1627	18	M+2H
63.52351435712372	1	8.014395674819918	1234.1975817670204	1629	18	M+2H
71.53872794469689	1	28.93106461582196	1236.5382988024407	1632	18	M+H+NH4
71.53511383841234	1	236.52850321948236	1234.765877761294	1633	18	M+H+NH4
72.04129859524448	1	2.2679118441616826	1233.9873320397858	1634	18	M+H+NH4
71.538271116021	1	2104.0974982077346	1232.6837697391732	1637	18	M+H+NH4
72.03990292685887	1	61.79397896780919	1233.0697519837008	1639	18	M+H+NH4
83.03651217450235	1	35226.76314677269	1235.2287142521818	1640	18	M+ACN+2H
83.53882323851951	1	25.789841442408623	1231.1334313367722	1642	18	M+ACN+2H
84.04142118986842	1	3.313760725088506	1233.7936935310372	1644	18	M+ACN+2H
84.03699524032983	1	17.28516463663689	1232.2027515175275	1645	18	M+ACN+2H
83.5396622163931	1	35.2915121793737	1234.1664466702962	1646	18	M+ACN+2H
84.54032015191638	1	10.504606500773892	1233.8974814293754	1648	18	M+ACN+2H
103.54984855792809	1	30411.35719577143	1235.920411017285	1650	18	M+2ACN+2H
104.05177577236347	1	25.34337597403325	1233.2791793102779	1652	18	M+2ACN+2H
104.04838603283295	1	322.6651895738363	1233.4980740060134	1653	18	M+2ACN+2H
104.55472024017334	1	4.857072023570773	1231.8595201473895	1654	18	M+2ACN+2H
104.05303643439792	1	45.073033170268495	1233.2817110874616	1656	18	M+2ACN+2H
104.55317631516964	1	148.34148905747435	1235.4893283196614	1657	18	M+2ACN+2H
105.05364260413641	1	16.46329397336226	1237.0169312564294	1659	18	M+2ACN+2H
124.03932927450174	1	34248.706425456876	1234.6663573721644	1660	18	M+H
126.04369320130257	1	131.7912704443736	1237.135235068045	1661	18	M+H
125.04349803124929	1	19.333142365900347	1232.6004294261095	1662	18	M+H
125.03633064629668	1	126.02217554471602	1233.9031573113705	1663	18	M+H
126.04607551842145	1	56.984808370511644	1229.9997294456275	1664	18	M+H
125.04561748064529	1	23.551160363305726	1233.7342555498913	1665	18	M+H
125.04261547579837	1	1837.1019776416188	1233.6806641369808	1666	18	M+H
127.04703160773406	1	8.815209591513772	1235.0440565246179	1667	18	M+H
126.04709158020145	1	1.6857900520415514	1234.5463622756076	1668	18	M+H
126.03963931152728	1	8.381226629822317	1233.7668692010736	1669	18	M+H
142.0698689249791	1	26.86345477480838	1235.0048701731157	1672	18	M+NH4
142.07229730416552	1	30.553120690104734	1235.2718877828925	1676	18	M+NH4
142.06941979085002	1	2524.1691621688506	1232.3788982053513	1677	18	M+NH4
147.02530902155624	1	21.701228676706112	1232.0342266233306	1682	18	M+Na
147.017991243182	1	118.85638966078808	1231.5560142206473	1683	18	M+Na
148.0277824408374	1	50.68079060875254	1230.1819412735686	1684	18	M+Na
147.02758568332814	1	20.282627298005853	1233.5771224389455	1685	18	M+Na
147.02464421696962	1	2326.9592248719764	1232.9088344371767	1686	18	M+Na
149.028811676267	1	8.57400486560743	1229.005058151274	1687	18	M+Na
148.02171343068704	1	7.298115060182152	1236.5262637891537	1689	18	M+Na
156.06529410716072	1	37221.43505123939	1235.3291440313	1690	18	M+CH3OH+H
158.07007086089936	1	175.88844223609112	1233.2843021120323	1691	18	M+CH3OH+H
157.0698089739782	1	38.09367653807153	1235.0141525205609	1692	18	M+CH3OH+H
158.06592287347686	1	10.887226291631336	1234.1191977742196	1693	18	M+CH3OH+H
158.07540414958552	1	2.9728750953344365	1234.6759573689092	1695	18	M+CH3OH+H
157.06890740626656	1	2392.1925770047305	1235.094893505763	1697	18	M+CH3OH+H
159.07310194684442	1	13.017277512091168	1236.7507521293064	1698	18	M+CH3OH+H
166.07006198036535	1	25.999470220539788	1233.268129781099	1702	18	M+ACN+H
166.06248610074942	1	202.68415712042514	1232.7175778365618	1703	18	M+ACN+H
167.06627977271893	1	20.71026300230558	1233.082060070606	1705	18	M+ACN+H
166.07225665378013	1	30.811557800072997	1235.0238933158464	1706	18	M+ACN+H
167.07236076545016	1	114.19209419497231	1234.7645094393117	1709	18	M+ACN+H
69.53110748806016	1	102036.94491816965	762.8072085950118	1710	19	M+2H
70.53332390060245	1	444.32967771537733	765.9343346330952	1711	19	M+2H
70.03336680035234	1	70.57518800944655	762.0365566145509	1712	19	M+2H
70.5358908425662	1	9.30634141612612	760.4744527763368	1714	19	M+2H
70.03425640384967	1	107.79790964468832	764.550962858519	1715	19	M+2H
70.03278381523161	1	7771.8123229165285	766.4144730548857	1716	19	M+2H
78.0443592936626	1	85868.7213285708	767.1260362997172	1720	19	M+H+NH4
79.04659694976984	1	360.04740981307833	767.2761046744084	1721	19	M+H+NH4
78.54632877989567	1	69.93363481519867	768.7022342191754	1722	19	M+H+NH4
78.54288267102434	1	586.3039118554549	769.9963299921633	1723	19	M+H+NH4
79.04929931557707	1	12.936741347685548	765.4859786341655	1724	19	M+H+NH4
78.54747408238396	1	134.47878271772998	769.945755537624	1726	19	M+H+NH4
79.04789942090838	1	233.31404384909533	765.1721365106198	1729	19	M+H+NH4
90.54655413643903	1	68.37251797020826	763.8675522018863	1732	19	M+ACN+2H
90.54290712179481	1	748.4771939263522	765.2009016983903	1733	19	M+ACN+2H
91.0447334823391	1	67.7253938125079	766.0161731851092	1735	19	M+ACN+2H
90.54748355705516	1	117.86199184841287	765.4219897758151	1736	19	M+ACN+2H
91.04763657916658	1	403.04035470605476	764.5010826006079	1739	19	M+ACN+2H
110.55764689650732	1	104330.7963351743	768.2966530799592	1740	19	M+2ACN+2H
111.05615385060753	1	1114.8320657833967	763.393264854087	1743	19	M+2ACN+2H
112.06261872702302	1	20.658103016476527	767.4725046660992	1744	19	M+2ACN+2H
111.06084321929477	1	181.61429983697502	764.3693299729799	1746	19	M+2ACN+2H
111.56088423224513	1	546.4951834094272	764.8893544628844	1747	19	M+2ACN+2H
138.0551955885769	1	90530.4695410821	765.0993127824665	1750	19	M+H
139.05916722176306	1	82.40487239608414	762.2788905313079	1752	19	M+H
139.05200019729642	1	300.0095190707872	763.2373752779837	1753	19	M+H
140.06477938927452	1	6.660897610832287	767.2113601616528	1754	19	M+H
139.05831084723852	1	6754.522570817695	765.9083243491083	1756	19	M+H
140.0617761148965	1	215.07406201426497	766.8510518652033	1758	19	M+H
140.0553080832353	1	22.555738416605156	766.1836195620099	1759	19	M+H
157.0856500181322	1	364.7923606182821	765.5874977113913	1761	19	M+NH4
156.08568537132737	1	70.91921478570175	760.7992759761289	1762	19	M+NH4
157.0912932962549	1	8.129015838827408	764.9725474911409	1764	19	M+NH4
156.08783943853538	1	113.35776328285795	765.880554614401	1766	19	M+NH4
156.08508829267095	1	6285.924074110989	766.362501950438	1767	19	M+NH4
158.08878947866563	1	30.13717697987387	766.3348071512057	1768	19	M+NH4
160.03688413659864	1	106202.27530786018	764.2254114015467	1770	19	M+Na
161.0338726033105	1	315.47713041249824	763.1307791638158	1773	19	M+Na
162.0463272636553	1	6.249905337014541	765.8505550200283	1774	19	M+Na
161.04028329779845	1	6775.18506849543	763.7571170720082	1776	19	M+Na
163.0444326636052	1	28.621060597791672	766.0114593496792	1777	19	M+Na
162.04346900764185	1	208.1852168174347	761.5873294522393	1778	19	M+Na
162.03740448950228	1	27.297625229198243	767.3296799363615	1779	19	M+Na
172.08561058473748	1	608.1933758847832	765.2854594210535	1781	19	M+CH3OH+H
172.08137572353215	1	34.064877366424604	764.270675863788	1783	19	M+CH3OH+H
171.07828077281124	1	336.2557064442472	767.6826112799525	1784	19	M+CH3OH+H
171.0870541826277	1	128.30564898145204	767.233498408881	1786	19	M+CH3OH+H
171.08454578741214	1	7521.029896611033	767.003126875893	1787	19	M+CH3OH+H
173.08875395617585	1	46.0716975976371	767.9298967442555	1788	19	M+CH3OH+H
172.08795096050193	1	311.86653105215623	764.6484284393689	1789	19	M+CH3OH+H
179.08140328344876	1	102992.0262339418	763.8619260238883	1790	19	M+ACN+H
180.08559450534142	1	84.92907789183106	765.6861062385411	1792	19	M+ACN+H
181.09112873804256	1	12.063803082671267	766.961311429484	1794	19	M+ACN+H
181.081813763467	1	80.58547348678565	767.0135657042724	1795	19	M+ACN+H
182.08936104850457	1	39.0988819330279	763.7023188732416	1798	19	M+ACN+H
181.0883604128836	1	385.02594303903044	763.8260908139133	1799	19	M+ACN+H
