65.0308460261095	1	1553.3164015409454	831.329230235139	1	0	M+2H
65.0335051349589	1	19.952465024921576	827.1149861155122	4	0	M+2H
65.02889510455412	1	144.64093446921785	827.8491329827839	5	0	M+2H
64.53183354340862	1	313.54822067117567	829.7446217712265	6	0	M+2H
64.53043307606042	1	19624.190125455712	828.2795145492802	7	0	M+2H
65.53254756404256	1	69.50637636057083	826.731767883278	8	0	M+2H
65.03203249596521	1	488.5735158417894	827.8502738762804	9	0	M+2H
72.541934452207	1	377536.64173491875	831.6374642417785	10	0	M+H+NH4
73.04051740024178	1	4045.381477442674	829.9345367038004	13	0	M+H+NH4
73.54539589242212	1	390.69781729111924	832.1957940215943	14	0	M+H+NH4
73.54210386749607	1	207.37674746324785	822.1270349909454	15	0	M+H+NH4
73.04506517584896	1	453.7162083565608	829.054335336959	16	0	M+H+NH4
73.54679225896236	1	25.456147605329523	831.6315144244026	17	0	M+H+NH4
73.04365679878211	1	17734.665825913526	830.7753457260108	18	0	M+H+NH4
84.5420384898021	1	408766.3882561205	831.379815106487	20	0	M+ACN+2H
85.54417000042118	1	1238.3354636687286	829.9142413821925	21	0	M+ACN+2H
85.04420361592362	1	286.80436157138365	832.3569394200042	22	0	M+ACN+2H
85.04053752655919	1	3115.3416081779055	828.5625089082006	23	0	M+ACN+2H
85.5468760318067	1	37.9844656368805	829.1879422684037	24	0	M+ACN+2H
85.54225548079913	1	339.91300056982396	828.4733716503018	25	0	M+ACN+2H
85.04518455567063	1	466.9558454184134	828.2446338331663	26	0	M+ACN+2H
85.54538727472377	1	986.1754753519879	826.6768947415527	27	0	M+ACN+2H
105.05538078797227	1	367133.56688827	827.9611459266429	30	0	M+2ACN+2H
106.05731383525664	1	1086.1645201337165	831.0786788567468	31	0	M+2ACN+2H
105.55738724344062	1	314.90710961450355	829.6084038499637	32	0	M+2ACN+2H
105.5537978028214	1	4105.897923370616	831.0214523568334	33	0	M+2ACN+2H
106.05550736790856	1	547.3453876033844	825.7586757540606	34	0	M+2ACN+2H
106.55917007420958	1	136.06602488307934	831.1702474775875	35	0	M+2ACN+2H
105.5584251998353	1	468.18391332380406	830.3066808822836	37	0	M+2ACN+2H
127.05030012068042	1	306022.2871832174	826.1361898154762	40	0	M+H
128.04748139324923	1	2763.771015649864	826.4018945407712	43	0	M+H
129.05059111860473	1	140.49942371193936	833.1945050217643	45	0	M+H
128.05636128457886	1	275.68545042246166	827.8341713820103	46	0	M+H
129.05678962770472	1	482.7245974160353	833.9842963836578	49	0	M+H
144.07681333711767	1	312445.0576424891	830.484516953554	50	0	M+NH4
146.08088277284727	1	1759.9848002715873	833.2483770737368	51	0	M+NH4
145.08080625172448	1	276.1108355308655	830.5592514311036	52	0	M+NH4
145.07386894928476	1	4040.875228097142	829.8326141309013	53	0	M+NH4
145.08322614885824	1	366.4218121951076	830.1258906361566	56	0	M+NH4
146.08660690943054	1	19.90975288262165	828.8093239469532	57	0	M+NH4
147.084084434568	1	73.7699900144324	830.6548373766076	59	0	M+NH4
149.03219415068364	1	380753.44290064013	833.7046620482378	60	0	M+Na
151.03645022757266	1	1202.5789140839502	835.5771933615117	61	0	M+Na
150.03664823882974	1	238.0598958612426	828.6525378586617	62	0	M+Na
150.0293025363618	1	2776.427509505016	831.5506218608093	63	0	M+Na
151.03241557399963	1	127.21458531702945	826.8293251440751	65	0	M+Na
150.03849990138536	1	292.3228605766165	830.3331890677478	66	0	M+Na
152.03980704947855	1	75.26774131612416	827.90086873172	68	0	M+Na
151.03967894204874	1	13.21753577569545	826.3107070127985	69	0	M+Na
160.0804127363191	1	392.98668664406324	830.5692398832186	72	0	M+CH3OH+H
161.08306012821592	1	585.6982872991468	829.4488481594126	73	0	M+CH3OH+H
160.07331801628428	1	2922.9305106816187	828.4700036736737	74	0	M+CH3OH+H
161.08606916472758	1	32.30957857556027	827.9348111627617	75	0	M+CH3OH+H
161.07715115151305	1	161.59247543131113	824.8357667095802	76	0	M+CH3OH+H
160.08292521143068	1	422.54090781763097	829.5359729309151	77	0	M+CH3OH+H
162.08384236566204	1	129.24090828144796	829.9278986651331	79	0	M+CH3OH+H
168.07695966055948	1	361759.55859945883	826.5938719577043	80	0	M+ACN+H
170.08082807467287	1	1200.2270549747827	827.7265971755304	81	0	M+ACN+H
170.08624011157553	1	30.231104450483297	829.0561373880319	84	0	M+ACN+H
170.07748138510985	1	317.0660137938844	826.0129396037393	85	0	M+ACN+H
170.08330208120282	1	875.6424711650338	832.4716053437648	87	0	M+ACN+H
169.0799479265338	1	28136.78253458061	829.0417786661536	88	0	M+ACN+H
47.030935645297724	1	95234.51992159124	995.1866662585693	90	1	M+2H
48.03308748676069	1	507.99495584215225	995.3321092954972	91	1	M+2H
47.53297686869459	1	94.01582015457839	998.1061016449266	92	1	M+2H
47.53410831158287	1	120.394534839271	991.8892446951862	94	1	M+2H
47.53262182569641	1	3129.829857476969	994.2494273799316	95	1	M+2H
48.53476540644965	1	17.419816219785883	991.3875661561456	96	1	M+2H
48.034699334495734	1	2.8459236401393855	992.9685888984003	97	1	M+2H
48.03582589030116	1	3.7659497416240524	993.1024080587721	98	1	M+2H
55.544210781728864	1	84091.9116907514	995.226775390364	100	1	M+H+NH4
56.54630796712917	1	602.5304390316292	998.3875441320657	101	1	M+H+NH4
56.042709661651145	1	312.145592522106	993.4696520550833	104	1	M+H+NH4
56.047301479557234	1	134.5036016371982	988.6670103926266	106	1	M+H+NH4
56.045884120013206	1	2744.4477897698507	995.4817032712621	107	1	M+H+NH4
56.547658814030434	1	35.501261032069074	994.3608410759273	109	1	M+H+NH4
67.54425967954556	1	100036.97163014379	989.3703544756431	110	1	M+ACN+2H
68.54635403043288	1	572.2268738863513	993.9926723014913	111	1	M+ACN+2H
68.54456517825506	1	15.995337693371752	992.7163735961846	113	1	M+ACN+2H
68.04267672450457	1	337.7504668518178	994.1028538820611	114	1	M+ACN+2H
68.54919314256706	1	7.939438303538076	998.2768071934971	115	1	M+ACN+2H
68.04732234733801	1	119.84423165860483	996.3373043009469	116	1	M+ACN+2H
68.04590382885432	1	4897.579211410724	993.8771397421391	117	1	M+ACN+2H
69.04798400146612	1	22.077464041651	996.2898651660746	118	1	M+ACN+2H
88.05746656104688	1	80558.9677378188	996.2620781688747	120	1	M+2ACN+2H
88.55964753125504	1	102.7045977708279	992.4897461510134	122	1	M+2ACN+2H
88.55606039462391	1	643.338343317149	992.6769475895355	124	1	M+2ACN+2H
89.05769605269839	1	48.20491205269307	994.8012755766885	126	1	M+2ACN+2H
88.55923017499201	1	5384.661278534795	996.6341223927458	128	1	M+2ACN+2H
95.05889116730253	1	583.3471430837544	998.1661897245536	131	1	M+H
94.05896781190128	1	95.7918504103286	993.4038773524906	132	1	M+H
97.06318437654994	1	0.9738910702980683	994.5655799861289	133	1	M+H
94.06077488632317	1	104.94876806589575	995.638978739037	134	1	M+H
94.0580221237626	1	2061.6631878582157	993.3224980002269	135	1	M+H
96.06231936081672	1	17.123222380378966	995.7393644402993	136	1	M+H
95.06230421382028	1	3.3501628753405015	997.2760381783276	137	1	M+H
95.06127544447706	1	32.13717133895968	999.6016512453059	139	1	M+H
110.08123815563982	1	98223.69428082909	994.5622668857252	140	1	M+NH4
112.08547848654769	1	528.7715951507947	997.7255845235684	141	1	M+NH4
111.08518846777733	1	105.57715960063467	995.7054517836068	142	1	M+NH4
112.08150261725127	1	11.627424306862533	994.5339032264494	143	1	M+NH4
111.08768468154486	1	130.6650650671475	992.3339296816096	146	1	M+NH4
112.08789960433855	1	32.580741291699596	994.1597366232413	149	1	M+NH4
117.04092833643648	1	549.3484790527057	990.207387872002	151	1	M+Na
116.04089410962641	1	101.91994447029329	993.393350282861	152	1	M+Na
116.04275135434176	1	89.6147045564339	995.7041362934507	154	1	M+Na
116.04015872894225	1	2768.990844201846	994.0607355257104	155	1	M+Na
118.0441666075747	1	17.942791871523685	992.4995786131028	156	1	M+Na
117.0433542105409	1	39.53772251638161	994.3563986921263	159	1	M+Na
125.08077954578218	1	80550.00847614344	993.1382852579919	160	1	M+CH3OH+H
127.0848834806174	1	784.4104565248219	997.3366866502678	161	1	M+CH3OH+H
126.08507624549296	1	112.60325062260661	997.7810083537856	162	1	M+CH3OH+H
129.08949118075782	1	2.0958321962374815	996.1356364911289	163	1	M+CH3OH+H
126.08686898436812	1	142.34937218183813	996.7463636805761	164	1	M+CH3OH+H
127.08750282986837	1	73.65316324412431	997.0900224037536	165	1	M+CH3OH+H
126.08400035755179	1	3666.78920590017	996.3302728589	166	1	M+CH3OH+H
128.0884040541599	1	30.454620346424573	997.1735401573083	167	1	M+CH3OH+H
134.0810186212896	1	92182.4257363754	997.440758935367	170	1	M+ACN+H
136.0856615245474	1	549.1786255095044	996.2895482868098	171	1	M+ACN+H
136.0817820454921	1	20.82388156148458	994.7871172929506	173	1	M+ACN+H
135.07813334714606	1	301.85599847109	995.220365478669	174	1	M+ACN+H
136.09072202783207	1	6.883293399808032	998.7635498204211	175	1	M+ACN+H
135.08467768868243	1	4239.812746091083	993.1246536283885	177	1	M+ACN+H
137.0888020031474	1	37.09784711063212	991.1958976685747	178	1	M+ACN+H
74.58324343324162	1	9.461424818626364	1436.2019734451371	182	2	M+2H
74.08933387798679	1	496.20617427160755	1434.3464687516785	183	2	M+2H
75.09116015497538	1	12.21352387745693	1437.4171209328692	184	2	M+2H
74.0879763676973	1	21125.78032681577	1437.2888873699608	185	2	M+2H
74.59123183128253	1	43.83237735661155	1432.359925258598	187	2	M+2H
74.58964210601107	1	551.8144562223795	1435.5374374937862	188	2	M+2H
75.08811666211417	1	6.62661265237809	1436.955347586241	189	2	M+2H
82.09946780079538	1	287337.1154021483	1433.7935030961912	190	2	M+H+NH4
82.59810024289942	1	3350.890775673271	1438.1169433411587	191	2	M+H+NH4
83.10117389720546	1	10.72474237293771	1438.2042608820025	194	2	M+H+NH4
83.10429508550438	1	55.92996787585384	1434.1687374991393	197	2	M+H+NH4
94.09959525266832	1	247670.0079535179	1435.3727113867528	200	2	M+ACN+2H
95.09668864911743	1	18.25198351273756	1438.6041182685472	202	2	M+ACN+2H
94.60266668050578	1	651.6946802304219	1435.2847585028562	203	2	M+ACN+2H
94.6013253515415	1	22237.204018001292	1437.6998462441707	205	2	M+ACN+2H
95.10431931343273	1	71.26339561544567	1434.3887063619861	207	2	M+ACN+2H
95.60140767205033	1	16.55753759145737	1440.0873929598688	209	2	M+ACN+2H
114.61280821309845	1	231974.43195903793	1439.1066024208453	210	2	M+2ACN+2H
115.1112802748809	1	4777.079852218691	1436.4687748929225	211	2	M+2ACN+2H
115.11566480849946	1	720.2398233844572	1436.107807274838	213	2	M+2ACN+2H
116.11804089075683	1	49.87651542174999	1435.1165770685632	214	2	M+2ACN+2H
115.11426430396186	1	29095.341121880178	1435.4825631879928	215	2	M+2ACN+2H
115.61302823228671	1	548.1564695307088	1434.2032793929475	216	2	M+2ACN+2H
115.61762924566871	1	103.46640635857312	1439.4855116830715	218	2	M+2ACN+2H
146.16499298810163	1	249428.15828239344	1438.5702974679268	220	2	M+H
147.16226077401907	1	3428.207680248088	1435.9646422524427	221	2	M+H
147.17135407500922	1	613.6295963008599	1436.6955029192743	223	2	M+H
147.16858725075943	1	19857.428165792604	1436.3228924290584	225	2	M+H
148.16559903029415	1	205.11790400999638	1440.0753504157196	226	2	M+H
148.17482423150255	1	41.12972671487798	1435.7912268312602	227	2	M+H
148.17169065406114	1	566.7585586790227	1436.7475334403202	228	2	M+H
149.16887782394093	1	7.337537090634299	1435.0571723793412	229	2	M+H
163.19167327256335	1	260747.55806640908	1434.3105795143292	230	2	M+NH4
164.18897408659106	1	3821.063091765472	1436.4394885598701	231	2	M+NH4
164.19783511797073	1	622.0701483405388	1437.4824157661085	233	2	M+NH4
164.19515617485487	1	18992.64091848267	1437.03172969822	235	2	M+NH4
165.19853851153024	1	513.4355160180934	1437.9248928318093	238	2	M+NH4
166.20186045594755	1	10.558215165489852	1434.9420659260024	239	2	M+NH4
168.14735410752988	1	237839.7533183349	1431.7873822266158	240	2	M+Na
169.15310187845483	1	449.52016020673	1438.703685315144	243	2	M+Na
171.15723092402462	1	11.202938854102936	1437.8284608925587	244	2	M+Na
169.1506837156453	1	19375.420820959323	1438.2368756440083	245	2	M+Na
170.1473832675628	1	185.71949542895484	1436.5507448640053	246	2	M+Na
170.1567381691868	1	42.644805786301404	1436.8972894554722	247	2	M+Na
170.15354050060742	1	711.3391395665309	1439.6775779607165	248	2	M+Na
171.15123372209803	1	7.76075603830911	1438.5004049168183	249	2	M+Na
178.19113297360522	1	243905.35854786925	1439.9686919401986	250	2	M+CH3OH+H
179.18853629702917	1	2294.037295900193	1434.8211931432302	253	2	M+CH3OH+H
180.20112293186625	1	61.144201948136015	1437.5403358414255	254	2	M+CH3OH+H
180.19824672537024	1	1027.038181141089	1436.4249135825626	255	2	M+CH3OH+H
179.1978000028983	1	748.2184204309888	1434.1283068920484	256	2	M+CH3OH+H
180.19190346309264	1	253.25820099452417	1437.044703354777	257	2	M+CH3OH+H
179.19470204385576	1	24661.425488878518	1437.8303539950768	258	2	M+CH3OH+H
187.19176157463212	1	273271.6968677771	1440.4080747722146	260	2	M+ACN+H
188.18861105598714	1	4102.783533750703	1433.806158722909	261	2	M+ACN+H
189.18579852791916	1	22.241481722382577	1438.7606557216668	262	2	M+ACN+H
188.19800639374046	1	874.9705340103375	1432.790325712363	263	2	M+ACN+H
190.20190550037907	1	25.51122528610662	1433.8751023092098	264	2	M+ACN+H
189.1920817193235	1	353.7508540976775	1437.3196936762015	266	2	M+ACN+H
190.1952614002442	1	15.49493108852477	1435.415058537524	269	2	M+ACN+H
135.04757570986027	1	103312.82947680214	934.9936618201733	270	3	M+2H
135.54599168196174	1	1379.3453600105895	939.4191356424897	275	3	M+2H
136.05095912502338	1	518.9172237302937	939.7854766160278	276	3	M+2H
136.55157279535274	1	104.22557814421955	938.0842444243023	277	3	M+2H
136.04776126780797	1	164.1564353447896	936.9504925438094	278	3	M+2H
135.55096512762586	1	173.74488773287504	936.0531729988152	279	3	M+2H
143.56071680107434	1	98339.42662371662	936.5792631218357	280	3	M+H+NH4
144.0626847023398	1	206.75598330226683	936.1881924020387	282	3	M+H+NH4
144.56413348052362	1	457.1706180232293	936.0225985834527	283	3	M+H+NH4
144.05938194628493	1	1627.1308493303304	938.9331478828534	285	3	M+H+NH4
144.56111373804384	1	187.41075264578677	936.8887972304326	288	3	M+H+NH4
144.06403823511857	1	228.13762489565963	937.7559654299836	289	3	M+H+NH4
155.56080220360514	1	101527.83943971034	939.4264017596877	290	3	M+ACN+2H
156.56295574225783	1	1000.3815628622807	938.9889262351322	291	3	M+ACN+2H
156.06298265503096	1	191.43187929979402	937.7544103671576	292	3	M+ACN+2H
156.5641389279306	1	715.2643772010379	938.0712473833647	293	3	M+ACN+2H
156.06264742590275	1	12463.547660336579	937.6004994897957	297	3	M+ACN+2H
156.5610232402973	1	237.5305282895675	934.2351735471244	298	3	M+ACN+2H
156.06390963870226	1	193.76255742544515	937.7591132655169	299	3	M+ACN+2H
176.07399815643979	1	97877.50379801332	938.9191611863814	300	3	M+2ACN+2H
177.07633199595566	1	1066.2225132130175	941.8607990642959	301	3	M+2ACN+2H
176.57661967948079	1	175.10674668546275	939.6400732534025	302	3	M+2ACN+2H
177.07773803346885	1	1032.0234293082383	939.095766838122	304	3	M+2ACN+2H
176.57308473180018	1	2565.8475089879184	935.7704665550029	305	3	M+2ACN+2H
177.57944084798598	1	50.69095660194013	938.1906437666892	306	3	M+2ACN+2H
177.07425376562009	1	344.8690834560472	938.410473878606	308	3	M+2ACN+2H
271.0923910189847	1	945.694315728912	934.4544890223597	311	3	M+H
270.0916210431194	1	11052.827695804384	933.0438783157159	314	3	M+H
270.0847122434928	1	1653.4597413915167	939.2572925045653	315	3	M+H
271.0948581244478	1	542.9956461269876	934.7922531687826	316	3	M+H
272.0955750681342	1	125.97095550051361	938.0447032362358	317	3	M+H
271.0885407069876	1	192.364597891966	937.2786109749987	318	3	M+H
270.09419868564584	1	142.05345796706231	938.7113607353446	319	3	M+H
286.1146807758694	1	91714.94313686657	936.0692818531417	320	3	M+NH4
288.1186082499443	1	1122.5377222116492	935.9652682255137	321	3	M+NH4
287.11898744552536	1	247.60038341742933	935.7688595181944	322	3	M+NH4
288.12154632443327	1	22.177485662782733	936.7002513519634	323	3	M+NH4
287.11795138622443	1	10361.562144963904	939.9897451822593	324	3	M+NH4
287.11144592969606	1	2006.747210038516	932.7318890170502	325	3	M+NH4
288.1211277816303	1	490.0392625153539	941.1519801939295	326	3	M+NH4
287.12073078965005	1	150.73944453454365	938.0449880408963	329	3	M+NH4
291.07032758457143	1	90897.85772211518	936.6067336129942	330	3	M+Na
293.0741511430804	1	986.101324424525	935.5217593550498	331	3	M+Na
293.07807109704464	1	26.25642127972785	937.369502748031	333	3	M+Na
292.0734959522185	1	11550.349749651532	937.3727724473104	334	3	M+Na
292.06662516843284	1	1406.5113680163136	937.1015091271618	335	3	M+Na
293.07029555280053	1	141.57706577561655	934.0042535765057	338	3	M+Na
301.11374861521847	1	89633.77789234773	942.3209847178475	340	3	M+CH3OH+H
303.1186457764671	1	1157.5492782791705	936.3499849332923	341	3	M+CH3OH+H
302.1188734915392	1	205.25828267027865	941.6279657476537	342	3	M+CH3OH+H
302.11789841952583	1	10475.563792230507	937.7971443560288	344	3	M+CH3OH+H
303.12052609690966	1	669.7382957005232	940.3476024565238	346	3	M+CH3OH+H
312.1186600065402	1	1110.2062735844054	940.3035581487734	351	3	M+ACN+H
311.11920751967244	1	201.90902873063501	939.4168946909589	352	3	M+ACN+H
313.12494177242576	1	29.071916264893666	940.5109754025714	353	3	M+ACN+H
311.1181256767044	1	12183.523867391137	939.8394644213898	354	3	M+ACN+H
312.1215421225278	1	687.5794788201865	936.6316804982232	356	3	M+ACN+H
313.12231987389254	1	134.55727855892516	938.0265098318807	357	3	M+ACN+H
312.1149590704661	1	247.3537002827174	940.204902019922	358	3	M+ACN+H
311.1215675209451	1	169.18088951802886	937.5074125652492	359	3	M+ACN+H
59.546781406707055	1	30277.727098102274	941.9076483219777	360	4	M+2H
60.548947311412256	1	140.34351664580325	938.7757120138909	361	4	M+2H
60.04885869278079	1	24.40873152358815	938.8068969360507	362	4	M+2H
60.045316977797434	1	104.94183414912008	941.4020526394902	363	4	M+2H
60.551463101130444	1	2.7801092302579513	941.8769949871148	364	4	M+2H
60.0484679441326	1	1639.3424244068938	939.5278281229104	366	4	M+2H
61.05066061345629	1	7.3718241094025405	939.0799823516309	367	4	M+2H
60.550138136320605	1	39.8117263024808	940.9371800517364	368	4	M+2H
69.06209356354265	1	149.43635871217322	936.0252418364594	371	4	M+H+NH4
68.5621967476723	1	26.688299729630387	941.6146467097503	372	4	M+H+NH4
69.06492005458605	1	3.205493228842049	940.3752290812815	374	4	M+H+NH4
69.0601013611888	1	13.955103579370897	941.12650926542	375	4	M+H+NH4
68.56319460092081	1	64.49731381624991	944.678627705475	376	4	M+H+NH4
69.06351078820299	1	40.93248787233088	940.7436533347372	377	4	M+H+NH4
68.56169558643968	1	1833.894166156519	944.8976545210764	378	4	M+H+NH4
81.06231808131743	1	156.1051904471403	944.1067560439177	381	4	M+ACN+2H
80.55842611953886	1	272.66618170044745	942.075396953204	383	4	M+ACN+2H
81.06486031515709	1	5.698475464140416	941.5875576687414	384	4	M+ACN+2H
80.56320318947638	1	57.60097138914157	940.5338266636662	386	4	M+ACN+2H
81.06341768301066	1	77.45097019911644	940.3515674851567	387	4	M+ACN+2H
80.56162329332484	1	2503.1438618882626	938.4808275062005	388	4	M+ACN+2H
81.56390667876656	1	9.927183316673398	937.782121370938	389	4	M+ACN+2H
100.57325388058278	1	39472.155530808646	936.6272114172097	390	4	M+2ACN+2H
101.5755345851789	1	150.1135742196666	943.8666399177976	391	4	M+2ACN+2H
101.07528601347511	1	24.46438048372217	938.7261920075304	392	4	M+2ACN+2H
101.071977051006	1	329.2489737920237	945.2645020968964	393	4	M+2ACN+2H
101.57811145710613	1	6.900196177937127	939.083047144416	394	4	M+2ACN+2H
101.57362705005345	1	35.644458165380016	940.6199230561674	395	4	M+2ACN+2H
101.07645843268249	1	65.8349614126121	940.39202568534	396	4	M+2ACN+2H
101.57664280010266	1	153.89564753069683	940.455886887608	397	4	M+2ACN+2H
102.07707336965771	1	11.747168926583758	939.4141145068509	399	4	M+2ACN+2H
118.08627446557085	1	34797.168803526394	938.1142792949817	400	4	M+H
119.0904760075842	1	26.002607712327944	942.5614048611964	402	4	M+H
119.08314495603827	1	106.22015354722949	939.1490091117372	403	4	M+H
120.0958420633207	1	2.3726050458827834	945.413512358275	404	4	M+H
119.09258588773974	1	46.82786363464726	938.6309924882479	405	4	M+H
119.08951130686948	1	1789.1076989064914	942.310987503458	406	4	M+H
121.09388655077444	1	7.115737150990042	940.5883695684661	407	4	M+H
120.09297078962659	1	34.84652808798133	936.6079050969832	408	4	M+H
137.1170417449503	1	150.9320475305286	942.3435509081124	411	4	M+NH4
136.11711143135292	1	26.054752933778037	946.8995001623915	412	4	M+NH4
136.10987401633005	1	255.89319062263664	943.6823654733747	413	4	M+NH4
137.12247845428055	1	2.745454002822149	940.1730423291664	414	4	M+NH4
137.1133832575823	1	13.002660566438209	945.268033716616	415	4	M+NH4
136.11914717924765	1	66.10396205646865	942.0117996449441	416	4	M+NH4
138.12039943631626	1	6.956662002131884	942.4919860064801	419	4	M+NH4
140.06826972720904	1	29795.795775250197	940.0763135226906	420	4	M+Na
141.07227612911282	1	24.058854460739706	939.7608442925826	422	4	M+Na
141.06544624575733	1	136.47228963710822	944.6410343773604	423	4	M+Na
141.07468841490447	1	41.1855906580649	941.943222556128	425	4	M+Na
141.07171486434936	1	1901.653794614859	940.6806790794238	426	4	M+Na
143.07572398041387	1	7.429729507573216	941.5816887413596	427	4	M+Na
142.07473524288235	1	34.297221711801654	939.1583992440586	428	4	M+Na
142.06856670908596	1	6.951273488380159	939.3832193984618	429	4	M+Na
152.1169660680756	1	173.78879492607365	939.9989597344556	431	4	M+CH3OH+H
151.11669322758573	1	42.94594662511877	943.6904961055945	432	4	M+CH3OH+H
152.11272720542868	1	8.152183601979402	939.6546402357926	433	4	M+CH3OH+H
153.12001330361167	1	12.175417279146203	942.0199562715208	439	4	M+CH3OH+H
159.11262093457216	1	38900.555740944576	942.2749737385046	440	4	M+ACN+H
161.1172687515161	1	122.87910741554187	941.0835566953438	441	4	M+ACN+H
160.10972590894758	1	249.48973581039482	943.262767865606	443	4	M+ACN+H
161.1225445842988	1	4.108849995673504	939.5106844814392	444	4	M+ACN+H
160.11890840564448	1	47.674915220359686	944.9147584084675	446	4	M+ACN+H
161.1195243153125	1	87.52319934291329	942.0684519771709	447	4	M+ACN+H
160.1161659028717	1	2362.0707819311037	938.8787830981536	448	4	M+ACN+H
162.12025828516613	1	9.772438960298935	943.0115549387523	449	4	M+ACN+H
55.54019701417579	1	786.9574623885576	902.7164959633271	451	5	M+2H
56.0386727846524	1	1.300372111840281	896.7349547781739	452	5	M+2H
55.54478352228052	1	113.77362196893355	898.7333345257936	453	5	M+2H
55.54339583310295	1	7442.12889871227	894.6233440964664	454	5	M+2H
56.04637344004586	1	6.9871722915692	900.8945691934224	456	5	M+2H
56.044951252210005	1	161.30096979826058	899.6881227553658	457	5	M+2H
56.546686028649304	1	2.767426325261588	898.3883139440683	459	5	M+2H
63.55481179889889	1	107671.34767687193	898.4467912065387	460	5	M+H+NH4
64.05350347249231	1	1269.8394464753158	899.758540938169	461	5	M+H+NH4
64.05811082870878	1	155.21984967359333	896.3295637976761	463	5	M+H+NH4
64.05649988977693	1	6959.465959332248	899.3688322705668	465	5	M+H+NH4
64.55975392598134	1	9.03052724138293	901.2189649779865	467	5	M+H+NH4
64.55831485287806	1	215.11762355732213	900.9386083938728	468	5	M+H+NH4
65.05680003083648	1	2.1703321677735086	899.4828478515764	469	5	M+H+NH4
76.05351515943713	1	1128.0264834072188	897.5401040407542	471	5	M+ACN+2H
76.05810997677465	1	165.2083792750026	899.6329636613195	473	5	M+ACN+2H
77.0600519322661	1	7.493365571587598	897.5193095571487	474	5	M+ACN+2H
76.05662968434446	1	10009.739574912643	898.4482632626153	475	5	M+ACN+2H
76.55829728865078	1	323.4985270330709	896.9394583668253	478	5	M+ACN+2H
77.05665039995642	1	3.817615539841528	900.177139949612	479	5	M+ACN+2H
96.06823752709253	1	84278.7157723113	898.7841251294989	480	5	M+2ACN+2H
96.56660053655904	1	1323.4072078308704	899.7831382328812	481	5	M+2ACN+2H
96.57128729516369	1	163.29912351427194	899.1125712286753	483	5	M+2ACN+2H
96.57017680876382	1	11483.03093035154	900.2820942610264	485	5	M+2ACN+2H
97.07139183871703	1	569.9174458824876	900.9931820248424	488	5	M+2ACN+2H
97.5701059488078	1	7.93568102072317	899.2458890476986	489	5	M+2ACN+2H
110.07314550705024	1	706.0724386024195	900.8017265538488	491	5	M+H
111.07009577195083	1	1.3172669158266213	902.5106472128125	492	5	M+H
110.07933216034051	1	7339.583163500803	899.5189000427964	494	5	M+H
111.08554729146505	1	7.224456316696004	896.5620525095527	496	5	M+H
111.0826935757341	1	196.05277213362857	896.9943110584718	497	5	M+H
127.0995557427764	1	1141.7099212831536	896.0334467818897	501	5	M+NH4
127.1089231611261	1	108.83008556198867	896.5881233446144	503	5	M+NH4
129.11264558808116	1	2.9379813937180246	898.2346694120536	504	5	M+NH4
127.10598828441725	1	6776.128980689359	898.5074062244676	505	5	M+NH4
128.10305566072896	1	72.48325499376776	900.1348007762034	506	5	M+NH4
128.11203461235255	1	9.851974274584173	899.5505542386841	507	5	M+NH4
128.10937605214457	1	168.948255679031	901.0849889830824	508	5	M+NH4
132.05506307131085	1	773.5073347090762	898.9749149640594	511	5	M+Na
133.052168074376	1	1.273288967470874	899.3781386545129	512	5	M+Na
132.0612110110329	1	6806.368242401708	898.6297923211708	514	5	M+Na
134.06190160899737	1	1.6988095926517799	896.8028033356553	518	5	M+Na
141.1023339436485	1	96952.17502132228	899.9641903677027	520	5	M+CH3OH+H
143.10619675288052	1	226.46711339512012	898.7369023442866	521	5	M+CH3OH+H
142.09905942585826	1	702.3740923566285	897.7078268662082	523	5	M+CH3OH+H
143.10259189820772	1	68.40947888278079	902.8530906849146	525	5	M+CH3OH+H
142.10837448320567	1	155.82010380837565	898.7106144353828	526	5	M+CH3OH+H
143.1089894467466	1	293.21724930728936	899.6498186926596	527	5	M+CH3OH+H
142.10554858830835	1	7458.2754993966255	900.3985567998749	528	5	M+CH3OH+H
144.10984887240772	1	15.550831640001542	899.0362083440941	529	5	M+CH3OH+H
150.10250279516848	1	101529.84890542764	902.1504206001277	530	5	M+ACN+H
151.0996802289925	1	1221.6970663270574	898.4021372355064	531	5	M+ACN+H
152.0967817665238	1	4.6908121277208235	899.8970886413996	532	5	M+ACN+H
151.10865991552544	1	150.53584791519341	899.4877735066812	533	5	M+ACN+H
151.10588994295313	1	11405.106808685932	900.8524675347675	535	5	M+ACN+H
152.11243157951688	1	12.153792816307757	898.3256050722027	537	5	M+ACN+H
152.10916962205224	1	350.3882506697939	897.3648039170599	538	5	M+ACN+H
153.10633311202523	1	3.520493095379783	897.2391662953337	539	5	M+ACN+H
117.06795666299396	1	371434.1358920041	963.8271985129448	540	6	M+2H
117.56654193088866	1	3014.0146228562066	963.5858355472086	543	6	M+2H
118.57288314435344	1	126.53074098731575	967.3720217294373	544	6	M+2H
118.07103138169238	1	3100.3007258474654	968.3724098539022	545	6	M+2H
118.06808394614559	1	432.0387655663601	965.0084165378875	547	6	M+2H
117.56947516665444	1	54668.31356574783	964.5588363830843	548	6	M+2H
125.58110442094882	1	363775.21152277954	962.9631600862352	550	6	M+H+NH4
126.58316137397844	1	1935.4258055675325	965.379921682408	551	6	M+H+NH4
126.08337982670866	1	273.0902194765408	968.6376750502926	552	6	M+H+NH4
127.08630245223608	1	135.6801165460431	965.3368251622853	554	6	M+H+NH4
126.58123479229867	1	588.166306036036	966.4057096338566	555	6	M+H+NH4
126.08434918059771	1	1198.0962934575803	959.7011500480161	556	6	M+H+NH4
126.5843831963158	1	3633.720233960601	963.7629073558351	557	6	M+H+NH4
126.08277337573467	1	57728.85054219182	965.0154017399634	558	6	M+H+NH4
127.08487320084197	1	202.41874368375244	966.9667285119634	559	6	M+H+NH4
137.58120144148967	1	367780.94786196743	965.5214247624128	560	6	M+ACN+2H
138.5833195191981	1	1708.2514386765515	964.3917332423739	561	6	M+ACN+2H
138.08326067480706	1	273.6073128209536	966.782401331341	562	6	M+ACN+2H
138.0794892008381	1	3443.74368200183	965.9725253287028	563	6	M+ACN+2H
139.08640639847374	1	221.09855693001714	964.8353598138605	564	6	M+ACN+2H
138.58133684237671	1	666.1644359509313	963.8689754834538	565	6	M+ACN+2H
138.08425405348646	1	911.4076646697093	968.5990479337937	566	6	M+ACN+2H
138.58453866676442	1	3909.946009341665	961.6763634809064	567	6	M+ACN+2H
138.08283276593602	1	59045.65034215492	963.3394968677711	568	6	M+ACN+2H
139.0848648986791	1	234.71758296953334	967.5356829885036	569	6	M+ACN+2H
158.09461580192817	1	377367.2776076063	966.7544348086014	570	6	M+2ACN+2H
159.09644095271918	1	1435.1491919490134	963.6713262395816	571	6	M+2ACN+2H
158.59653006919157	1	278.4312260563864	965.4311656614279	572	6	M+2ACN+2H
159.09429841073745	1	922.3697962144842	961.9711513525251	574	6	M+2ACN+2H
159.599393125705	1	335.77554519627404	965.7613210629792	575	6	M+2ACN+2H
159.09780776697232	1	6215.5935331399405	961.8155042072584	577	6	M+2ACN+2H
235.13287319754656	1	1645.7416075002477	965.2407340288411	581	6	M+H
235.134944409516	1	3554.644745747104	965.2386285119098	585	6	M+H
234.13472174604823	1	796.6305707624291	966.6312142481854	586	6	M+H
235.12914509918102	1	435.6196906380263	965.52334458185	587	6	M+H
234.13168025903997	1	50438.29787310988	964.9192738934962	588	6	M+H
236.1362908499593	1	202.3566248495684	963.075825762681	589	6	M+H
252.15937998151267	1	1699.4956796746128	965.8080515431918	591	6	M+NH4
251.15925557013136	1	293.37184363202067	962.1552171068395	592	6	M+NH4
251.1515407397753	1	4170.952514074637	966.77779191343	593	6	M+NH4
253.1652982410195	1	144.68088842758164	968.7952082650238	594	6	M+NH4
252.1554587923051	1	659.8404109871927	965.3153937229883	595	6	M+NH4
251.161219406949	1	847.5200084742688	964.039390340964	596	6	M+NH4
251.15888470839263	1	56497.680738854884	965.0599657483745	598	6	M+NH4
253.16265330514707	1	235.2857901078417	965.1484876487268	599	6	M+NH4
257.11428323221435	1	1298.0224808270407	966.1816395807443	601	6	M+Na
256.11482448886755	1	284.0823740882568	963.2453078060552	602	6	M+Na
258.12065070349394	1	130.25953262376743	962.2043279726184	604	6	M+Na
257.1110804122848	1	355.62950970901187	962.8011734831741	605	6	M+Na
257.11726150666055	1	3620.81967971331	965.1771059002226	607	6	M+Na
256.11355477265	1	54905.43194105452	961.3263350867154	608	6	M+Na
258.11821389645587	1	210.26518333875237	964.8599067877852	609	6	M+Na
265.15464834717056	1	374722.87028344034	964.3229907959375	610	6	M+CH3OH+H
267.1590648809872	1	2504.841296509773	966.7898412214778	611	6	M+CH3OH+H
266.1517506822152	1	1863.1283150489548	964.917969723675	614	6	M+CH3OH+H
268.1646576814231	1	200.7002268482955	966.5649412068142	615	6	M+CH3OH+H
268.16231470396315	1	297.7486303318458	970.0493296869776	616	6	M+CH3OH+H
266.16057515120843	1	974.8936188323822	965.5705233617169	617	6	M+CH3OH+H
267.1615314545546	1	3658.416849736741	963.2126113483279	618	6	M+CH3OH+H
274.1553770935525	1	451568.4969201606	965.9610408641826	620	6	M+ACN+H
276.1593116400047	1	1607.1970434382786	963.901927145932	621	6	M+ACN+H
277.1652219401057	1	210.396767048996	966.9444639917734	624	6	M+ACN+H
276.1558037791038	1	631.2572259929162	963.8703298996076	625	6	M+ACN+H
276.16135997648644	1	4763.227214233737	965.782843885177	627	6	M+ACN+H
275.1579447732013	1	71672.6365676003	961.7676445546168	628	6	M+ACN+H
277.1628030169971	1	202.50908793358215	966.9075801835606	629	6	M+ACN+H
95.04339273548473	1	462.4866540347648	1111.0816610213249	631	7	M+2H
94.54283740312682	1	13009.888294695225	1110.734495209889	634	7	M+2H
95.04516750383175	1	9.390027609244136	1117.4280472234514	636	7	M+2H
95.04600016267064	1	15.801473185231236	1112.8283731145634	637	7	M+2H
95.04473749272141	1	715.3703146033981	1111.2152853306354	638	7	M+2H
95.54635216187704	1	28.281961187520967	1113.0190516597652	639	7	M+2H
102.55459849517655	1	87887.85471245834	1112.7166650559	640	7	M+H+NH4
103.55662832916025	1	355.1923794351381	1111.4436175874494	641	7	M+H+NH4
103.0567288038549	1	71.9286592713238	1111.7949060826627	642	7	M+H+NH4
103.05306014532175	1	362.86048676987554	1110.5866295632954	643	7	M+H+NH4
103.05781684370842	1	152.65877736999187	1110.9403848729723	645	7	M+H+NH4
103.05614690540351	1	13460.482076051718	1110.7485529626865	646	7	M+H+NH4
104.05824735824278	1	45.27973440639885	1114.101854146649	647	7	M+H+NH4
103.55776181473264	1	749.303443576014	1113.2062626465188	648	7	M+H+NH4
114.55453518664437	1	90450.8709462666	1112.7170490371302	650	7	M+ACN+2H
115.55648564276139	1	323.2466981111307	1113.8261181993153	651	7	M+ACN+2H
115.0568696011124	1	78.18962477798198	1113.2130871118407	652	7	M+ACN+2H
115.05317540197821	1	358.4654070247117	1109.2213873316134	653	7	M+ACN+2H
116.05959086754027	1	43.20493562305049	1112.2591069158652	654	7	M+ACN+2H
115.05766754129691	1	179.68688037922578	1114.199841796606	655	7	M+ACN+2H
115.05612813439214	1	14616.192394038648	1110.8194079250002	656	7	M+ACN+2H
135.06777633357137	1	83786.3881026624	1112.2416751447533	660	7	M+2ACN+2H
136.06999702344893	1	311.80181922856485	1113.5618790281599	661	7	M+2ACN+2H
135.5699430536765	1	67.92014387927203	1109.8958465531912	662	7	M+2ACN+2H
135.5662872215139	1	759.5505942223396	1107.9767986037648	663	7	M+2ACN+2H
136.5729051399038	1	57.323481515817456	1114.009316290023	664	7	M+2ACN+2H
136.0710499904029	1	1281.325336173579	1109.4708858465574	665	7	M+2ACN+2H
135.5694788039492	1	15944.36396586777	1113.0946724328023	668	7	M+2ACN+2H
136.57172068477877	1	59.23279384025399	1114.9395920734828	669	7	M+2ACN+2H
187.07513838382576	1	101296.35854553594	1110.7406943362498	670	7	M+H
189.07952750437718	1	396.53087622154504	1110.1488280302049	671	7	M+H
188.07971969000198	1	91.69059903396675	1112.4842479314802	672	7	M+H
188.07869898208813	1	12094.151377829518	1113.8248798094237	674	7	M+H
189.08278372407386	1	10.98150478954216	1111.0008230414733	676	7	M+H
189.08480860955433	1	16.320537836453305	1111.0881488139928	677	7	M+H
189.08210720396363	1	904.0985109463254	1113.299702835302	678	7	M+H
190.08550141590237	1	25.75158095317697	1111.8641797772805	679	7	M+H
204.10199355820052	1	81973.01143058039	1115.8031959490386	680	7	M+NH4
205.1059344657198	1	71.06124235384046	1113.6574582554995	682	7	M+NH4
205.0991532591248	1	265.5898507941034	1111.1350744601018	683	7	M+NH4
205.10836099903577	1	201.35345927785502	1109.9114232038773	685	7	M+NH4
205.1050065672735	1	12391.479422589471	1112.3076893372267	686	7	M+NH4
207.1090761579095	1	55.505217511372905	1109.3155891561419	687	7	M+NH4
206.10850980228759	1	776.8740530243293	1113.9579028089142	688	7	M+NH4
210.06148007857888	1	80.988714997397	1111.329440272823	692	7	M+Na
210.0632945801095	1	126.71271164625155	1111.1508511514278	693	7	M+Na
210.06101071730245	1	13014.55668663526	1111.4501653583259	694	7	M+Na
211.06473866654036	1	11.414725510802555	1108.7570238398266	696	7	M+Na
211.06371518176016	1	749.0035770564102	1112.5475358728759	698	7	M+Na
219.10193951749747	1	102951.98304357527	1112.8072906226157	700	7	M+CH3OH+H
221.10587073374452	1	568.9845955958858	1109.3356856141652	701	7	M+CH3OH+H
220.10579922113274	1	125.43696251164546	1116.522796939614	702	7	M+CH3OH+H
220.10798273572877	1	157.30848541657824	1112.4455175038472	704	7	M+CH3OH+H
220.1047590832821	1	14090.812619520973	1113.5522233362553	705	7	M+CH3OH+H
221.10869332320624	1	16.164926430779847	1110.5104263718665	707	7	M+CH3OH+H
221.11137650208224	1	23.100503501352335	1114.5474609321036	708	7	M+CH3OH+H
228.10213026813926	1	78561.65885758575	1109.4894434270009	710	7	M+ACN+H
230.10618177540434	1	369.2730407947744	1112.9910597148082	711	7	M+ACN+H
229.10604853314047	1	79.93311589439557	1110.4788896673524	712	7	M+ACN+H
229.0992070884856	1	394.3153382769696	1114.5417098845855	713	7	M+ACN+H
229.10805196717146	1	163.11446152597722	1114.0487867340962	715	7	M+ACN+H
229.10524559456516	1	12348.905162195255	1110.442770856832	716	7	M+ACN+H
230.10881957028843	1	830.6496062125141	1111.977895121867	718	7	M+ACN+H
230.10185661343965	1	44.89297814102294	1112.8030389648075	719	7	M+ACN+H
112.55438906215593	1	483.0083657443639	593.1739179822185	721	8	M+2H
112.55549949693506	1	194.66877718105724	595.435174780545	723	8	M+2H
113.0558833924705	1	51.37915725588295	594.5579729869604	724	8	M+2H
112.0505245426763	1	172.5952045742497	593.0116495538496	725	8	M+2H
112.55233652678257	1	15.142612078407117	596.2200129092723	726	8	M+2H
112.05527446405058	1	95.89328954882299	594.5268260861253	727	8	M+2H
112.05374110347898	1	4095.9030363035254	593.6490796623831	729	8	M+2H
120.0656330652942	1	47149.978256398565	593.2003788246453	730	8	M+H+NH4
121.06774075476964	1	512.6148583790921	593.9582297381171	731	8	M+H+NH4
120.56780191397193	1	101.72296029832016	591.9061057626327	732	8	M+H+NH4
121.06573971330684	1	33.2126362122994	592.4766724030006	733	8	M+H+NH4
120.56728122703927	1	4712.57416679961	591.3281544425289	737	8	M+H+NH4
121.06861545504323	1	154.1772913170964	596.2023902197967	738	8	M+H+NH4
120.56856064572128	1	93.54702386809942	597.046422771368	739	8	M+H+NH4
132.06538034518985	1	44638.90510084217	592.2248066619403	740	8	M+ACN+2H
133.06764680097174	1	525.8454239428797	593.5980306930402	741	8	M+ACN+2H
132.56759389548375	1	91.7115944043031	593.1638658752042	742	8	M+ACN+2H
133.5694787319649	1	63.942574224730855	589.9683621099368	744	8	M+ACN+2H
132.56412170368867	1	331.80872377755895	589.5277868418336	745	8	M+ACN+2H
133.07027653604203	1	10.580524605733464	595.216933822319	746	8	M+ACN+2H
132.56693614324266	1	4963.914774438294	590.6943564455266	747	8	M+ACN+2H
133.06878392363882	1	225.5952143811207	589.9756537671128	748	8	M+ACN+2H
153.08108151797333	1	95.95640724033893	592.409425306744	752	8	M+2ACN+2H
153.57894931100432	1	61.65228171828208	597.4628155294713	753	8	M+2ACN+2H
154.08257208389338	1	74.55602742759322	594.6022581879481	754	8	M+2ACN+2H
153.07736026002544	1	589.7303034208572	593.3676561658381	755	8	M+2ACN+2H
153.58346673859845	1	17.126205690665632	589.3151559162592	756	8	M+2ACN+2H
153.0806433697093	1	5110.562250414826	590.6625821772401	757	8	M+2ACN+2H
153.08181955721457	1	126.31086219763822	594.8032121223927	759	8	M+2ACN+2H
222.09694536715295	1	46809.26331773547	590.9377189302347	760	8	M+H
224.101091509543	1	583.7057834480202	591.6827195173394	761	8	M+H
223.10169304077002	1	101.54946735517562	595.4848752936045	762	8	M+H
224.10384343069705	1	150.4192216302299	590.4794380863516	763	8	M+H
224.104773151567	1	10.66649390754229	592.9645716291415	764	8	M+H
224.09766282919844	1	15.61111730681622	589.6326195002977	766	8	M+H
223.1010246027219	1	3328.5722713872915	591.1520748892199	769	8	M+H
241.12779499355673	1	517.0944824257953	595.1417583985234	771	8	M+NH4
240.12804030235955	1	110.22584658345819	594.0390338612982	772	8	M+NH4
241.12402994311157	1	32.50205527994524	597.7596922644882	773	8	M+NH4
241.13033985141374	1	156.4289828328497	596.002630774516	776	8	M+NH4
241.13098112880266	1	8.2627950700162	593.8481650654834	778	8	M+NH4
240.1301477350301	1	104.99255892972005	596.1503062476642	779	8	M+NH4
246.08325420070122	1	663.0762707994145	591.7189072972612	781	8	M+Na
246.0860164481631	1	161.31751786926694	594.5725082096234	783	8	M+Na
246.08699466231465	1	8.114927734863286	593.0622609219217	784	8	M+Na
245.07659872832195	1	173.65013716250166	593.9300815021061	785	8	M+Na
246.07947936626292	1	15.564697214095427	593.8470109135059	786	8	M+Na
245.08523299391683	1	84.72855820373553	592.5638743395863	787	8	M+Na
254.12288093977924	1	40362.8065089559	594.2929096063502	790	8	M+CH3OH+H
256.1279223035545	1	548.5242245037877	593.6889057757566	791	8	M+CH3OH+H
255.12780445487996	1	131.69328370155142	593.7176903091745	792	8	M+CH3OH+H
256.1302023369207	1	231.70554583462084	592.2577551942704	793	8	M+CH3OH+H
255.1200389526292	1	190.23880212676082	594.8887410343344	795	8	M+CH3OH+H
255.12974342678996	1	102.62679294523448	593.8688103467198	797	8	M+CH3OH+H
263.1235323416277	1	42992.662684147384	593.7406031663829	800	8	M+ACN+H
265.12766210461086	1	735.2947868674165	594.6658429373832	801	8	M+ACN+H
265.13008345619426	1	260.80896732692827	596.3670166710887	806	8	M+ACN+H
264.1298198311102	1	98.87299799755553	591.4171889454676	809	8	M+ACN+H
76.53204377222944	1	232626.5317072644	456.6941629578486	810	9	M+2H
77.03417013081527	1	80.57456538104528	458.2909410729046	812	9	M+2H
77.53522404776581	1	256.9269103396043	458.3321001935113	814	9	M+2H
77.52905645249768	1	24.480978195676723	460.2759761827125	815	9	M+2H
77.0350155413738	1	194.04327829176768	457.83251015457176	816	9	M+2H
77.53230836111148	1	225.00132276150225	458.6861154198928	817	9	M+2H
85.0452021906665	1	181196.48883786798	460.7306975748994	820	9	M+H+NH4
86.04736809727834	1	434.96042784504766	456.9911656163087	821	9	M+H+NH4
85.54732569900348	1	82.34025744305434	456.9331672365535	822	9	M+H+NH4
85.54383777723099	1	4493.071231849702	461.7796208177901	823	9	M+H+NH4
86.04856960169786	1	219.1580187472759	459.50532749743627	824	9	M+H+NH4
86.04540661464445	1	258.7249227156186	463.0131577571823	827	9	M+H+NH4
85.54679003963759	1	10925.751931355373	454.1674913405682	828	9	M+H+NH4
86.54914897688997	1	22.892943485433065	456.0960742680696	829	9	M+H+NH4
97.04522820899517	1	195965.81504805808	461.99196597757697	830	9	M+ACN+2H
97.54372824557342	1	4215.2059702134475	462.3792208013282	833	9	M+ACN+2H
98.04864659951836	1	585.6032628005744	462.05081648838996	834	9	M+ACN+2H
98.04220197787382	1	44.963078499464146	459.0689803513906	835	9	M+ACN+2H
97.54845584648119	1	266.87210970034823	457.4189177499165	836	9	M+ACN+2H
98.04540955029759	1	347.5692704493878	459.0009463376784	837	9	M+ACN+2H
98.54905417522238	1	30.907474838272304	458.22680622542697	839	9	M+ACN+2H
117.55856663751972	1	209350.12675909273	460.59165678698906	840	9	M+2ACN+2H
118.56058475381943	1	415.4959808717154	462.14039370028473	841	9	M+2ACN+2H
118.05721537974885	1	5514.9091260315845	457.49676095817875	843	9	M+2ACN+2H
118.56185086111417	1	863.4423971428445	460.2408603750497	844	9	M+2ACN+2H
118.55571658102279	1	61.154354085710956	457.0549967548817	845	9	M+2ACN+2H
118.55863980526252	1	524.3994431973831	460.62628745027547	847	9	M+2ACN+2H
118.05997786340683	1	25918.096345222682	457.50543095556907	848	9	M+2ACN+2H
119.06239030223209	1	37.87801395354372	456.84574318455657	849	9	M+2ACN+2H
153.06103606145223	1	76.56205189761681	459.60472712363804	852	9	M+H
154.0633465466583	1	195.34135932071194	459.4365742448227	854	9	M+H
154.0507150694805	1	31.71484325768725	460.609731657701	855	9	M+H
153.0629705439897	1	138.34920103110844	457.4784770593857	856	9	M+H
154.05698944578123	1	195.36727500039873	455.69499850061845	857	9	M+H
153.0601314887811	1	12762.540540563505	460.3903891578986	858	9	M+H
169.08349107508624	1	194423.63393615722	453.1392166437312	860	9	M+NH4
170.08732578743042	1	79.98469790061986	456.97807780070565	862	9	M+NH4
170.08037122370726	1	4753.275993667507	458.6222806254111	863	9	M+NH4
171.07736373248844	1	49.207079620915636	460.1392850626497	865	9	M+NH4
170.08939480284388	1	216.8901405656104	457.96607681222076	866	9	M+NH4
170.08642734615748	1	11389.852416035748	461.42702410253673	868	9	M+NH4
174.03854238956734	1	171503.18298197287	459.1817670591594	870	9	M+Na
176.04278875696656	1	482.9151007550865	457.4397772022541	871	9	M+Na
175.04313127135524	1	69.50162245657877	457.7645541015814	872	9	M+Na
175.03577052303862	1	4266.896664255515	458.0945911168381	873	9	M+Na
176.04553768768452	1	301.8881281523956	461.3348289204154	874	9	M+Na
175.0450616959948	1	153.54566610940057	457.72093765358284	876	9	M+Na
175.04190820921403	1	13183.195495617516	459.82199718663406	877	9	M+Na
177.0462883116033	1	25.756114354001063	458.21896457704054	878	9	M+Na
185.08702704256024	1	201.06118356898176	457.9755606321434	882	9	M+CH3OH+H
185.0797766506403	1	3736.4434391292148	459.91671450466913	883	9	M+CH3OH+H
187.0901647063223	1	59.27242951546562	455.87573455727465	885	9	M+CH3OH+H
186.07673635202002	1	28.481987246982793	462.6246773154374	886	9	M+CH3OH+H
186.08328814486262	1	257.860134865522	456.6680427857049	888	9	M+CH3OH+H
193.08296200098042	1	236166.90230106894	462.2635747437111	890	9	M+ACN+H
195.08755850489266	1	453.67608567637916	459.9456867672004	891	9	M+ACN+H
194.08750568376533	1	84.23356849865891	456.5904298949835	892	9	M+ACN+H
195.0901852485552	1	516.6025898456728	458.1026325333656	894	9	M+ACN+H
195.0772190913558	1	46.10090400293056	456.5441807053231	895	9	M+ACN+H
195.08369909429175	1	373.87563146572893	457.52104313426656	897	9	M+ACN+H
194.08693192803938	1	16444.634523638368	459.91229165510356	898	9	M+ACN+H
196.0905890480806	1	37.22063010473858	459.90871719104416	899	9	M+ACN+H
85.54423805152021	1	712297.2532221695	905.7926025058257	900	10	M+2H
86.04615903009369	1	811.4488613016235	905.9839395147002	902	10	M+2H
86.54435352045031	1	258.49500156937154	905.2585317886783	903	10	M+2H
86.04261313243525	1	3163.5242414607615	906.2087793001932	904	10	M+2H
86.54898880607783	1	112.1962680186254	905.7662974416112	905	10	M+2H
86.0473759093182	1	1098.6642002622536	910.5896593842563	906	10	M+2H
86.04608622408094	1	75035.61619037589	905.7051154429075	907	10	M+2H
87.04804461630401	1	508.8420367273135	908.4537700038381	908	10	M+2H
86.54758306280625	1	2587.4522649852447	905.0278118584346	909	10	M+2H
94.05758328165969	1	758356.1048463543	907.5251572172403	910	10	M+H+NH4
95.0595146510808	1	4596.236441068883	906.2853204610549	911	10	M+H+NH4
94.55596310681831	1	5253.962334493595	905.4763024352128	914	10	M+H+NH4
94.55912594919081	1	60103.39220750916	906.6222072399441	918	10	M+H+NH4
95.06080839910098	1	2429.2762521295635	904.4144691091523	919	10	M+H+NH4
106.05756733897098	1	686056.9583841106	906.3083776428037	920	10	M+ACN+2H
106.5597754601228	1	927.8935962003186	909.0378603773116	922	10	M+ACN+2H
106.55607411530639	1	5887.291612765755	904.7602631128666	924	10	M+ACN+2H
107.06226769305579	1	132.47158733339663	910.0030257524105	925	10	M+ACN+2H
107.05757884139543	1	666.4661228321168	906.4888005219522	926	10	M+ACN+2H
106.55918802150917	1	90259.92141987159	906.8092037569816	928	10	M+ACN+2H
126.57078788299954	1	709591.2795155214	908.1053312944981	930	10	M+2ACN+2H
127.57305782310308	1	4346.464430724184	903.1990596398766	931	10	M+2ACN+2H
127.0723706634548	1	82237.403813854	908.4348771777208	933	10	M+2ACN+2H
127.57544396993919	1	239.91409464479943	908.9701030676388	935	10	M+2ACN+2H
127.5743292507887	1	4952.490325631267	905.1526557847275	936	10	M+2ACN+2H
127.57105910565015	1	1175.4397018629995	910.3967880924987	937	10	M+2ACN+2H
172.085557418073	1	4185.277211566214	903.6072930614544	941	10	M+H
171.0855128213695	1	639.173825091918	904.5848215744146	942	10	M+H
171.07814855260662	1	2958.9545974987823	902.7380771483499	944	10	M+H
172.09078161405287	1	108.43808700982953	904.7017811318864	945	10	M+H
171.0871591521326	1	1020.9091982129064	904.9108702427036	946	10	M+H
171.0846211413855	1	57277.52143764617	903.4455766376464	947	10	M+H
172.08796609299583	1	2231.9969458621	904.5786878874374	949	10	M+H
187.10774398124616	1	613041.6419790349	906.515922981621	950	10	M+NH4
189.11175953496817	1	5138.395727390526	905.3004338573764	951	10	M+NH4
188.11218026592755	1	793.9467122335707	906.1878026259387	952	10	M+NH4
190.1152073576514	1	409.4092104185297	904.0445038851933	953	10	M+NH4
189.10803560834628	1	411.4967719407632	907.5673293755576	956	10	M+NH4
188.1138487980131	1	1410.9017358754177	904.1418282212915	957	10	M+NH4
188.11126161138463	1	64121.083119965726	906.6953234376483	959	10	M+NH4
192.06329931769548	1	766936.7406067612	908.717941943449	960	10	M+Na
194.06737259913345	1	3723.2598712534837	904.8494250995848	961	10	M+Na
193.06719818541598	1	946.7706909258276	905.504065472916	962	10	M+Na
194.06351834936862	1	238.47274485169652	908.8144124079473	963	10	M+Na
193.06031508544228	1	2773.8851120279705	909.3454841741162	964	10	M+Na
194.07254501229332	1	80.99562081809728	905.6711286412656	965	10	M+Na
193.06962770329542	1	912.778964938428	909.4817374558293	966	10	M+Na
193.0663768406828	1	71658.8203850645	903.5876157763224	967	10	M+Na
194.0696530335359	1	2480.260451971587	907.6354248580541	969	10	M+Na
204.11133806961044	1	6356.983646949265	906.5210708244107	971	10	M+CH3OH+H
204.10774233831185	1	261.58792564413216	908.3860967628368	973	10	M+CH3OH+H
203.10433289833352	1	2508.377660925681	906.8932359049836	974	10	M+CH3OH+H
203.11371522406176	1	1324.8831088940012	908.7621245392481	976	10	M+CH3OH+H
205.11504668318304	1	627.7591827171851	906.8879180011941	979	10	M+CH3OH+H
211.10808723300156	1	864478.9594731393	904.2999073721306	980	10	M+ACN+H
212.11163567298522	1	768.0541723183264	910.1023246874826	982	10	M+ACN+H
214.11541750742603	1	445.1104080519955	906.4741113218585	983	10	M+ACN+H
212.10467177168772	1	5527.867988355694	904.817848241963	984	10	M+ACN+H
213.11702043897276	1	143.81357073077953	899.4647048630105	985	10	M+ACN+H
212.11416302930724	1	1045.176009074208	908.5034206425503	987	10	M+ACN+H
100.50512059741628	1	15882.881077901377	1266.014282945346	991	11	M+2H
100.50716644885055	1	289.18717471538827	1269.1022833153518	992	11	M+2H
100.0071032509312	1	63.59754245178116	1262.7821912929942	994	11	M+2H
100.00655119079849	1	4272.2506157532525	1264.9741854352342	995	11	M+2H
108.01840635387428	1	80764.79792467672	1265.3855826871995	1000	11	M+H+NH4
109.0185841884244	1	18000.73039226821	1265.0067235425872	1001	11	M+H+NH4
109.02036465456241	1	313.70623019457366	1262.144416212041	1002	11	M+H+NH4
109.02190742779621	1	96.81322458145627	1267.9972455862605	1003	11	M+H+NH4
108.5198985787571	1	3806.4356146712025	1269.439487637536	1005	11	M+H+NH4
108.51680651346807	1	549.4013699764406	1262.8042530645298	1006	11	M+H+NH4
109.51668279500055	1	103.31263801874348	1265.3625434630792	1007	11	M+H+NH4
109.52004623744331	1	786.6274769824703	1266.0007478632317	1008	11	M+H+NH4
120.01820678224556	1	87124.74555335018	1262.5723056058073	1010	11	M+ACN+2H
121.01842931539898	1	13863.98320872513	1268.2019473576383	1011	11	M+ACN+2H
121.02043421820102	1	336.6483725303669	1268.4901945537051	1012	11	M+ACN+2H
120.52056395932482	1	58.389845697007615	1266.298809947544	1014	11	M+ACN+2H
120.51991674418505	1	5810.504586400734	1265.6665456057044	1015	11	M+ACN+2H
120.51685961444306	1	573.6669194321973	1265.106274311937	1016	11	M+ACN+2H
121.52013999112803	1	920.111257680818	1264.7696469831512	1018	11	M+ACN+2H
120.52150024000031	1	175.3183356680398	1266.1807479180254	1019	11	M+ACN+2H
140.5313228906536	1	75431.7244800525	1267.6749903429697	1020	11	M+2ACN+2H
141.5316917050018	1	11480.903594939895	1265.4971923220235	1021	11	M+2ACN+2H
141.5317197205442	1	77.2713443491196	1265.2803375159558	1023	11	M+2ACN+2H
141.5351370364692	1	277.12462921922264	1265.771775237248	1024	11	M+2ACN+2H
142.0300747773478	1	156.19756229029235	1267.6232856585862	1027	11	M+2ACN+2H
142.03334644382747	1	1176.6857956629453	1264.561462247101	1028	11	M+2ACN+2H
200.00271938542454	1	15311.104947991604	1266.5660028675272	1031	11	M+H
200.0068669174819	1	366.7291069578506	1263.285644542669	1032	11	M+H
202.00709320344757	1	58.01417058628816	1263.5908910224787	1033	11	M+H
199.00011367547484	1	306.53615257450764	1266.605051536762	1036	11	M+H
200.0097288563184	1	100.7869494295413	1264.8270225853998	1037	11	M+H
215.02931874058413	1	81051.62652211486	1262.031947569404	1040	11	M+NH4
217.03368122722014	1	350.30039386824046	1264.600955601614	1042	11	M+NH4
217.035833502839	1	73.66303967770824	1268.5916411867083	1043	11	M+NH4
216.03313215874013	1	64.00820566137509	1265.0453002793988	1044	11	M+NH4
216.0325718859058	1	5048.636825743908	1263.5693789498087	1045	11	M+NH4
216.02651320581765	1	559.2634324738997	1266.1938740872963	1046	11	M+NH4
218.02678228968077	1	97.99444486716182	1266.0239063279562	1047	11	M+NH4
218.032642601171	1	760.8962346646642	1271.3458511461927	1048	11	M+NH4
216.03573446292953	1	144.83947584492037	1265.0120435946028	1049	11	M+NH4
219.9845307776068	1	82818.37818400057	1262.1574958693736	1050	11	M+Na
221.98502411870882	1	13690.69545056571	1270.0875155643766	1051	11	M+Na
221.98887601806618	1	325.270346434988	1271.0176072575503	1052	11	M+Na
223.9891271350755	1	68.94653810369216	1267.282073676791	1053	11	M+Na
220.98905068564204	1	60.864631983028815	1264.2646399365105	1054	11	M+Na
220.98159502058488	1	254.75318372715952	1262.484417760748	1056	11	M+Na
221.99135547506128	1	99.61641370954351	1267.3132914096097	1057	11	M+Na
220.99109606989666	1	112.82839566542465	1264.0494656522264	1059	11	M+Na
230.0292543389046	1	81535.07005891505	1267.1358187864407	1060	11	M+CH3OH+H
234.03337744166396	1	69.41546231266351	1265.9763580449387	1063	11	M+CH3OH+H
231.03285056899338	1	109.38186151507395	1266.0474527765684	1064	11	M+CH3OH+H
231.03240482834673	1	5369.338821860623	1265.2548757299303	1065	11	M+CH3OH+H
231.02580157058435	1	270.23693386050763	1266.980136603872	1066	11	M+CH3OH+H
232.0356504739338	1	127.69504478437517	1261.0906463713509	1067	11	M+CH3OH+H
231.03522936763343	1	139.3690973580079	1264.7966731584845	1069	11	M+CH3OH+H
241.02964212778423	1	15030.16129395957	1262.7342703389136	1071	11	M+ACN+H
241.0339029851023	1	311.2561483708314	1266.4153241420263	1072	11	M+ACN+H
241.03512495811972	1	219.9534320976637	1268.0256617073767	1073	11	M+ACN+H
240.03355443465472	1	56.7464150172963	1267.9094313822716	1074	11	M+ACN+H
240.0323982656149	1	7166.700589048131	1270.7593077308989	1075	11	M+ACN+H
240.02593366699244	1	638.6121671204749	1264.9405906426405	1076	11	M+ACN+H
242.02680303949364	1	94.56624478289513	1262.5184334560515	1077	11	M+ACN+H
242.03339072922012	1	1060.9137608217384	1271.663093289399	1078	11	M+ACN+H
240.03527403148846	1	149.18392688898274	1265.9702622860443	1079	11	M+ACN+H
75.53269682269023	1	128738.27228694964	1179.9430743608386	1080	12	M+2H
76.53069150355525	1	6662.717387230057	1179.9634327836516	1081	12	M+2H
76.03242818062967	1	1279.9238944723033	1178.9973474119984	1082	12	M+2H
77.03227531146348	1	364.8939202348239	1180.8188576556286	1085	12	M+2H
76.03449253199868	1	7989.100406732033	1181.4141006093919	1086	12	M+2H
76.03485591810286	1	112.6929070553455	1182.3083870208516	1087	12	M+2H
76.03129509801579	1	511.5081958494494	1178.7987991618786	1089	12	M+2H
84.04614851054424	1	151671.38068986812	1184.3419429196426	1090	12	M+H+NH4
85.04404502328092	1	6401.312532729721	1183.5136969164923	1091	12	M+H+NH4
84.54577111473458	1	1133.47564158049	1179.154032560224	1092	12	M+H+NH4
85.54562493176148	1	320.0778956722267	1179.9706814418241	1093	12	M+H+NH4
85.0481319175181	1	625.4591278313111	1183.7390531818971	1094	12	M+H+NH4
84.54760057343812	1	7175.29468251775	1179.915972804876	1095	12	M+H+NH4
85.04943657295603	1	168.96197574345175	1176.8024213765286	1096	12	M+H+NH4
84.54914078369735	1	278.2390078865049	1178.858113703824	1098	12	M+H+NH4
84.5445594985765	1	1115.5762475852491	1179.3515708123791	1099	12	M+H+NH4
96.04598688740428	1	142105.72460332993	1184.3958713929135	1100	12	M+ACN+2H
97.04394021131786	1	6112.24447257681	1178.2568180656879	1101	12	M+ACN+2H
97.04821034882363	1	545.7132840719999	1180.8854058796817	1104	12	M+ACN+2H
96.54770564778926	1	10875.198540185995	1179.8999112896076	1105	12	M+ACN+2H
96.54841695132681	1	111.13982378801757	1178.8594597738195	1107	12	M+ACN+2H
116.55936825895984	1	144910.59721874035	1184.8879583066007	1110	12	M+2ACN+2H
117.55731792642632	1	5675.5866760313165	1182.949066791911	1111	12	M+2ACN+2H
117.05902531210808	1	1308.7483657034609	1183.2195057625809	1112	12	M+2ACN+2H
118.05901482251372	1	570.1091212596316	1183.3204966255578	1113	12	M+2ACN+2H
117.56146313325443	1	553.3019275639764	1181.3229849113493	1114	12	M+2ACN+2H
117.06101636403424	1	14242.725537386585	1180.1010863740023	1115	12	M+2ACN+2H
117.562618718496	1	549.6254895158714	1179.9824974105788	1116	12	M+2ACN+2H
117.5597478400707	1	112.77401894946063	1183.5714644767518	1117	12	M+2ACN+2H
117.05800149142165	1	1380.1605008475801	1180.2770037369776	1119	12	M+2ACN+2H
150.05841439078333	1	155656.35577789438	1180.7051451698153	1120	12	M+H
152.05421352749812	1	5441.261600134166	1180.4328398190985	1121	12	M+H
151.0574923807161	1	1078.5661792181095	1181.7182699997134	1122	12	M+H
152.0625353455257	1	649.2479992973646	1180.5249035780232	1124	12	M+H
151.0553616164068	1	518.8204135022604	1183.0171310443677	1129	12	M+H
168.08400508780508	1	1195.0005603822738	1182.38945332028	1132	12	M+NH4
170.08401765435863	1	327.8821746678423	1178.8542290942466	1133	12	M+NH4
169.08892677653105	1	654.506414905867	1176.0343303698537	1134	12	M+NH4
168.08816966935905	1	7721.161100667709	1179.420941072655	1135	12	M+NH4
168.081984195151	1	1064.2889561211612	1182.1226649702298	1139	12	M+NH4
172.0400957070081	1	134896.0381419537	1182.2978898030954	1140	12	M+Na
174.04711702262847	1	139.45803904210277	1179.3509751389695	1143	12	M+Na
174.04466778800452	1	738.4396347881893	1178.561878210958	1144	12	M+Na
175.03959272916103	1	312.2839200901775	1178.4269167558248	1145	12	M+Na
173.04368026130717	1	8197.373742892863	1182.329005871357	1146	12	M+Na
173.0445809834067	1	104.50599409384624	1179.9336447072487	1147	12	M+Na
173.046636788885	1	136.2264236833348	1179.3992930008392	1148	12	M+Na
182.08432225933174	1	135879.70331318345	1180.8096392007128	1150	12	M+CH3OH+H
184.08045410085597	1	6621.471374623227	1181.2544858270653	1151	12	M+CH3OH+H
183.08408363440017	1	1040.005724960771	1180.3166776505327	1152	12	M+CH3OH+H
185.08372210939453	1	396.0925117994547	1181.1285082932684	1153	12	M+CH3OH+H
183.08795395113987	1	8013.168777482965	1183.533591675348	1156	12	M+CH3OH+H
183.08866661865477	1	155.23290525231707	1176.718749789255	1157	12	M+CH3OH+H
183.08136132544132	1	475.5410155159249	1180.6808664118942	1159	12	M+CH3OH+H
191.0849856780548	1	136063.40980098318	1179.229543792431	1160	12	M+ACN+H
192.08833189202664	1	9863.407804009117	1180.7201832699263	1165	12	M+ACN+H
193.0915377415309	1	317.6709207409669	1183.26058353739	1166	12	M+ACN+H
192.09135570316795	1	247.41186290160923	1181.3300570028393	1168	12	M+ACN+H
103.05229150786636	1	151135.83377798434	941.5471514255347	1170	13	M+2H
104.05426362319655	1	671.4646779472598	942.9360566624445	1171	13	M+2H
103.55430596988938	1	107.37063615714115	943.957316053667	1172	13	M+2H
104.55722931830132	1	32.83947747527743	942.9933371649672	1174	13	M+2H
103.55525478130788	1	236.0369049647272	944.3692145789437	1176	13	M+2H
104.05545006362478	1	1131.0170719908529	944.4973249310179	1177	13	M+2H
103.55403160212137	1	18062.118786676463	941.2389759751952	1178	13	M+2H
104.55609638683444	1	76.70618159245515	945.4690749669322	1179	13	M+2H
112.56768132843307	1	561.8535874954044	942.8645669544675	1181	13	M+H+NH4
112.06754273818198	1	132.65817529175632	942.0695098816208	1182	13	M+H+NH4
112.06378039101075	1	1756.4792077606974	945.0653685071288	1183	13	M+H+NH4
112.57030479212214	1	35.69926311317799	942.58104718871	1184	13	M+H+NH4
112.56579152105076	1	190.75218641977662	946.82046212148	1185	13	M+H+NH4
112.06873078429302	1	247.884644310779	941.3426417347457	1186	13	M+H+NH4
112.0671284776898	1	18809.23053142293	942.7032871248451	1188	13	M+H+NH4
113.06942814105389	1	79.9209832726586	944.6785722183604	1189	13	M+H+NH4
123.56553319356506	1	126573.6643355345	941.1800885583418	1190	13	M+ACN+2H
124.06768461064132	1	106.01141449789857	944.0731899281236	1192	13	M+ACN+2H
124.06417380428788	1	1404.4548074722068	941.2412757455194	1193	13	M+ACN+2H
125.07048020567764	1	69.18191329713981	942.765016007858	1194	13	M+ACN+2H
124.56554953531902	1	236.83916571789152	943.8282307051616	1195	13	M+ACN+2H
124.0685888845873	1	289.4082147966708	941.6579048214677	1196	13	M+ACN+2H
124.56892154845868	1	1198.260120520305	943.7025629532118	1197	13	M+ACN+2H
124.06723430656865	1	21958.088362928596	941.0982433340365	1198	13	M+ACN+2H
125.06930736577921	1	86.3738763106436	941.3630754612005	1199	13	M+ACN+2H
144.58099240672294	1	108.39491564343083	943.3397943625359	1202	13	M+2ACN+2H
144.57711312660697	1	2215.957695384681	944.5298265210889	1203	13	M+2ACN+2H
145.58389273743865	1	76.92135081269967	941.047372904414	1205	13	M+2ACN+2H
144.58204329223844	1	334.03577795454174	941.2977748930666	1206	13	M+2ACN+2H
145.08219828671272	1	1994.115200745222	944.2655131256626	1207	13	M+2ACN+2H
144.58040952404068	1	21311.26515677328	941.262352518041	1208	13	M+2ACN+2H
145.58257866421144	1	100.83944130685062	941.4197710635943	1209	13	M+2ACN+2H
207.10153637952345	1	671.10583969621	943.1427122874092	1211	13	M+H
208.10713824376938	1	35.68657554618158	942.9022234477363	1214	13	M+H
206.10340976314635	1	197.39175372218455	941.9359240933362	1216	13	M+H
206.10033610854978	1	19727.3073705413	939.3644607806962	1217	13	M+H
208.10489104467294	1	73.1061341673374	942.3064087200861	1218	13	M+H
207.10407283650895	1	1093.2086321927477	939.8469821816911	1219	13	M+H
223.12782057788513	1	98.38541689044015	936.8584375145902	1222	13	M+NH4
223.12081072828525	1	1835.17545289378	942.8094383894654	1223	13	M+NH4
224.13314224654468	1	28.5270235298134	941.9219279946484	1224	13	M+NH4
224.12452109623865	1	195.16531128863153	944.9628437804391	1225	13	M+NH4
223.1302030344807	1	285.83302067465235	942.3475838419022	1226	13	M+NH4
224.1306327284111	1	990.1895279590938	943.4659169365644	1227	13	M+NH4
223.12706309575555	1	18235.60181730638	941.6846761466903	1228	13	M+NH4
225.1311973680144	1	74.94217694581312	944.5597037949526	1229	13	M+NH4
227.0788966507644	1	167349.01857601837	938.9367147426044	1230	13	M+Na
229.0833207368178	1	681.0822037922051	943.4302601471591	1231	13	M+Na
228.08329909338846	1	97.60150233342512	944.6471203276366	1232	13	M+Na
228.07616868909466	1	1231.4540175277998	943.0877955473835	1233	13	M+Na
229.0794427453889	1	166.67875693959	945.3143556548681	1235	13	M+Na
228.08219808761615	1	19211.338554823327	940.7780731236095	1237	13	M+Na
230.0863736967963	1	83.04329172934726	943.7225435781199	1238	13	M+Na
229.08577054061362	1	984.7217249828318	939.9545699506987	1239	13	M+Na
237.1232053352036	1	137741.97740687185	944.6979718157245	1240	13	M+CH3OH+H
238.12761114999796	1	153.81989173999355	940.713498545062	1242	13	M+CH3OH+H
238.12088768550475	1	1094.5875250720742	943.0546527413034	1244	13	M+CH3OH+H
239.12969738073315	1	1212.1705489611345	943.9563911682783	1246	13	M+CH3OH+H
238.1298108095728	1	318.900972926045	940.9607849056088	1247	13	M+CH3OH+H
238.1268322236828	1	18580.00598883941	944.3748613834045	1248	13	M+CH3OH+H
246.12375680932473	1	147790.61389290853	941.1738394806673	1250	13	M+ACN+H
248.12817033809446	1	635.5083915011687	942.3571306972308	1251	13	M+ACN+H
247.1279672781132	1	115.83056078847183	941.5067795251432	1252	13	M+ACN+H
247.12033376665354	1	1583.9115654817997	939.5240560596084	1253	13	M+ACN+H
247.1298745066543	1	294.377342134974	942.1621516987186	1256	13	M+ACN+H
248.13048301373541	1	1387.4789657015428	943.3923540888873	1257	13	M+ACN+H
247.12716257717813	1	24159.197859753873	943.0078375935727	1258	13	M+ACN+H
249.13116255941452	1	81.38401661970036	938.9735406041443	1259	13	M+ACN+H
77.0410190489958	1	38.0557459976966	1044.3348637080273	1262	14	M+2H
77.54377697086495	1	4.962739429025608	1046.7570326591708	1264	14	M+2H
77.04222653129588	1	45.27342336716584	1042.194970861313	1265	14	M+2H
77.04075110441882	1	3593.80107174452	1045.5720764560874	1266	14	M+2H
78.04266873851525	1	15.85862521621362	1047.7369251890239	1267	14	M+2H
77.54233039020293	1	130.04036239661303	1047.2337617328053	1268	14	M+2H
85.55444345882582	1	29.473324481125324	1043.5567263457426	1272	14	M+H+NH4
85.55070957050084	1	298.70673196966214	1044.9788242388329	1273	14	M+H+NH4
86.05699988232331	1	5.621924792158666	1046.4052331608802	1274	14	M+H+NH4
86.05243435134773	1	25.980438623286112	1046.6164813253797	1275	14	M+H+NH4
85.55528879649623	1	71.72056456608372	1047.9254797638862	1276	14	M+H+NH4
86.05573339794013	1	160.74298352129145	1043.4078691503673	1277	14	M+H+NH4
85.55400880847556	1	4000.1667425571436	1046.8763639734782	1278	14	M+H+NH4
86.55594748629728	1	14.265975354317428	1047.4183244060519	1279	14	M+H+NH4
97.05209608011583	1	37470.80673503365	1043.6528535021212	1280	14	M+ACN+2H
97.55056906541121	1	248.14971406882722	1045.6897639253423	1283	14	M+ACN+2H
98.05699329057664	1	6.522730086612974	1042.7218868250566	1284	14	M+ACN+2H
98.05246391051273	1	33.92010426696212	1047.6087502224225	1285	14	M+ACN+2H
97.55538562415367	1	65.6440898542545	1045.640963703874	1286	14	M+ACN+2H
98.05579808504811	1	221.740887368407	1045.7817330462171	1287	14	M+ACN+2H
97.55386994738849	1	4365.497358449846	1043.7140857261747	1288	14	M+ACN+2H
98.55592262278701	1	19.66571791901298	1047.6631985222434	1289	14	M+ACN+2H
117.56551010673785	1	45685.828579712615	1046.5275044784144	1290	14	M+2ACN+2H
118.56779641968346	1	159.73138630488313	1045.785022882993	1291	14	M+2ACN+2H
118.06428681179298	1	445.17291561781184	1047.5226694028936	1293	14	M+2ACN+2H
118.56555854907994	1	59.24739532940804	1045.660528945419	1295	14	M+2ACN+2H
118.56885979546551	1	322.4038921922927	1042.7736860719222	1297	14	M+2ACN+2H
118.06724622065107	1	5074.843175738508	1043.3565809468064	1298	14	M+2ACN+2H
119.069242879009	1	24.82840070028171	1048.9187881134337	1299	14	M+2ACN+2H
152.07041991185727	1	41890.71542468657	1044.3666633600974	1300	14	M+H
153.07481337383894	1	28.04744664836122	1044.3535591028071	1302	14	M+H
154.0799834544467	1	4.686900025149572	1046.6314089105683	1304	14	M+H
153.0767292540957	1	60.80383383050278	1046.3325877230502	1305	14	M+H
153.07401524788492	1	3180.8219330941006	1049.376884653786	1306	14	M+H
155.07826274484862	1	14.331807139667031	1043.7668684748683	1307	14	M+H
154.07741524481207	1	130.830558291887	1048.103783657199	1308	14	M+H
169.0969989040036	1	45315.19117637385	1045.9249580382811	1310	14	M+NH4
171.10119496241836	1	175.97805137946267	1046.1301701111859	1311	14	M+NH4
170.09402735465292	1	320.2173495820643	1047.3119632342982	1313	14	M+NH4
171.10661670164694	1	5.456517220737952	1043.2872293206663	1314	14	M+NH4
170.103438589766	1	60.7436320441756	1043.1687988906576	1316	14	M+NH4
170.1005933626636	1	3746.973027248981	1047.190448953579	1317	14	M+NH4
172.1048769917526	1	17.4860868392729	1044.9739100591532	1318	14	M+NH4
176.0568462485997	1	189.1705399754988	1047.2553588335554	1321	14	M+Na
175.0565128916375	1	31.477928973510483	1043.1299705441108	1322	14	M+Na
175.0591609428316	1	39.81809988100096	1047.6687612600092	1325	14	M+Na
175.0557046648873	1	3830.60296405057	1047.1964517860938	1326	14	M+Na
177.06015238658253	1	14.7841166543151	1049.7068486172627	1327	14	M+Na
176.0527926238674	1	13.553430388840344	1042.1001449860687	1329	14	M+Na
184.09703574316592	1	43424.8324257992	1044.8450936088689	1330	14	M+CH3OH+H
186.10093153164212	1	313.1201916771182	1046.7823027424058	1331	14	M+CH3OH+H
185.101225113516	1	49.71122531731777	1045.982743215559	1332	14	M+CH3OH+H
186.09725098383868	1	14.90528705047043	1045.792140465251	1333	14	M+CH3OH+H
186.1063060545855	1	7.378189703536407	1042.3611286990702	1335	14	M+CH3OH+H
185.102707425792	1	75.20147723746658	1045.239581788624	1336	14	M+CH3OH+H
185.10028780731346	1	4390.84506610887	1047.1353753846063	1337	14	M+CH3OH+H
187.10418259478362	1	27.900113747073192	1045.5114752642935	1338	14	M+CH3OH+H
193.09697421482153	1	42140.2835127738	1045.207840647605	1340	14	M+ACN+H
194.10125826870708	1	37.0099004324804	1044.0467467272217	1342	14	M+ACN+H
194.0940356086246	1	325.05231970716267	1049.4405292495785	1343	14	M+ACN+H
195.10705843932115	1	7.882137091713549	1046.4056912230349	1344	14	M+ACN+H
195.0975535567053	1	33.23594674885896	1045.149372135883	1345	14	M+ACN+H
194.10329138285945	1	58.26381115247592	1044.4563153989632	1346	14	M+ACN+H
196.1047342873728	1	20.5070409183627	1046.1300233051581	1348	14	M+ACN+H
195.10404312168907	1	221.80704099166454	1042.5227044382373	1349	14	M+ACN+H
84.54897085808354	1	441.59686043402456	1447.5208778164392	1351	15	M+2H
84.04889790531267	1	94.64090373385167	1444.930061903579	1352	15	M+2H
84.55146440058122	1	17.76803664343739	1451.0497262094543	1354	15	M+2H
84.04986101675742	1	172.7258364979878	1449.9960190307256	1355	15	M+2H
84.04833100434809	1	11322.378766360733	1452.209839866198	1356	15	M+2H
84.55010701831971	1	503.35067696561407	1449.1240047223291	1358	15	M+2H
84.54686792846657	1	39.70540095462208	1447.910456369124	1359	15	M+2H
92.06013991558758	1	104631.15717563413	1448.1504237909699	1360	15	M+H+NH4
93.06210906274796	1	433.86423022203434	1449.0757918245965	1361	15	M+H+NH4
92.55852805291647	1	838.6055727146572	1452.8302611993809	1363	15	M+H+NH4
93.06471129589465	1	24.01891479293586	1450.6149835740673	1364	15	M+H+NH4
93.06020076827873	1	76.07138547419825	1448.9749601492638	1365	15	M+H+NH4
92.56320636080139	1	187.17870845647124	1450.4677428728296	1366	15	M+H+NH4
93.06332758879843	1	464.15514873566684	1448.83930445651	1367	15	M+H+NH4
92.56183473168477	1	11113.688414272283	1447.5607586296132	1368	15	M+H+NH4
93.56392147275393	1	40.41819551608865	1450.631228283357	1369	15	M+H+NH4
104.06016959354525	1	142211.68096711652	1451.2058643535995	1370	15	M+ACN+2H
105.06223666268522	1	442.411560342142	1447.6305670494487	1371	15	M+ACN+2H
104.55838202044107	1	762.3125192624942	1448.287832365773	1373	15	M+ACN+2H
105.06470292063935	1	20.822540590316056	1446.9707318028384	1374	15	M+ACN+2H
105.06328917836508	1	877.5956899086923	1452.5927651495292	1377	15	M+ACN+2H
104.56161540751269	1	15550.015519953473	1446.4097977229435	1378	15	M+ACN+2H
105.5640285146722	1	55.91613030119429	1446.7950321051505	1379	15	M+ACN+2H
124.57323580673538	1	123746.10509056128	1450.5210771103505	1380	15	M+2ACN+2H
125.57542965002274	1	550.9889971816078	1446.8447992648983	1381	15	M+2ACN+2H
125.07547874780477	1	82.24526535327591	1449.1960415200956	1382	15	M+2ACN+2H
125.07197731363576	1	1119.058755281418	1451.333372735443	1383	15	M+2ACN+2H
126.0784927494247	1	31.93697438023792	1449.9720792149344	1384	15	M+2ACN+2H
125.57363563863984	1	193.6417781389106	1446.10642568146	1385	15	M+2ACN+2H
125.07622667921007	1	243.6193866886403	1446.6523050607934	1386	15	M+2ACN+2H
125.57678951849162	1	933.4460085158134	1446.5019513793648	1387	15	M+2ACN+2H
126.07715834070517	1	69.90968842291745	1450.220491850871	1389	15	M+2ACN+2H
168.09050156862102	1	443.9609304259974	1448.5098663037654	1391	15	M+H
167.09045362274753	1	100.79424859617359	1445.7407899850912	1392	15	M+H
167.09238620160718	1	153.32461589320675	1451.666913251041	1395	15	M+H
169.09391426890426	1	44.139254957598006	1447.8930909689193	1397	15	M+H
168.09311072598138	1	508.01002507577914	1445.8759190398332	1398	15	M+H
168.0867376945931	1	42.66401830179332	1451.1549245777735	1399	15	M+H
183.11268042656883	1	93100.91285531918	1450.7568444937174	1400	15	M+NH4
185.1171604492833	1	494.5550540557891	1446.6501867237043	1401	15	M+NH4
184.11690743343644	1	94.90563981408245	1448.2398755609952	1402	15	M+NH4
184.10996103883852	1	932.1231012668798	1448.8017580340852	1403	15	M+NH4
185.1222017313149	1	19.502162581332335	1445.8032743547096	1404	15	M+NH4
185.11312338534188	1	87.34343256379037	1448.2155741602242	1405	15	M+NH4
184.11902445179214	1	199.74135014221338	1447.3790486265168	1406	15	M+NH4
185.11944354343254	1	469.8723872138941	1448.094907410834	1407	15	M+NH4
184.115950982622	1	13836.225433697955	1450.9879458448363	1408	15	M+NH4
186.1203772927022	1	50.53540917213665	1446.5127730905867	1409	15	M+NH4
188.06801500274238	1	128163.14373805757	1447.0842488828755	1410	15	M+Na
190.07252869588518	1	477.85633796820457	1447.6765116038803	1411	15	M+Na
190.07840316570247	1	14.639616529133702	1450.0008468251294	1414	15	M+Na
189.0745557505066	1	147.60172171297302	1449.2331904435177	1415	15	M+Na
189.071601493317	1	10989.683702843991	1451.3905077368918	1416	15	M+Na
191.07585377553997	1	52.07816223920357	1447.7590098723915	1417	15	M+Na
190.0685971147178	1	55.54027179689034	1449.2933296320996	1419	15	M+Na
198.11259763849006	1	104516.90721307801	1448.7697273274164	1420	15	M+CH3OH+H
200.1168937652973	1	699.6061085485504	1452.2043114902842	1421	15	M+CH3OH+H
199.11669978116115	1	140.64893081855746	1447.2255131348281	1422	15	M+CH3OH+H
200.11309030165702	1	48.377194679481164	1448.9298845765236	1423	15	M+CH3OH+H
199.10920337066847	1	495.6383461383739	1450.4640366773215	1424	15	M+CH3OH+H
200.11936524825967	1	511.6941609123404	1446.2283732687545	1427	15	M+CH3OH+H
199.11582865061555	1	10038.663470291303	1446.87467044051	1428	15	M+CH3OH+H
207.11273630047697	1	110494.22283290785	1445.6144773322662	1430	15	M+ACN+H
209.11703396017933	1	430.9893698025801	1446.5409792469877	1431	15	M+ACN+H
208.11697355537055	1	76.51429844433389	1450.9765678987326	1432	15	M+ACN+H
210.12270069640567	1	23.21295922357149	1451.5996531327244	1434	15	M+ACN+H
209.1132531449665	1	89.86219266784418	1448.948232632923	1435	15	M+ACN+H
208.11879416366443	1	207.1134239933552	1447.1177662054727	1436	15	M+ACN+H
66.55455304755468	1	65433.64539172774	908.8975636384032	1440	16	M+2H
67.05672951562728	1	52.2133132970599	907.675679193754	1442	16	M+2H
67.05302167770242	1	257.8462342073237	904.8540250072807	1443	16	M+2H
67.5593965700636	1	7.2445764183112855	904.6580007925031	1444	16	M+2H
68.0583877325297	1	18.93868841733615	908.099632482488	1447	16	M+2H
67.55471429385028	1	18.628382616287155	907.6461416608624	1449	16	M+2H
75.06777167394942	1	58107.801840082866	906.3595604316147	1450	16	M+H+NH4
76.07000209582513	1	236.97305118665565	907.8228879150945	1451	16	M+H+NH4
75.56633069707438	1	521.4008989577829	907.2338994178277	1453	16	M+H+NH4
76.07271302633985	1	7.835164013871404	903.386289452687	1454	16	M+H+NH4
75.57118547315602	1	149.59135627009883	901.7135327662667	1456	16	M+H+NH4
75.5694232101099	1	4427.46377673486	906.4322752650239	1458	16	M+H+NH4
76.57161091772814	1	17.34978825651847	905.4903027666651	1459	16	M+H+NH4
87.06768294536124	1	66741.13988157302	906.9945800175282	1460	16	M+ACN+2H
87.57005621822289	1	43.14905031667186	907.7464530584584	1462	16	M+ACN+2H
87.56642486522071	1	520.4937464793991	909.2616167027069	1463	16	M+ACN+2H
88.07264672069861	1	10.985975543095003	908.4041827733528	1464	16	M+ACN+2H
87.57096632693364	1	146.83670668620886	902.9723542976136	1466	16	M+ACN+2H
87.56954054344085	1	6352.610916725715	906.1734508991713	1468	16	M+ACN+2H
108.58316834114483	1	271.1905448188972	903.4471720985991	1471	16	M+2ACN+2H
108.08319282841623	1	52.09939842767922	902.8242664252548	1472	16	M+2ACN+2H
108.07985072551077	1	865.2598808606699	903.4528490990137	1473	16	M+2ACN+2H
108.58603182174231	1	17.365076012078394	906.1802082349855	1474	16	M+2ACN+2H
108.5814119811409	1	76.28058213280049	906.590544064724	1475	16	M+2ACN+2H
108.08428247203186	1	158.01318238756133	909.1101189108455	1476	16	M+2ACN+2H
108.58454498805752	1	322.7529129274187	904.7234036022777	1477	16	M+2ACN+2H
108.08282756965127	1	7163.543918167386	904.5563578524044	1478	16	M+2ACN+2H
109.0850198555896	1	28.799991145650317	905.4503494169198	1479	16	M+2ACN+2H
132.1017300516953	1	67254.48508355366	904.1822772870463	1480	16	M+H
134.1060775341985	1	255.87868126269925	905.9680606093053	1481	16	M+H
133.1061503117293	1	51.61224484716393	905.5782917924722	1482	16	M+H
133.09891039350717	1	280.2997573179793	906.9597402779495	1483	16	M+H
133.10823737684535	1	134.15510670371307	906.2826693016985	1485	16	M+H
133.1051608558897	1	3590.303490709707	904.7015209313088	1486	16	M+H
134.1022386922766	1	14.92227213864327	904.9718965722568	1489	16	M+H
149.12825630370102	1	80706.80599004666	909.8521306607522	1490	16	M+NH4
151.13273176416521	1	283.59726770382406	907.3398476725838	1491	16	M+NH4
151.13559369919642	1	131.28076290076027	909.5551986578902	1495	16	M+NH4
150.13479875375762	1	117.918215315966	911.7308487647086	1496	16	M+NH4
151.12889143344404	1	33.46441492379024	907.5493266407699	1497	16	M+NH4
150.1316766225321	1	4929.552737861679	906.7287965032813	1498	16	M+NH4
152.13622342948412	1	16.049592922763782	908.3015531072947	1499	16	M+NH4
154.08379709776167	1	60619.231274502476	905.4361477701859	1500	16	M+Na
156.0880759084792	1	315.49622935586564	904.045143837148	1501	16	M+Na
155.08813329767088	1	46.75964124768095	905.5464483892182	1502	16	M+Na
156.09331543265895	1	7.682472856671655	909.5193328252641	1504	16	M+Na
155.0901020526437	1	108.07415824738108	906.1141046411884	1505	16	M+Na
155.08749447069695	1	4372.293620499435	902.9709217044639	1506	16	M+Na
156.09047797692472	1	125.38733693937634	907.7536799250092	1508	16	M+Na
164.12807566597093	1	67426.00986602834	906.6888714102917	1510	16	M+CH3OH+H
166.13190101840976	1	434.8813800866463	908.058339346844	1511	16	M+CH3OH+H
165.13220653633726	1	70.68034772661895	907.4542227544115	1512	16	M+CH3OH+H
166.1346955580316	1	159.70079623293606	904.2535268575976	1513	16	M+CH3OH+H
165.12522841593133	1	255.10691399165376	906.0083803823252	1514	16	M+CH3OH+H
166.13729045653935	1	10.277601212436107	904.3673460586015	1515	16	M+CH3OH+H
166.12865666012917	1	17.047981245021937	907.4007831551594	1517	16	M+CH3OH+H
173.1284889154188	1	63264.7042997198	903.8487629831042	1520	16	M+ACN+H
174.13264383039927	1	48.217206351929825	909.3131780224287	1522	16	M+ACN+H
174.13469347543602	1	116.3965766136044	906.3384980571465	1526	16	M+ACN+H
175.12897228982226	1	43.984377332744096	903.4379075312069	1527	16	M+ACN+H
174.1318265683981	1	4691.37639435715	906.1238375873348	1528	16	M+ACN+H
176.1364208924954	1	22.97601942856841	908.0356178764617	1529	16	M+ACN+H
189.07639336256412	1	677686.7323877303	974.9761939049765	1530	17	M+2H
189.5784670934991	1	1572.0382413252862	976.6698957521368	1532	17	M+2H
190.07994766868222	1	9304.89735608442	976.7155256516656	1533	17	M+2H
189.57505443191565	1	9615.32791198306	975.2182620681341	1535	17	M+2H
189.57789631104853	1	135162.53549695792	973.0785711324708	1537	17	M+2H
189.57953481140152	1	1404.8192232850424	974.9069307848451	1539	17	M+2H
197.58999971271118	1	592520.795565888	977.9080332237015	1540	17	M+H+NH4
198.59194870074174	1	8065.545396297992	977.2060716008922	1541	17	M+H+NH4
198.09214400280197	1	1315.6895023357592	972.7541923004712	1542	17	M+H+NH4
198.59307960543674	1	8625.380496128608	973.8158529500221	1543	17	M+H+NH4
199.09354008614608	1	1213.458967816781	977.29266269539	1544	17	M+H+NH4
198.08825351253577	1	12781.550105572376	973.9743632349931	1545	17	M+H+NH4
198.0929014450277	1	1870.2936142629765	973.4764590147317	1549	17	M+H+NH4
209.5895385040441	1	617064.5582741331	972.7532368210133	1550	17	M+ACN+2H
210.59182495780757	1	6600.068592295898	975.6898443185283	1551	17	M+ACN+2H
210.0916968353674	1	1462.287305792774	976.9738426763047	1552	17	M+ACN+2H
211.09341126954686	1	1404.691354418514	972.8341531287907	1554	17	M+ACN+2H
211.09488223109307	1	714.9490936006114	974.5632117686115	1556	17	M+ACN+2H
210.09137818178726	1	113535.57554560572	973.8690692006966	1557	17	M+ACN+2H
210.58944600516165	1	2357.2151476476247	973.7087644403518	1558	17	M+ACN+2H
210.09272565417095	1	1332.9205143111992	973.7013701649835	1559	17	M+ACN+2H
230.10297906819693	1	509348.03317975916	974.9720141778076	1560	17	M+2ACN+2H
230.60485643732102	1	1181.0236633934555	974.8761706937273	1562	17	M+2ACN+2H
231.6065114448021	1	1863.9033161011416	973.8497594416976	1563	17	M+2ACN+2H
231.1063642905576	1	14080.422816683393	973.9351522613389	1564	17	M+2ACN+2H
230.60133065451794	1	12618.584194875559	972.8758478226521	1565	17	M+2ACN+2H
231.6075911814137	1	957.9684653074742	973.3866970074206	1566	17	M+2ACN+2H
230.6047658528652	1	129996.74150069372	972.1965564958626	1567	17	M+2ACN+2H
377.14576205327495	1	495853.96024932433	973.8385745830385	1570	17	M+H
378.1498889642605	1	1434.2741260397406	971.2202471998428	1572	17	M+H
379.15286752818065	1	9523.354127312492	971.5996677341985	1573	17	M+H
380.15313762740266	1	1116.7508814614314	972.662297095356	1574	17	M+H
378.1425444158539	1	9172.211220589543	975.3677213996475	1575	17	M+H
380.1561850347546	1	461.0216153696191	970.9837666121783	1576	17	M+H
378.14890892359324	1	110615.25460286773	975.386011567009	1577	17	M+H
378.1517523307246	1	1329.6498098275915	974.3180839617246	1579	17	M+H
394.17186839986016	1	492561.8614179828	972.9603202177954	1580	17	M+NH4
396.1764710359709	1	7170.440276032892	972.152905307194	1581	17	M+NH4
396.17871542983363	1	7925.772588915375	974.2101508301611	1583	17	M+NH4
397.1803190686762	1	1412.5630299769223	976.6984977969836	1584	17	M+NH4
395.1784698657001	1	1718.1784550659056	975.4484649687453	1589	17	M+NH4
401.1317197160926	1	6337.325736293522	977.7181355960533	1591	17	M+Na
400.13157980615864	1	1161.153449657569	974.9105672326214	1592	17	M+Na
401.13481113746394	1	9576.09507024478	973.1890238935507	1593	17	M+Na
402.13488943237707	1	1356.990376586326	975.2459240774776	1594	17	M+Na
400.12449143822835	1	9140.374381827864	974.8758660259103	1595	17	M+Na
402.137513443188	1	523.6889118697507	973.7716106328558	1596	17	M+Na
400.13082899993873	1	108000.4122419756	973.6179884499901	1597	17	M+Na
401.1277300992819	1	1897.6743645525053	974.9888550750487	1598	17	M+Na
400.13390255358775	1	1526.9344573494002	976.1863399281349	1599	17	M+Na
409.1715737196315	1	603021.401882072	973.3324529510285	1600	17	M+CH3OH+H
410.17608244722214	1	1372.2291687837755	974.6897111499321	1602	17	M+CH3OH+H
411.17261827537266	1	1832.476879313693	973.6466989537353	1603	17	M+CH3OH+H
410.17499971851885	1	122092.72657076326	973.4152797837926	1604	17	M+CH3OH+H
410.1691644051584	1	8405.076844058396	977.0407493125922	1605	17	M+CH3OH+H
412.1821128079541	1	690.867149215	972.2213740162265	1606	17	M+CH3OH+H
412.1799440352144	1	1926.1095388698643	975.6117327272743	1607	17	M+CH3OH+H
410.1784378482705	1	1685.322185789183	974.6007751863413	1609	17	M+CH3OH+H
418.17185353903267	1	533523.1353998041	973.441349507214	1610	17	M+ACN+H
420.17652705707735	1	6976.268775619596	975.3242922536281	1611	17	M+ACN+H
420.1788833377584	1	12855.51249936335	974.0925590850954	1613	17	M+ACN+H
421.1799016934327	1	1752.477469289905	976.3872481115455	1614	17	M+ACN+H
419.16933231379505	1	12006.232966157419	971.6816176462161	1615	17	M+ACN+H
421.1824208697964	1	707.9088111832037	974.5807804265946	1616	17	M+ACN+H
419.17565165017766	1	123178.64576688754	973.3251269400495	1617	17	M+ACN+H
420.1725685927826	1	2269.7503116569824	971.3450771364937	1618	17	M+ACN+H
419.178534843595	1	1626.8172693216356	973.6700695894483	1619	17	M+ACN+H
62.52334554638867	1	276135.68892246875	1234.6120571416488	1620	18	M+2H
63.02542301597861	1	220.08883480641586	1234.0718958203431	1622	18	M+2H
63.02633755861298	1	229.8421916367614	1232.2183711995178	1625	18	M+2H
63.02509318445948	1	18347.752985347157	1233.665910910987	1626	18	M+2H
64.02707343044716	1	97.77085338502113	1229.5405278855355	1627	18	M+2H
63.52671189761882	1	541.6716676071613	1230.3904743310277	1628	18	M+2H
71.03657472756588	1	302758.0753215379	1237.2815614232397	1630	18	M+H+NH4
72.03867829966815	1	1204.8126051671782	1235.1967725419713	1631	18	M+H+NH4
71.53867460607759	1	270.28793549108417	1233.0399755040423	1632	18	M+H+NH4
71.53514637862857	1	2087.7566487148383	1234.0270885984348	1633	18	M+H+NH4
72.04133126425307	1	21.87967556169687	1235.2156422410455	1634	18	M+H+NH4
71.53974224443355	1	392.85936967416063	1231.8437842601004	1636	18	M+H+NH4
72.54039567327567	1	78.59385769290454	1230.3218833613196	1638	18	M+H+NH4
72.03992399490714	1	550.9653292010094	1235.1334639354977	1639	18	M+H+NH4
83.53860882234258	1	248.63880446113828	1232.618649695522	1642	18	M+ACN+2H
83.5352452837657	1	2359.1572085730845	1231.4184968202842	1643	18	M+ACN+2H
84.04117123288343	1	28.372734246499256	1234.0530544419696	1644	18	M+ACN+2H
84.0365827419289	1	169.5337482263908	1233.796263190227	1645	18	M+ACN+2H
83.53816751655033	1	25177.181669952566	1236.6113026034886	1647	18	M+ACN+2H
84.54029787272742	1	95.52340626937483	1233.1057378712705	1648	18	M+ACN+2H
84.04001240684356	1	837.4356319661351	1233.5561695675995	1649	18	M+ACN+2H
103.54973196538748	1	329474.30444972985	1233.6948398954307	1650	18	M+2ACN+2H
104.55199433444626	1	1246.205876020966	1233.1680167281174	1651	18	M+2ACN+2H
104.5544728017137	1	45.3734554371571	1230.0472132853743	1654	18	M+2ACN+2H
104.05155807377241	1	30964.63245356643	1232.5277152101828	1658	18	M+2ACN+2H
124.03940271965224	1	308087.9594327517	1234.295501662044	1660	18	M+H
126.04357646361872	1	1376.1307273416824	1234.0003494884306	1661	18	M+H
125.04556676659833	1	228.09102204070794	1231.9505444106244	1665	18	M+H
127.04692901477883	1	82.8675503917513	1232.2340894343854	1667	18	M+H
126.04687657707778	1	17.417891479798996	1233.2335235894566	1668	18	M+H
126.0398084594097	1	62.38375875848202	1234.31125997552	1669	18	M+H
143.06999849184706	1	1170.8789995058569	1233.9370854889673	1671	18	M+NH4
142.06263363205588	1	2499.812554336492	1233.4343985532191	1673	18	M+NH4
143.07535146959276	1	20.576443966938918	1232.6931660501427	1674	18	M+NH4
143.06626973962963	1	169.8109569878219	1233.0940130816525	1675	18	M+NH4
142.07201452767399	1	325.36342210999754	1233.879904306873	1676	18	M+NH4
148.0254115060707	1	1278.8336583542202	1233.2668841712507	1681	18	M+Na
147.018213825909	1	976.8432691385808	1233.12411454965	1683	18	M+Na
148.0282129283764	1	513.5897247423231	1235.7622715255168	1684	18	M+Na
147.0275023588844	1	182.9197337905114	1233.9207290831225	1685	18	M+Na
147.0246774474431	1	16266.270270421333	1233.3967391143888	1686	18	M+Na
149.02873674841447	1	90.2818426953721	1233.5259606856703	1687	18	M+Na
148.02874474732553	1	15.847478701964505	1234.1670327130664	1688	18	M+Na
156.06565594927284	1	309745.65578608273	1235.7130261865793	1690	18	M+CH3OH+H
158.06975632267978	1	1746.6187127042015	1228.7186316187613	1691	18	M+CH3OH+H
157.06987621819857	1	312.14518079510395	1233.0519975865404	1692	18	M+CH3OH+H
157.06215280911934	1	970.5450586593486	1232.265906986466	1694	18	M+CH3OH+H
157.07211334030458	1	425.8706312555198	1234.1188649206504	1696	18	M+CH3OH+H
157.0690317752799	1	21616.060076867983	1235.1482289554092	1697	18	M+CH3OH+H
159.07302353310965	1	134.727234001184	1236.556477272973	1698	18	M+CH3OH+H
165.06569953030316	1	292639.3001122995	1231.9163659718479	1700	18	M+ACN+H
167.07011833021951	1	1028.3302081277902	1231.2194335644701	1701	18	M+ACN+H
166.07029405598968	1	208.71573034013232	1232.9810583540702	1702	18	M+ACN+H
166.06267376564657	1	1897.4032143483187	1235.2429823297846	1703	18	M+ACN+H
167.07555095676318	1	24.077330451852664	1234.4397357656783	1704	18	M+ACN+H
167.06633058765	1	184.2726053626596	1236.132307291966	1705	18	M+ACN+H
166.06913802806184	1	27899.727266420497	1232.6260794524385	1707	18	M+ACN+H
168.07379739338828	1	94.8124068491334	1232.2535327944024	1708	18	M+ACN+H
167.07275481345815	1	1072.9694848251834	1234.2348405703829	1709	18	M+ACN+H
69.53120754074445	1	89485.17744390789	807.909777447571	1710	19	M+2H
70.03325376477851	1	66.79277137385675	806.8063260717372	1712	19	M+2H
70.0297208308376	1	368.7347948244575	807.4301494421139	1713	19	M+2H
70.53580821081395	1	6.705788716505415	800.9470262626131	1714	19	M+2H
70.03436782802717	1	94.54281098863513	805.2881444601257	1715	19	M+2H
70.53449015351818	1	270.3996230584825	807.8873810872724	1718	19	M+2H
70.53128154390069	1	23.351510628741774	804.3076802434448	1719	19	M+2H
78.04432764234096	1	87896.50783318383	807.5691765014982	1720	19	M+H+NH4
79.04649315671026	1	414.27077703466784	806.1400714693989	1721	19	M+H+NH4
78.54639427456895	1	59.72957091705108	803.8003441397595	1722	19	M+H+NH4
79.04906703148767	1	8.924886451197253	808.3047408887087	1724	19	M+H+NH4
79.04455484709946	1	52.56032907958867	804.0587822374778	1725	19	M+H+NH4
78.5474982119326	1	136.76683058008197	805.0989663379107	1726	19	M+H+NH4
79.54818300799893	1	25.33267923361378	805.7209376523903	1728	19	M+H+NH4
91.0466105754401	1	376.6375269937343	803.1209347062018	1731	19	M+ACN+2H
90.5464329333087	1	70.98719209235567	806.2207648143731	1732	19	M+ACN+2H
90.542748425421	1	679.5135386812958	807.3984034110566	1733	19	M+ACN+2H
91.04441508666015	1	63.28136385744555	809.963610214329	1735	19	M+ACN+2H
91.04768699723826	1	425.72140799885705	806.566559808838	1739	19	M+ACN+2H
110.55752306501947	1	91952.33757784117	805.2126159446727	1740	19	M+2ACN+2H
111.55977107637999	1	428.49068102490867	808.0602836428249	1741	19	M+2ACN+2H
111.0563040533883	1	1028.2053293203157	805.7106081980512	1743	19	M+2ACN+2H
111.55798756089482	1	111.34770310359872	805.6728189835801	1745	19	M+2ACN+2H
111.0609296819894	1	150.9948427294411	806.5666877738145	1746	19	M+2ACN+2H
111.05933557449455	1	10973.077996600197	803.1407768864632	1748	19	M+2ACN+2H
112.06150213483977	1	46.469025711259754	808.352063784465	1749	19	M+2ACN+2H
138.0549557705869	1	85454.44808225517	806.4986526829815	1750	19	M+H
140.05909632110604	1	477.1209158277081	805.4093291305131	1751	19	M+H
139.0591783308671	1	59.64773939517809	805.9887600836319	1752	19	M+H
139.05179204227963	1	359.61193902777904	804.4640027406256	1753	19	M+H
140.06469428738401	1	6.957471269185255	806.0411190684019	1754	19	M+H
139.0613123049735	1	85.27360826857445	804.5700080276936	1755	19	M+H
141.0627167545897	1	29.69741014379659	807.0740866000368	1757	19	M+H
155.08170230068202	1	94191.876549603	805.879688743692	1760	19	M+NH4
157.08590894491786	1	380.0529492958057	805.3023605571592	1761	19	M+NH4
156.08590378509714	1	78.85565275567913	804.5260625966118	1762	19	M+NH4
157.09129199579363	1	8.904724543805289	809.2558571968493	1764	19	M+NH4
157.0821307929414	1	57.00837481936822	805.6288843076618	1765	19	M+NH4
156.08779688934283	1	135.69255362879093	802.6182118947827	1766	19	M+NH4
156.08499456229518	1	6691.987893968289	807.1120890239047	1767	19	M+NH4
160.03696245430683	1	108631.88823587856	805.027532230619	1770	19	M+Na
161.03418792911725	1	386.43054537972495	807.901346317558	1773	19	M+Na
162.04657949088985	1	5.861038053502627	806.913375587885	1774	19	M+Na
161.04326442138245	1	83.07370543034315	806.5732939790547	1775	19	M+Na
161.0402823801261	1	6744.6613220267445	807.5239501763648	1776	19	M+Na
163.04475078587407	1	34.39034247038024	810.9534852039793	1777	19	M+Na
162.04337827221357	1	240.09808566737092	803.7784039676429	1778	19	M+Na
170.08115621468588	1	93220.64128074874	806.6062570446381	1780	19	M+CH3OH+H
171.08537893844974	1	122.32209071299917	806.4329588917617	1782	19	M+CH3OH+H
172.0813632899902	1	33.09227432716006	807.9422046343865	1783	19	M+CH3OH+H
171.07828375567885	1	390.4902095684459	804.7130829433321	1784	19	M+CH3OH+H
172.09076741580316	1	9.73966853306041	803.7549571220078	1785	19	M+CH3OH+H
171.0874170955794	1	127.54766442442138	807.9208127570266	1786	19	M+CH3OH+H
173.08898650853405	1	51.169975170266724	805.7327409440386	1788	19	M+CH3OH+H
179.08143417628887	1	90260.00961136338	801.896024137928	1790	19	M+ACN+H
181.08576803585726	1	379.2383288695411	804.0501577117627	1791	19	M+ACN+H
180.08574759079502	1	76.47850553437374	806.8827562242966	1792	19	M+ACN+H
181.09087703753687	1	11.303536002660895	805.6913551427933	1794	19	M+ACN+H
181.0818193227037	1	64.14114601447136	806.7050529326356	1795	19	M+ACN+H
180.08780819373015	1	106.54568849724181	804.4400004553524	1796	19	M+ACN+H
180.08458168877252	1	9874.993157796898	805.7001485136333	1797	19	M+ACN+H
182.08912177608096	1	37.51511387622724	804.096730592489	1798	19	M+ACN+H
181.08828308671065	1	385.1359397471056	807.2915098977147	1799	19	M+ACN+H
