1.461651149482829908e+02 1.461651545534629975e+02 1.461651055591979969e+02 1.461651069274709869e+02 1.461651045967790026e+02 1.461651095461890009e+02
0.000000000000000000e+00 0.000000000000000000e+00 0.000000000000000000e+00 0.000000000000000000e+00 0.000000000000000000e+00 0.000000000000000000e+00
0.000000000000000000e+00 0.000000000000000000e+00 0.000000000000000000e+00 0.000000000000000000e+00 0.000000000000000000e+00 0.000000000000000000e+00
0.000000000000000000e+00 0.000000000000000000e+00 0.000000000000000000e+00 0.000000000000000000e+00 0.000000000000000000e+00 0.000000000000000000e+00
0.000000000000000000e+00 0.000000000000000000e+00 0.000000000000000000e+00 0.000000000000000000e+00 0.000000000000000000e+00 0.000000000000000000e+00
0.000000000000000000e+00 0.000000000000000000e+00 0.000000000000000000e+00 0.000000000000000000e+00 0.000000000000000000e+00 0.000000000000000000e+00
0.000000000000000000e+00 0.000000000000000000e+00 0.000000000000000000e+00 0.000000000000000000e+00 0.000000000000000000e+00 0.000000000000000000e+00
0.000000000000000000e+00 0.000000000000000000e+00 0.000000000000000000e+00 0.000000000000000000e+00 0.000000000000000000e+00 0.000000000000000000e+00
1.660862758915750135e+02 0.000000000000000000e+00 1.660862227057199902e+02 0.000000000000000000e+00 0.000000000000000000e+00 0.000000000000000000e+00
1.321018606077610116e+02 1.321018666577269869e+02 1.321019227160880121e+02 1.321019368838379933e+02 1.321019373067900062e+02 1.321019180398390063e+02
2.050971439009140056e+02 0.000000000000000000e+00 2.050972691454470009e+02 2.050973296222369981e+02 0.000000000000000000e+00 2.050975103141979901e+02
1.520705416905329912e+02 1.520706391724500008e+02 1.520706091633730068e+02 0.000000000000000000e+00 0.000000000000000000e+00 0.000000000000000000e+00
0.000000000000000000e+00 0.000000000000000000e+00 0.000000000000000000e+00 0.000000000000000000e+00 0.000000000000000000e+00 0.000000000000000000e+00
1.500582852789490005e+02 1.500582699677300127e+02 1.500582633911809864e+02 0.000000000000000000e+00 0.000000000000000000e+00 0.000000000000000000e+00
1.520566461092720090e+02 1.520567039567700078e+02 1.520566736448949996e+02 1.520566291432490118e+02 1.520566050519279884e+02 0.000000000000000000e+00
1.700811287902239997e+02 1.700811080953000101e+02 1.700811569469709923e+02 1.700811596720849934e+02 1.700811694906749949e+02 1.700811519631629949e+02
1.270502207966739974e+02 1.270502052999499938e+02 1.270502206040479933e+02 1.270502186600059957e+02 1.270502129906790003e+02 1.270502197342290032e+02
1.180861759664259978e+02 1.180862689016710050e+02 1.180861951214390047e+02 1.180862268989239965e+02 1.180862359027919979e+02 1.180862375270010034e+02
1.360617829297819981e+02 1.360617433503479958e+02 1.360617731078270083e+02 1.360617786352009944e+02 1.360617825972180128e+02 1.360618323289629927e+02
1.160706073324409999e+02 1.160705737809129943e+02 1.160706352503299996e+02 1.160706135667479941e+02 1.160705999450180030e+02 1.160706314766180043e+02
0.000000000000000000e+00 0.000000000000000000e+00 0.000000000000000000e+00 0.000000000000000000e+00 1.771022098551700026e+02 0.000000000000000000e+00
0.000000000000000000e+00 0.000000000000000000e+00 0.000000000000000000e+00 0.000000000000000000e+00 0.000000000000000000e+00 0.000000000000000000e+00
1.320655471003169907e+02 1.320655821123299916e+02 1.320655556505620041e+02 1.320655254228919944e+02 1.320655259567479902e+02 1.320655390487360137e+02
1.140662171531830040e+02 1.140662304399560014e+02 1.140662280760249985e+02 1.140662091003109992e+02 1.140662265942309972e+02 1.140662297613870066e+02
1.891233590599100012e+02 1.891233208832250057e+02 1.891233207312419893e+02 1.891232341061069917e+02 1.891232139268510082e+02 1.891232863531519968e+02
1.200654953080360059e+02 1.200654977772749987e+02 1.200655277991020000e+02 1.200655199112089946e+02 1.200655306532240019e+02 1.200655029915660066e+02
0.000000000000000000e+00 0.000000000000000000e+00 0.000000000000000000e+00 0.000000000000000000e+00 0.000000000000000000e+00 0.000000000000000000e+00
2.220972328267170042e+02 2.220972085516839911e+02 2.220972559400470061e+02 0.000000000000000000e+00 2.220973055457220084e+02 0.000000000000000000e+00
1.470763899431179880e+02 1.470764745106440046e+02 1.470763955804000034e+02 1.470763290415360132e+02 1.470763395399370097e+02 1.470763226270059931e+02
9.005494301325390438e+01 9.005493821576939695e+01 9.005497089868700300e+01 9.005496789912210431e+01 9.005495801990410598e+01 0.000000000000000000e+00
1.330607288242570121e+02 1.330606935734699903e+02 1.330607463230219878e+02 1.330607772085859892e+02 1.330607526007810009e+02 1.330607654003640050e+02
3.480700937919099829e+02 3.480703033186309767e+02 3.480703255861520233e+02 3.480703754448480254e+02 3.480703020465090276e+02 0.000000000000000000e+00
0.000000000000000000e+00 0.000000000000000000e+00 0.000000000000000000e+00 1.060498715477559983e+02 0.000000000000000000e+00 0.000000000000000000e+00
1.761029459817339955e+02 0.000000000000000000e+00 1.761029224920370098e+02 1.761029126671550102e+02 1.761029236514650052e+02 1.761029362249620078e+02
0.000000000000000000e+00 0.000000000000000000e+00 2.440928412723289966e+02 0.000000000000000000e+00 2.440928648632659872e+02 2.440930058175470094e+02
0.000000000000000000e+00 0.000000000000000000e+00 0.000000000000000000e+00 0.000000000000000000e+00 0.000000000000000000e+00 0.000000000000000000e+00
7.603930894831189846e+01 7.603931419537930481e+01 7.603931425256060095e+01 7.603930544818200588e+01 7.603931128203950607e+01 7.603931238550740090e+01
2.581100490986980276e+02 2.581099824072589968e+02 2.581099769751720032e+02 2.581099623351279888e+02 2.581099798742910139e+02 2.581099330719729892e+02
0.000000000000000000e+00 0.000000000000000000e+00 0.000000000000000000e+00 1.870751960259690065e+02 0.000000000000000000e+00 0.000000000000000000e+00
0.000000000000000000e+00 0.000000000000000000e+00 0.000000000000000000e+00 0.000000000000000000e+00 0.000000000000000000e+00 0.000000000000000000e+00
1.800865880724319936e+02 1.800867135172730116e+02 0.000000000000000000e+00 0.000000000000000000e+00 1.800868023066269927e+02 0.000000000000000000e+00
1.911025418766890027e+02 0.000000000000000000e+00 0.000000000000000000e+00 0.000000000000000000e+00 0.000000000000000000e+00 0.000000000000000000e+00
0.000000000000000000e+00 0.000000000000000000e+00 0.000000000000000000e+00 0.000000000000000000e+00 0.000000000000000000e+00 0.000000000000000000e+00
1.190815568339209989e+02 1.190815596090850050e+02 1.190815526472350001e+02 1.190815398348970007e+02 1.190815495381939968e+02 1.190815537999259988e+02
1.471127187478060137e+02 0.000000000000000000e+00 1.471127810069739894e+02 1.471127867708250108e+02 1.471127770773190093e+02 1.471128149169960011e+02
0.000000000000000000e+00 1.751188039096149964e+02 1.751188101986290064e+02 1.751188606023060004e+02 1.751188796915909904e+02 1.751188928063359924e+02
0.000000000000000000e+00 0.000000000000000000e+00 0.000000000000000000e+00 0.000000000000000000e+00 0.000000000000000000e+00 0.000000000000000000e+00
0.000000000000000000e+00 0.000000000000000000e+00 0.000000000000000000e+00 0.000000000000000000e+00 0.000000000000000000e+00 0.000000000000000000e+00
0.000000000000000000e+00 0.000000000000000000e+00 0.000000000000000000e+00 0.000000000000000000e+00 8.910729284864460453e+01 0.000000000000000000e+00
2.331284349305840067e+02 2.331284290915860140e+02 0.000000000000000000e+00 2.331285118793489914e+02 2.331283875829660133e+02 2.331283646880270055e+02
1.650545450186679943e+02 0.000000000000000000e+00 0.000000000000000000e+00 0.000000000000000000e+00 0.000000000000000000e+00 0.000000000000000000e+00
0.000000000000000000e+00 0.000000000000000000e+00 0.000000000000000000e+00 0.000000000000000000e+00 0.000000000000000000e+00 0.000000000000000000e+00
0.000000000000000000e+00 0.000000000000000000e+00 0.000000000000000000e+00 0.000000000000000000e+00 0.000000000000000000e+00 0.000000000000000000e+00
0.000000000000000000e+00 0.000000000000000000e+00 0.000000000000000000e+00 0.000000000000000000e+00 0.000000000000000000e+00 0.000000000000000000e+00
0.000000000000000000e+00 0.000000000000000000e+00 0.000000000000000000e+00 0.000000000000000000e+00 0.000000000000000000e+00 0.000000000000000000e+00
1.690494865980759869e+02 1.690495694393310089e+02 1.690495294487010085e+02 1.690495723050860022e+02 1.690496060592869867e+02 1.690495384995529946e+02
0.000000000000000000e+00 0.000000000000000000e+00 0.000000000000000000e+00 0.000000000000000000e+00 0.000000000000000000e+00 0.000000000000000000e+00
0.000000000000000000e+00 0.000000000000000000e+00 0.000000000000000000e+00 0.000000000000000000e+00 0.000000000000000000e+00 0.000000000000000000e+00
0.000000000000000000e+00 0.000000000000000000e+00 0.000000000000000000e+00 0.000000000000000000e+00 0.000000000000000000e+00 0.000000000000000000e+00
0.000000000000000000e+00 0.000000000000000000e+00 0.000000000000000000e+00 0.000000000000000000e+00 0.000000000000000000e+00 0.000000000000000000e+00
1.090760558323029983e+02 0.000000000000000000e+00 0.000000000000000000e+00 0.000000000000000000e+00 0.000000000000000000e+00 0.000000000000000000e+00
0.000000000000000000e+00 0.000000000000000000e+00 0.000000000000000000e+00 0.000000000000000000e+00 0.000000000000000000e+00 0.000000000000000000e+00
0.000000000000000000e+00 0.000000000000000000e+00 0.000000000000000000e+00 0.000000000000000000e+00 0.000000000000000000e+00 0.000000000000000000e+00
0.000000000000000000e+00 0.000000000000000000e+00 0.000000000000000000e+00 0.000000000000000000e+00 0.000000000000000000e+00 0.000000000000000000e+00
0.000000000000000000e+00 0.000000000000000000e+00 0.000000000000000000e+00 0.000000000000000000e+00 0.000000000000000000e+00 0.000000000000000000e+00
0.000000000000000000e+00 0.000000000000000000e+00 0.000000000000000000e+00 0.000000000000000000e+00 0.000000000000000000e+00 0.000000000000000000e+00
0.000000000000000000e+00 0.000000000000000000e+00 0.000000000000000000e+00 0.000000000000000000e+00 0.000000000000000000e+00 0.000000000000000000e+00
0.000000000000000000e+00 0.000000000000000000e+00 0.000000000000000000e+00 0.000000000000000000e+00 0.000000000000000000e+00 0.000000000000000000e+00
0.000000000000000000e+00 0.000000000000000000e+00 0.000000000000000000e+00 0.000000000000000000e+00 0.000000000000000000e+00 1.650759535632579968e+02
0.000000000000000000e+00 0.000000000000000000e+00 0.000000000000000000e+00 0.000000000000000000e+00 0.000000000000000000e+00 0.000000000000000000e+00
0.000000000000000000e+00 0.000000000000000000e+00 0.000000000000000000e+00 2.100795249846630099e+02 2.100795577751009944e+02 2.100795369155430024e+02
1.380550145794580033e+02 1.380550101572179926e+02 1.380550178246710118e+02 1.380550130578689902e+02 1.380550061246879920e+02 1.380549892607749882e+02
0.000000000000000000e+00 0.000000000000000000e+00 0.000000000000000000e+00 0.000000000000000000e+00 0.000000000000000000e+00 0.000000000000000000e+00
0.000000000000000000e+00 0.000000000000000000e+00 0.000000000000000000e+00 0.000000000000000000e+00 0.000000000000000000e+00 0.000000000000000000e+00
0.000000000000000000e+00 0.000000000000000000e+00 0.000000000000000000e+00 0.000000000000000000e+00 0.000000000000000000e+00 0.000000000000000000e+00
0.000000000000000000e+00 0.000000000000000000e+00 0.000000000000000000e+00 0.000000000000000000e+00 0.000000000000000000e+00 0.000000000000000000e+00
0.000000000000000000e+00 0.000000000000000000e+00 0.000000000000000000e+00 0.000000000000000000e+00 0.000000000000000000e+00 0.000000000000000000e+00
0.000000000000000000e+00 0.000000000000000000e+00 0.000000000000000000e+00 0.000000000000000000e+00 0.000000000000000000e+00 0.000000000000000000e+00
0.000000000000000000e+00 0.000000000000000000e+00 0.000000000000000000e+00 0.000000000000000000e+00 0.000000000000000000e+00 0.000000000000000000e+00
0.000000000000000000e+00 0.000000000000000000e+00 0.000000000000000000e+00 0.000000000000000000e+00 0.000000000000000000e+00 0.000000000000000000e+00
0.000000000000000000e+00 0.000000000000000000e+00 0.000000000000000000e+00 0.000000000000000000e+00 0.000000000000000000e+00 0.000000000000000000e+00
0.000000000000000000e+00 0.000000000000000000e+00 0.000000000000000000e+00 0.000000000000000000e+00 0.000000000000000000e+00 0.000000000000000000e+00
1.240393510048699994e+02 1.240393353532629988e+02 1.240393482307739959e+02 1.240393215243930030e+02 1.240393266877219958e+02 1.240393468640040027e+02
0.000000000000000000e+00 0.000000000000000000e+00 0.000000000000000000e+00 0.000000000000000000e+00 0.000000000000000000e+00 0.000000000000000000e+00
0.000000000000000000e+00 0.000000000000000000e+00 0.000000000000000000e+00 0.000000000000000000e+00 0.000000000000000000e+00 0.000000000000000000e+00
0.000000000000000000e+00 0.000000000000000000e+00 0.000000000000000000e+00 0.000000000000000000e+00 0.000000000000000000e+00 0.000000000000000000e+00
0.000000000000000000e+00 0.000000000000000000e+00 0.000000000000000000e+00 0.000000000000000000e+00 0.000000000000000000e+00 0.000000000000000000e+00
1.480604622394349974e+02 1.480603469377630006e+02 1.480603809452680082e+02 1.480604072632669954e+02 1.480604166953690140e+02 1.480603881001030118e+02
0.000000000000000000e+00 0.000000000000000000e+00 0.000000000000000000e+00 0.000000000000000000e+00 0.000000000000000000e+00 0.000000000000000000e+00
0.000000000000000000e+00 0.000000000000000000e+00 0.000000000000000000e+00 0.000000000000000000e+00 0.000000000000000000e+00 0.000000000000000000e+00
0.000000000000000000e+00 0.000000000000000000e+00 0.000000000000000000e+00 0.000000000000000000e+00 0.000000000000000000e+00 0.000000000000000000e+00
1.030389624692730024e+02 1.030389831069369961e+02 0.000000000000000000e+00 0.000000000000000000e+00 0.000000000000000000e+00 0.000000000000000000e+00
0.000000000000000000e+00 0.000000000000000000e+00 0.000000000000000000e+00 0.000000000000000000e+00 0.000000000000000000e+00 0.000000000000000000e+00
0.000000000000000000e+00 0.000000000000000000e+00 0.000000000000000000e+00 0.000000000000000000e+00 0.000000000000000000e+00 0.000000000000000000e+00
0.000000000000000000e+00 0.000000000000000000e+00 0.000000000000000000e+00 0.000000000000000000e+00 0.000000000000000000e+00 0.000000000000000000e+00
0.000000000000000000e+00 0.000000000000000000e+00 0.000000000000000000e+00 0.000000000000000000e+00 0.000000000000000000e+00 0.000000000000000000e+00
7.302843455646809900e+01 7.302827949030759669e+01 7.302845889439510074e+01 0.000000000000000000e+00 0.000000000000000000e+00 0.000000000000000000e+00
0.000000000000000000e+00 0.000000000000000000e+00 0.000000000000000000e+00 0.000000000000000000e+00 0.000000000000000000e+00 0.000000000000000000e+00
0.000000000000000000e+00 0.000000000000000000e+00 0.000000000000000000e+00 0.000000000000000000e+00 0.000000000000000000e+00 0.000000000000000000e+00
0.000000000000000000e+00 0.000000000000000000e+00 0.000000000000000000e+00 0.000000000000000000e+00 0.000000000000000000e+00 0.000000000000000000e+00
0.000000000000000000e+00 0.000000000000000000e+00 0.000000000000000000e+00 0.000000000000000000e+00 0.000000000000000000e+00 0.000000000000000000e+00
0.000000000000000000e+00 0.000000000000000000e+00 0.000000000000000000e+00 0.000000000000000000e+00 0.000000000000000000e+00 0.000000000000000000e+00
0.000000000000000000e+00 0.000000000000000000e+00 0.000000000000000000e+00 0.000000000000000000e+00 0.000000000000000000e+00 0.000000000000000000e+00
0.000000000000000000e+00 0.000000000000000000e+00 0.000000000000000000e+00 0.000000000000000000e+00 0.000000000000000000e+00 0.000000000000000000e+00
