5.987770000000000437e+02 5.704579999999999700e+02 5.820299999999999727e+02 6.690289999999999964e+02 6.649379999999999882e+02 6.585720000000000027e+02
0.000000000000000000e+00 0.000000000000000000e+00 0.000000000000000000e+00 0.000000000000000000e+00 0.000000000000000000e+00 0.000000000000000000e+00
0.000000000000000000e+00 0.000000000000000000e+00 0.000000000000000000e+00 0.000000000000000000e+00 0.000000000000000000e+00 0.000000000000000000e+00
0.000000000000000000e+00 0.000000000000000000e+00 0.000000000000000000e+00 0.000000000000000000e+00 0.000000000000000000e+00 0.000000000000000000e+00
0.000000000000000000e+00 0.000000000000000000e+00 0.000000000000000000e+00 0.000000000000000000e+00 0.000000000000000000e+00 0.000000000000000000e+00
0.000000000000000000e+00 0.000000000000000000e+00 0.000000000000000000e+00 0.000000000000000000e+00 0.000000000000000000e+00 0.000000000000000000e+00
0.000000000000000000e+00 0.000000000000000000e+00 0.000000000000000000e+00 0.000000000000000000e+00 0.000000000000000000e+00 0.000000000000000000e+00
0.000000000000000000e+00 0.000000000000000000e+00 0.000000000000000000e+00 0.000000000000000000e+00 0.000000000000000000e+00 0.000000000000000000e+00
3.939630000000000223e+02 0.000000000000000000e+00 1.347349999999999909e+03 0.000000000000000000e+00 0.000000000000000000e+00 0.000000000000000000e+00
5.512910000000000537e+02 5.529629999999999654e+02 5.519950000000000045e+02 5.533029999999999973e+02 5.526349999999999909e+02 4.390520000000000209e+02
3.964340000000000259e+02 0.000000000000000000e+00 1.359059999999999945e+03 1.360940000000000055e+03 0.000000000000000000e+00 1.359680000000000064e+03
6.628700000000000045e+02 2.711200000000000045e+02 2.707579999999999814e+02 0.000000000000000000e+00 0.000000000000000000e+00 0.000000000000000000e+00
0.000000000000000000e+00 0.000000000000000000e+00 0.000000000000000000e+00 0.000000000000000000e+00 0.000000000000000000e+00 0.000000000000000000e+00
5.411490000000000009e+02 5.428400000000000318e+02 5.432409999999999854e+02 0.000000000000000000e+00 0.000000000000000000e+00 0.000000000000000000e+00
5.925270000000000437e+02 5.944539999999999509e+02 6.299059999999999491e+02 5.922190000000000509e+02 5.929930000000000518e+02 0.000000000000000000e+00
4.348860000000000241e+02 4.379519999999999982e+02 4.381139999999999759e+02 4.369130000000000109e+02 4.364610000000000127e+02 4.364660000000000082e+02
4.460310000000000059e+02 5.289429999999999836e+02 5.294769999999999754e+02 5.291250000000000000e+02 5.287740000000000009e+02 5.298529999999999518e+02
5.361889999999999645e+02 5.378640000000000327e+02 5.369729999999999563e+02 5.366219999999999573e+02 5.362699999999999818e+02 5.374220000000000255e+02
4.447950000000000159e+02 4.453750000000000000e+02 4.443129999999999882e+02 4.444350000000000023e+02 4.440219999999999914e+02 5.008430000000000177e+02
5.801029999999999518e+02 5.818229999999999791e+02 5.820299999999999727e+02 5.822029999999999745e+02 5.827960000000000491e+02 5.829919999999999618e+02
0.000000000000000000e+00 0.000000000000000000e+00 0.000000000000000000e+00 0.000000000000000000e+00 3.111920000000000073e+02 0.000000000000000000e+00
0.000000000000000000e+00 0.000000000000000000e+00 0.000000000000000000e+00 0.000000000000000000e+00 0.000000000000000000e+00 0.000000000000000000e+00
5.260950000000000273e+02 5.339589999999999463e+02 3.585219999999999914e+02 5.771730000000000018e+02 5.764890000000000327e+02 6.245270000000000437e+02
4.991390000000000100e+02 5.009060000000000059e+02 5.002099999999999795e+02 5.001290000000000191e+02 5.006940000000000168e+02 5.008430000000000177e+02
3.592570000000000050e+02 3.576669999999999732e+02 3.572789999999999964e+02 3.576220000000000141e+02 3.571059999999999945e+02 6.295700000000000500e+02
6.383609999999999900e+02 6.384829999999999472e+02 6.387300000000000182e+02 6.387820000000000391e+02 6.384750000000000227e+02 6.384020000000000437e+02
0.000000000000000000e+00 0.000000000000000000e+00 0.000000000000000000e+00 0.000000000000000000e+00 0.000000000000000000e+00 0.000000000000000000e+00
4.812799999999999727e+02 4.833020000000000209e+02 4.825930000000000177e+02 0.000000000000000000e+00 4.830760000000000218e+02 0.000000000000000000e+00
5.337110000000000127e+02 5.352010000000000218e+02 5.357279999999999518e+02 6.349930000000000518e+02 6.346829999999999927e+02 6.346079999999999472e+02
6.344460000000000264e+02 6.359539999999999509e+02 6.361509999999999536e+02 6.362419999999999618e+02 6.359329999999999927e+02 0.000000000000000000e+00
5.813410000000000082e+02 5.832419999999999618e+02 5.820299999999999727e+02 5.834500000000000455e+02 5.815489999999999782e+02 1.356260000000000048e+02
5.411490000000000009e+02 5.415960000000000036e+02 5.407469999999999573e+02 5.416689999999999827e+02 5.413239999999999554e+02 0.000000000000000000e+00
0.000000000000000000e+00 0.000000000000000000e+00 0.000000000000000000e+00 6.425700000000000500e+02 0.000000000000000000e+00 0.000000000000000000e+00
6.562400000000000091e+02 0.000000000000000000e+00 6.576209999999999809e+02 6.589429999999999836e+02 6.586449999999999818e+02 6.585720000000000027e+02
0.000000000000000000e+00 0.000000000000000000e+00 5.644950000000000045e+02 0.000000000000000000e+00 5.639320000000000164e+02 5.653640000000000327e+02
0.000000000000000000e+00 0.000000000000000000e+00 0.000000000000000000e+00 0.000000000000000000e+00 0.000000000000000000e+00 0.000000000000000000e+00
3.493480000000000132e+02 3.401979999999999791e+02 3.370869999999999891e+02 3.374329999999999927e+02 3.365310000000000059e+02 3.351179999999999950e+02
6.099969999999999573e+02 6.108550000000000182e+02 6.110650000000000546e+02 6.110599999999999454e+02 6.107419999999999618e+02 6.106639999999999873e+02
0.000000000000000000e+00 0.000000000000000000e+00 0.000000000000000000e+00 3.095260000000000105e+02 0.000000000000000000e+00 0.000000000000000000e+00
0.000000000000000000e+00 0.000000000000000000e+00 0.000000000000000000e+00 0.000000000000000000e+00 0.000000000000000000e+00 0.000000000000000000e+00
4.851709999999999923e+02 4.857869999999999777e+02 0.000000000000000000e+00 0.000000000000000000e+00 1.279400000000000091e+03 0.000000000000000000e+00
5.763509999999999991e+02 0.000000000000000000e+00 0.000000000000000000e+00 0.000000000000000000e+00 0.000000000000000000e+00 0.000000000000000000e+00
0.000000000000000000e+00 0.000000000000000000e+00 0.000000000000000000e+00 0.000000000000000000e+00 0.000000000000000000e+00 0.000000000000000000e+00
4.286720000000000255e+02 4.665819999999999936e+02 4.658129999999999882e+02 4.660690000000000168e+02 4.654230000000000018e+02 4.654900000000000091e+02
8.025470000000000255e+02 0.000000000000000000e+00 4.989619999999999891e+02 5.038790000000000191e+02 5.032339999999999804e+02 4.995930000000000177e+02
0.000000000000000000e+00 1.036130000000000109e+03 1.037470000000000027e+03 1.034089999999999918e+03 1.032259999999999991e+03 1.033180000000000064e+03
0.000000000000000000e+00 0.000000000000000000e+00 0.000000000000000000e+00 0.000000000000000000e+00 0.000000000000000000e+00 0.000000000000000000e+00
0.000000000000000000e+00 0.000000000000000000e+00 0.000000000000000000e+00 0.000000000000000000e+00 0.000000000000000000e+00 0.000000000000000000e+00
0.000000000000000000e+00 0.000000000000000000e+00 0.000000000000000000e+00 0.000000000000000000e+00 6.498079999999999927e+02 0.000000000000000000e+00
3.140389999999999873e+02 2.948340000000000032e+02 0.000000000000000000e+00 2.779560000000000173e+02 2.783480000000000132e+02 2.754669999999999845e+02
5.925270000000000437e+02 0.000000000000000000e+00 0.000000000000000000e+00 0.000000000000000000e+00 0.000000000000000000e+00 0.000000000000000000e+00
0.000000000000000000e+00 0.000000000000000000e+00 0.000000000000000000e+00 0.000000000000000000e+00 0.000000000000000000e+00 0.000000000000000000e+00
0.000000000000000000e+00 0.000000000000000000e+00 0.000000000000000000e+00 0.000000000000000000e+00 0.000000000000000000e+00 0.000000000000000000e+00
0.000000000000000000e+00 0.000000000000000000e+00 0.000000000000000000e+00 0.000000000000000000e+00 0.000000000000000000e+00 0.000000000000000000e+00
0.000000000000000000e+00 0.000000000000000000e+00 0.000000000000000000e+00 0.000000000000000000e+00 0.000000000000000000e+00 0.000000000000000000e+00
5.763509999999999991e+02 5.780950000000000273e+02 5.770130000000000337e+02 5.771730000000000018e+02 5.764890000000000327e+02 3.259730000000000132e+02
0.000000000000000000e+00 0.000000000000000000e+00 0.000000000000000000e+00 0.000000000000000000e+00 0.000000000000000000e+00 0.000000000000000000e+00
0.000000000000000000e+00 0.000000000000000000e+00 0.000000000000000000e+00 0.000000000000000000e+00 0.000000000000000000e+00 0.000000000000000000e+00
0.000000000000000000e+00 0.000000000000000000e+00 0.000000000000000000e+00 0.000000000000000000e+00 0.000000000000000000e+00 0.000000000000000000e+00
0.000000000000000000e+00 0.000000000000000000e+00 0.000000000000000000e+00 0.000000000000000000e+00 0.000000000000000000e+00 0.000000000000000000e+00
6.012609999999999673e+02 0.000000000000000000e+00 0.000000000000000000e+00 0.000000000000000000e+00 0.000000000000000000e+00 0.000000000000000000e+00
0.000000000000000000e+00 0.000000000000000000e+00 0.000000000000000000e+00 0.000000000000000000e+00 0.000000000000000000e+00 0.000000000000000000e+00
0.000000000000000000e+00 0.000000000000000000e+00 0.000000000000000000e+00 0.000000000000000000e+00 0.000000000000000000e+00 0.000000000000000000e+00
0.000000000000000000e+00 0.000000000000000000e+00 0.000000000000000000e+00 0.000000000000000000e+00 0.000000000000000000e+00 0.000000000000000000e+00
0.000000000000000000e+00 0.000000000000000000e+00 0.000000000000000000e+00 0.000000000000000000e+00 0.000000000000000000e+00 0.000000000000000000e+00
0.000000000000000000e+00 0.000000000000000000e+00 0.000000000000000000e+00 0.000000000000000000e+00 0.000000000000000000e+00 0.000000000000000000e+00
0.000000000000000000e+00 0.000000000000000000e+00 0.000000000000000000e+00 0.000000000000000000e+00 0.000000000000000000e+00 0.000000000000000000e+00
0.000000000000000000e+00 0.000000000000000000e+00 0.000000000000000000e+00 0.000000000000000000e+00 0.000000000000000000e+00 0.000000000000000000e+00
0.000000000000000000e+00 0.000000000000000000e+00 0.000000000000000000e+00 0.000000000000000000e+00 0.000000000000000000e+00 4.516449999999999818e+02
0.000000000000000000e+00 0.000000000000000000e+00 0.000000000000000000e+00 0.000000000000000000e+00 0.000000000000000000e+00 0.000000000000000000e+00
0.000000000000000000e+00 0.000000000000000000e+00 0.000000000000000000e+00 3.891109999999999900e+02 3.886120000000000232e+02 3.885419999999999732e+02
2.831100000000000136e+02 2.848799999999999955e+02 5.519950000000000045e+02 5.518740000000000236e+02 5.513849999999999909e+02 5.513780000000000427e+02
0.000000000000000000e+00 0.000000000000000000e+00 0.000000000000000000e+00 0.000000000000000000e+00 0.000000000000000000e+00 0.000000000000000000e+00
0.000000000000000000e+00 0.000000000000000000e+00 0.000000000000000000e+00 0.000000000000000000e+00 0.000000000000000000e+00 0.000000000000000000e+00
0.000000000000000000e+00 0.000000000000000000e+00 0.000000000000000000e+00 0.000000000000000000e+00 0.000000000000000000e+00 0.000000000000000000e+00
0.000000000000000000e+00 0.000000000000000000e+00 0.000000000000000000e+00 0.000000000000000000e+00 0.000000000000000000e+00 0.000000000000000000e+00
0.000000000000000000e+00 0.000000000000000000e+00 0.000000000000000000e+00 0.000000000000000000e+00 0.000000000000000000e+00 0.000000000000000000e+00
0.000000000000000000e+00 0.000000000000000000e+00 0.000000000000000000e+00 0.000000000000000000e+00 0.000000000000000000e+00 0.000000000000000000e+00
0.000000000000000000e+00 0.000000000000000000e+00 0.000000000000000000e+00 0.000000000000000000e+00 0.000000000000000000e+00 0.000000000000000000e+00
0.000000000000000000e+00 0.000000000000000000e+00 0.000000000000000000e+00 0.000000000000000000e+00 0.000000000000000000e+00 0.000000000000000000e+00
0.000000000000000000e+00 0.000000000000000000e+00 0.000000000000000000e+00 0.000000000000000000e+00 0.000000000000000000e+00 0.000000000000000000e+00
0.000000000000000000e+00 0.000000000000000000e+00 0.000000000000000000e+00 0.000000000000000000e+00 0.000000000000000000e+00 0.000000000000000000e+00
4.497420000000000186e+02 4.516139999999999759e+02 4.531820000000000164e+02 4.092559999999999718e+02 4.087640000000000100e+02 4.087579999999999814e+02
0.000000000000000000e+00 0.000000000000000000e+00 0.000000000000000000e+00 0.000000000000000000e+00 0.000000000000000000e+00 0.000000000000000000e+00
0.000000000000000000e+00 0.000000000000000000e+00 0.000000000000000000e+00 0.000000000000000000e+00 0.000000000000000000e+00 0.000000000000000000e+00
0.000000000000000000e+00 0.000000000000000000e+00 0.000000000000000000e+00 0.000000000000000000e+00 0.000000000000000000e+00 0.000000000000000000e+00
0.000000000000000000e+00 0.000000000000000000e+00 0.000000000000000000e+00 0.000000000000000000e+00 0.000000000000000000e+00 0.000000000000000000e+00
4.915299999999999727e+02 4.934169999999999732e+02 6.059089999999999918e+02 6.073170000000000073e+02 6.069950000000000045e+02 6.069170000000000300e+02
0.000000000000000000e+00 0.000000000000000000e+00 0.000000000000000000e+00 0.000000000000000000e+00 0.000000000000000000e+00 0.000000000000000000e+00
0.000000000000000000e+00 0.000000000000000000e+00 0.000000000000000000e+00 0.000000000000000000e+00 0.000000000000000000e+00 0.000000000000000000e+00
0.000000000000000000e+00 0.000000000000000000e+00 0.000000000000000000e+00 0.000000000000000000e+00 0.000000000000000000e+00 0.000000000000000000e+00
5.133329999999999700e+02 5.150370000000000346e+02 0.000000000000000000e+00 0.000000000000000000e+00 0.000000000000000000e+00 0.000000000000000000e+00
0.000000000000000000e+00 0.000000000000000000e+00 0.000000000000000000e+00 0.000000000000000000e+00 0.000000000000000000e+00 0.000000000000000000e+00
0.000000000000000000e+00 0.000000000000000000e+00 0.000000000000000000e+00 0.000000000000000000e+00 0.000000000000000000e+00 0.000000000000000000e+00
0.000000000000000000e+00 0.000000000000000000e+00 0.000000000000000000e+00 0.000000000000000000e+00 0.000000000000000000e+00 0.000000000000000000e+00
0.000000000000000000e+00 0.000000000000000000e+00 0.000000000000000000e+00 0.000000000000000000e+00 0.000000000000000000e+00 0.000000000000000000e+00
5.461639999999999873e+02 4.742490000000000236e+02 5.482659999999999627e+02 0.000000000000000000e+00 0.000000000000000000e+00 0.000000000000000000e+00
0.000000000000000000e+00 0.000000000000000000e+00 0.000000000000000000e+00 0.000000000000000000e+00 0.000000000000000000e+00 0.000000000000000000e+00
0.000000000000000000e+00 0.000000000000000000e+00 0.000000000000000000e+00 0.000000000000000000e+00 0.000000000000000000e+00 0.000000000000000000e+00
0.000000000000000000e+00 0.000000000000000000e+00 0.000000000000000000e+00 0.000000000000000000e+00 0.000000000000000000e+00 0.000000000000000000e+00
0.000000000000000000e+00 0.000000000000000000e+00 0.000000000000000000e+00 0.000000000000000000e+00 0.000000000000000000e+00 0.000000000000000000e+00
0.000000000000000000e+00 0.000000000000000000e+00 0.000000000000000000e+00 0.000000000000000000e+00 0.000000000000000000e+00 0.000000000000000000e+00
0.000000000000000000e+00 0.000000000000000000e+00 0.000000000000000000e+00 0.000000000000000000e+00 0.000000000000000000e+00 0.000000000000000000e+00
0.000000000000000000e+00 0.000000000000000000e+00 0.000000000000000000e+00 0.000000000000000000e+00 0.000000000000000000e+00 0.000000000000000000e+00
