1.027507000000000000e+07 3.386092250000000000e+06 5.578004000000000000e+06 1.907568875000000000e+06 1.955243125000000000e+06 2.166878000000000000e+06
0.000000000000000000e+00 0.000000000000000000e+00 0.000000000000000000e+00 0.000000000000000000e+00 0.000000000000000000e+00 0.000000000000000000e+00
0.000000000000000000e+00 0.000000000000000000e+00 0.000000000000000000e+00 0.000000000000000000e+00 0.000000000000000000e+00 0.000000000000000000e+00
0.000000000000000000e+00 0.000000000000000000e+00 0.000000000000000000e+00 0.000000000000000000e+00 0.000000000000000000e+00 0.000000000000000000e+00
0.000000000000000000e+00 0.000000000000000000e+00 0.000000000000000000e+00 0.000000000000000000e+00 0.000000000000000000e+00 0.000000000000000000e+00
0.000000000000000000e+00 0.000000000000000000e+00 0.000000000000000000e+00 0.000000000000000000e+00 0.000000000000000000e+00 0.000000000000000000e+00
0.000000000000000000e+00 0.000000000000000000e+00 0.000000000000000000e+00 0.000000000000000000e+00 0.000000000000000000e+00 0.000000000000000000e+00
0.000000000000000000e+00 0.000000000000000000e+00 0.000000000000000000e+00 0.000000000000000000e+00 0.000000000000000000e+00 0.000000000000000000e+00
4.740828437500000000e+05 0.000000000000000000e+00 1.790118125000000000e+05 0.000000000000000000e+00 0.000000000000000000e+00 0.000000000000000000e+00
5.658866560000000000e+08 3.151145920000000000e+08 1.281708480000000000e+08 1.499978300000000000e+07 1.273688500000000000e+07 6.155289375000000000e+05
8.551685000000000000e+05 0.000000000000000000e+00 3.931409375000000000e+04 8.889049218750000000e+04 0.000000000000000000e+00 3.487971093750000000e+04
5.107369000000000000e+06 3.717510000000000000e+05 2.433606406250000000e+05 0.000000000000000000e+00 0.000000000000000000e+00 0.000000000000000000e+00
0.000000000000000000e+00 0.000000000000000000e+00 0.000000000000000000e+00 0.000000000000000000e+00 0.000000000000000000e+00 0.000000000000000000e+00
9.668643125000000000e+05 2.446080156250000000e+05 1.333032187500000000e+05 0.000000000000000000e+00 0.000000000000000000e+00 0.000000000000000000e+00
1.715642500000000000e+06 5.305290625000000000e+05 9.368979687500000000e+04 8.901325000000000000e+04 8.350156250000000000e+04 0.000000000000000000e+00
5.044182000000000000e+06 2.168214750000000000e+06 1.239893375000000000e+06 5.155609062500000000e+05 6.150270625000000000e+05 4.025012187500000000e+05
1.049685125000000000e+06 1.298317250000000000e+06 1.337919375000000000e+06 1.236812250000000000e+06 1.564774250000000000e+06 1.294547250000000000e+06
2.305870592000000000e+09 1.019075072000000000e+09 4.440333120000000000e+08 5.902378000000000000e+07 5.127316800000000000e+07 1.151975200000000000e+07
9.294873600000000000e+07 5.602211200000000000e+07 3.787482000000000000e+07 8.888911000000000000e+06 7.415655500000000000e+06 9.190287500000000000e+05
6.259017500000000000e+06 5.856438000000000000e+06 7.457196500000000000e+06 8.381998500000000000e+06 9.305346000000000000e+06 8.093424500000000000e+06
0.000000000000000000e+00 0.000000000000000000e+00 0.000000000000000000e+00 0.000000000000000000e+00 6.627362500000000000e+04 0.000000000000000000e+00
0.000000000000000000e+00 0.000000000000000000e+00 0.000000000000000000e+00 0.000000000000000000e+00 0.000000000000000000e+00 0.000000000000000000e+00
1.695513125000000000e+06 5.532228125000000000e+05 2.010867812500000000e+05 1.987144375000000000e+05 2.072051718750000000e+05 2.064002500000000000e+05
6.617624000000000000e+06 8.597519000000000000e+06 8.932213000000000000e+06 9.140371000000000000e+06 9.017095000000000000e+06 8.406522000000000000e+06
2.086148400000000000e+07 8.945654000000000000e+06 4.259148000000000000e+06 4.953635312500000000e+05 3.840834687500000000e+05 1.825691718750000000e+05
2.232301600000000000e+07 1.094892400000000000e+07 7.339160500000000000e+06 1.462164750000000000e+06 1.477512625000000000e+06 2.066645156250000000e+05
0.000000000000000000e+00 0.000000000000000000e+00 0.000000000000000000e+00 0.000000000000000000e+00 0.000000000000000000e+00 0.000000000000000000e+00
1.916779250000000000e+06 1.117866500000000000e+06 6.874380000000000000e+05 0.000000000000000000e+00 7.121162500000000000e+04 0.000000000000000000e+00
1.137789200000000000e+07 5.978494000000000000e+06 2.473995500000000000e+06 5.197828750000000000e+05 5.426503750000000000e+05 4.846869062500000000e+05
5.766255000000000000e+06 1.818198750000000000e+06 1.060542500000000000e+06 2.827195000000000000e+05 2.691758125000000000e+05 0.000000000000000000e+00
1.689478750000000000e+06 1.083778000000000000e+06 7.094986250000000000e+05 1.519829843750000000e+05 1.694530781250000000e+05 5.726528515625000000e+04
7.062090625000000000e+05 1.272091375000000000e+06 1.015314625000000000e+06 2.118534375000000000e+05 1.561545000000000000e+05 0.000000000000000000e+00
0.000000000000000000e+00 0.000000000000000000e+00 0.000000000000000000e+00 7.687463281250000000e+04 0.000000000000000000e+00 0.000000000000000000e+00
1.266995000000000000e+05 0.000000000000000000e+00 1.676344687500000000e+05 1.627680468750000000e+05 1.804032031250000000e+05 1.797117500000000000e+05
0.000000000000000000e+00 0.000000000000000000e+00 5.635026562500000000e+04 0.000000000000000000e+00 8.496475000000000000e+04 9.513016406250000000e+04
0.000000000000000000e+00 0.000000000000000000e+00 0.000000000000000000e+00 0.000000000000000000e+00 0.000000000000000000e+00 0.000000000000000000e+00
4.677420500000000000e+06 3.463781750000000000e+06 2.203155000000000000e+06 3.559016250000000000e+05 3.058041875000000000e+05 2.013665625000000000e+04
4.900536562500000000e+05 6.292506250000000000e+05 6.136096875000000000e+05 5.642180000000000000e+05 5.793669375000000000e+05 5.078250625000000000e+05
0.000000000000000000e+00 0.000000000000000000e+00 0.000000000000000000e+00 5.976651562500000000e+04 0.000000000000000000e+00 0.000000000000000000e+00
0.000000000000000000e+00 0.000000000000000000e+00 0.000000000000000000e+00 0.000000000000000000e+00 0.000000000000000000e+00 0.000000000000000000e+00
4.125558125000000000e+05 1.608122187500000000e+05 0.000000000000000000e+00 0.000000000000000000e+00 1.697871484375000000e+04 0.000000000000000000e+00
7.582880000000000000e+05 0.000000000000000000e+00 0.000000000000000000e+00 0.000000000000000000e+00 0.000000000000000000e+00 0.000000000000000000e+00
0.000000000000000000e+00 0.000000000000000000e+00 0.000000000000000000e+00 0.000000000000000000e+00 0.000000000000000000e+00 0.000000000000000000e+00
3.474334250000000000e+06 3.448366250000000000e+06 2.281970000000000000e+06 2.705789500000000000e+06 2.108665000000000000e+06 2.434047968750000000e+05
1.353338125000000000e+05 0.000000000000000000e+00 1.446399062500000000e+05 1.003203515625000000e+05 1.598560468750000000e+05 9.374456250000000000e+04
0.000000000000000000e+00 1.203125859375000000e+05 1.512006875000000000e+05 2.399244531250000000e+05 2.580892500000000000e+05 2.704252812500000000e+05
0.000000000000000000e+00 0.000000000000000000e+00 0.000000000000000000e+00 0.000000000000000000e+00 0.000000000000000000e+00 0.000000000000000000e+00
0.000000000000000000e+00 0.000000000000000000e+00 0.000000000000000000e+00 0.000000000000000000e+00 0.000000000000000000e+00 0.000000000000000000e+00
0.000000000000000000e+00 0.000000000000000000e+00 0.000000000000000000e+00 0.000000000000000000e+00 5.488427500000000000e+05 0.000000000000000000e+00
1.101878375000000000e+06 2.375751875000000000e+05 0.000000000000000000e+00 8.453152343750000000e+04 7.046121875000000000e+04 6.508578125000000000e+04
8.270504375000000000e+05 0.000000000000000000e+00 0.000000000000000000e+00 0.000000000000000000e+00 0.000000000000000000e+00 0.000000000000000000e+00
0.000000000000000000e+00 0.000000000000000000e+00 0.000000000000000000e+00 0.000000000000000000e+00 0.000000000000000000e+00 0.000000000000000000e+00
0.000000000000000000e+00 0.000000000000000000e+00 0.000000000000000000e+00 0.000000000000000000e+00 0.000000000000000000e+00 0.000000000000000000e+00
0.000000000000000000e+00 0.000000000000000000e+00 0.000000000000000000e+00 0.000000000000000000e+00 0.000000000000000000e+00 0.000000000000000000e+00
0.000000000000000000e+00 0.000000000000000000e+00 0.000000000000000000e+00 0.000000000000000000e+00 0.000000000000000000e+00 0.000000000000000000e+00
4.548930500000000000e+06 9.681110000000000000e+05 4.487355000000000000e+05 1.160546171875000000e+05 1.238330937500000000e+05 5.182051171875000000e+04
0.000000000000000000e+00 0.000000000000000000e+00 0.000000000000000000e+00 0.000000000000000000e+00 0.000000000000000000e+00 0.000000000000000000e+00
0.000000000000000000e+00 0.000000000000000000e+00 0.000000000000000000e+00 0.000000000000000000e+00 0.000000000000000000e+00 0.000000000000000000e+00
0.000000000000000000e+00 0.000000000000000000e+00 0.000000000000000000e+00 0.000000000000000000e+00 0.000000000000000000e+00 0.000000000000000000e+00
0.000000000000000000e+00 0.000000000000000000e+00 0.000000000000000000e+00 0.000000000000000000e+00 0.000000000000000000e+00 0.000000000000000000e+00
4.003205312500000000e+05 0.000000000000000000e+00 0.000000000000000000e+00 0.000000000000000000e+00 0.000000000000000000e+00 0.000000000000000000e+00
0.000000000000000000e+00 0.000000000000000000e+00 0.000000000000000000e+00 0.000000000000000000e+00 0.000000000000000000e+00 0.000000000000000000e+00
0.000000000000000000e+00 0.000000000000000000e+00 0.000000000000000000e+00 0.000000000000000000e+00 0.000000000000000000e+00 0.000000000000000000e+00
0.000000000000000000e+00 0.000000000000000000e+00 0.000000000000000000e+00 0.000000000000000000e+00 0.000000000000000000e+00 0.000000000000000000e+00
0.000000000000000000e+00 0.000000000000000000e+00 0.000000000000000000e+00 0.000000000000000000e+00 0.000000000000000000e+00 0.000000000000000000e+00
0.000000000000000000e+00 0.000000000000000000e+00 0.000000000000000000e+00 0.000000000000000000e+00 0.000000000000000000e+00 0.000000000000000000e+00
0.000000000000000000e+00 0.000000000000000000e+00 0.000000000000000000e+00 0.000000000000000000e+00 0.000000000000000000e+00 0.000000000000000000e+00
0.000000000000000000e+00 0.000000000000000000e+00 0.000000000000000000e+00 0.000000000000000000e+00 0.000000000000000000e+00 0.000000000000000000e+00
0.000000000000000000e+00 0.000000000000000000e+00 0.000000000000000000e+00 0.000000000000000000e+00 0.000000000000000000e+00 7.510107812500000000e+04
0.000000000000000000e+00 0.000000000000000000e+00 0.000000000000000000e+00 0.000000000000000000e+00 0.000000000000000000e+00 0.000000000000000000e+00
0.000000000000000000e+00 0.000000000000000000e+00 0.000000000000000000e+00 9.787214062500000000e+04 1.013598515625000000e+05 6.654029687500000000e+04
1.091061750000000000e+06 4.350563750000000000e+05 4.434711875000000000e+05 3.983290937500000000e+05 3.967600937500000000e+05 3.408744062500000000e+05
0.000000000000000000e+00 0.000000000000000000e+00 0.000000000000000000e+00 0.000000000000000000e+00 0.000000000000000000e+00 0.000000000000000000e+00
0.000000000000000000e+00 0.000000000000000000e+00 0.000000000000000000e+00 0.000000000000000000e+00 0.000000000000000000e+00 0.000000000000000000e+00
0.000000000000000000e+00 0.000000000000000000e+00 0.000000000000000000e+00 0.000000000000000000e+00 0.000000000000000000e+00 0.000000000000000000e+00
0.000000000000000000e+00 0.000000000000000000e+00 0.000000000000000000e+00 0.000000000000000000e+00 0.000000000000000000e+00 0.000000000000000000e+00
0.000000000000000000e+00 0.000000000000000000e+00 0.000000000000000000e+00 0.000000000000000000e+00 0.000000000000000000e+00 0.000000000000000000e+00
0.000000000000000000e+00 0.000000000000000000e+00 0.000000000000000000e+00 0.000000000000000000e+00 0.000000000000000000e+00 0.000000000000000000e+00
0.000000000000000000e+00 0.000000000000000000e+00 0.000000000000000000e+00 0.000000000000000000e+00 0.000000000000000000e+00 0.000000000000000000e+00
0.000000000000000000e+00 0.000000000000000000e+00 0.000000000000000000e+00 0.000000000000000000e+00 0.000000000000000000e+00 0.000000000000000000e+00
0.000000000000000000e+00 0.000000000000000000e+00 0.000000000000000000e+00 0.000000000000000000e+00 0.000000000000000000e+00 0.000000000000000000e+00
0.000000000000000000e+00 0.000000000000000000e+00 0.000000000000000000e+00 0.000000000000000000e+00 0.000000000000000000e+00 0.000000000000000000e+00
3.281072800000000000e+07 1.058008600000000000e+07 4.779131000000000000e+06 2.314094500000000000e+06 2.555397000000000000e+06 2.310390750000000000e+06
0.000000000000000000e+00 0.000000000000000000e+00 0.000000000000000000e+00 0.000000000000000000e+00 0.000000000000000000e+00 0.000000000000000000e+00
0.000000000000000000e+00 0.000000000000000000e+00 0.000000000000000000e+00 0.000000000000000000e+00 0.000000000000000000e+00 0.000000000000000000e+00
0.000000000000000000e+00 0.000000000000000000e+00 0.000000000000000000e+00 0.000000000000000000e+00 0.000000000000000000e+00 0.000000000000000000e+00
0.000000000000000000e+00 0.000000000000000000e+00 0.000000000000000000e+00 0.000000000000000000e+00 0.000000000000000000e+00 0.000000000000000000e+00
3.514070937500000000e+05 2.287359687500000000e+05 1.243162500000000000e+05 9.865423437500000000e+04 1.309343203125000000e+05 1.186348437500000000e+05
0.000000000000000000e+00 0.000000000000000000e+00 0.000000000000000000e+00 0.000000000000000000e+00 0.000000000000000000e+00 0.000000000000000000e+00
0.000000000000000000e+00 0.000000000000000000e+00 0.000000000000000000e+00 0.000000000000000000e+00 0.000000000000000000e+00 0.000000000000000000e+00
0.000000000000000000e+00 0.000000000000000000e+00 0.000000000000000000e+00 0.000000000000000000e+00 0.000000000000000000e+00 0.000000000000000000e+00
8.943147500000000000e+05 1.862294687500000000e+05 0.000000000000000000e+00 0.000000000000000000e+00 0.000000000000000000e+00 0.000000000000000000e+00
0.000000000000000000e+00 0.000000000000000000e+00 0.000000000000000000e+00 0.000000000000000000e+00 0.000000000000000000e+00 0.000000000000000000e+00
0.000000000000000000e+00 0.000000000000000000e+00 0.000000000000000000e+00 0.000000000000000000e+00 0.000000000000000000e+00 0.000000000000000000e+00
0.000000000000000000e+00 0.000000000000000000e+00 0.000000000000000000e+00 0.000000000000000000e+00 0.000000000000000000e+00 0.000000000000000000e+00
0.000000000000000000e+00 0.000000000000000000e+00 0.000000000000000000e+00 0.000000000000000000e+00 0.000000000000000000e+00 0.000000000000000000e+00
1.112544250000000000e+06 3.173667187500000000e+05 7.531978125000000000e+04 0.000000000000000000e+00 0.000000000000000000e+00 0.000000000000000000e+00
0.000000000000000000e+00 0.000000000000000000e+00 0.000000000000000000e+00 0.000000000000000000e+00 0.000000000000000000e+00 0.000000000000000000e+00
0.000000000000000000e+00 0.000000000000000000e+00 0.000000000000000000e+00 0.000000000000000000e+00 0.000000000000000000e+00 0.000000000000000000e+00
0.000000000000000000e+00 0.000000000000000000e+00 0.000000000000000000e+00 0.000000000000000000e+00 0.000000000000000000e+00 0.000000000000000000e+00
0.000000000000000000e+00 0.000000000000000000e+00 0.000000000000000000e+00 0.000000000000000000e+00 0.000000000000000000e+00 0.000000000000000000e+00
0.000000000000000000e+00 0.000000000000000000e+00 0.000000000000000000e+00 0.000000000000000000e+00 0.000000000000000000e+00 0.000000000000000000e+00
0.000000000000000000e+00 0.000000000000000000e+00 0.000000000000000000e+00 0.000000000000000000e+00 0.000000000000000000e+00 0.000000000000000000e+00
0.000000000000000000e+00 0.000000000000000000e+00 0.000000000000000000e+00 0.000000000000000000e+00 0.000000000000000000e+00 0.000000000000000000e+00
