	RT	Std2_1in50
95.98760596302125	1356.530029296875	2.9973888E8
94.04154769173435	298.7090148925781	2.8106976E8
256.24031839980523	214.87600708007812	1.27678936E8
173.96520216344027	1356.530029296875	7.5170712E7
115.94356256753457	1361.72998046875	5.3015748E7
284.27151983039965	212.38999938964844	4.7589452E7
117.94177935883236	1366.800048828125	2.487962E7
117.94177448395111	1381.1199951171875	2.1573814E7
95.04491089009747	298.7090148925781	2.1201636E7
257.24366970711577	214.87600708007812	2.0856662E7
136.05249006760036	303.75201416015625	1.8762042E7
77.97677758915152	1356.530029296875	1.8288662E7
96.98718830836947	1356.530029296875	1.8054528E7
144.1150262643515	253.4219970703125	1.7462748E7
97.98448197133722	1356.530029296875	1.3286577E7
159.08955627033532	390.9840087890625	1.1512198E7
233.93205894636844	1357.8399658203125	1.1213238E7
256.24035078180196	1365.56005859375	1.1101799E7
285.27488534538867	212.38999938964844	9779162.0
102.03151550670663	471.7749938964844	8811069.0
256.24034571039374	1381.1199951171875	8486224.0
116.08371952423458	284.9129943847656	7989527.5
195.9131622097359	828.8579711914062	7634414.0
174.9647884400575	1356.530029296875	7463621.5
155.95473154546053	1356.530029296875	7324031.0
193.07403894232826	336.7659912109375	7285757.5
135.98046306311983	1356.530029296875	6637855.0
204.8762749011853	1364.3299560546875	6293856.5
206.87448923640528	1364.3299560546875	5978767.5
118.02661799282623	623.0440063476562	5745466.5
288.0594232737682	552.5029907226562	5721873.5
158.13068208389453	239.3979949951172	5601327.5
122.03679947063144	354.4540100097656	5599387.5
209.94197451144439	1353.8800048828125	5519577.0
153.09023723601322	419.96099853515625	5416588.0
175.9620346873141	1356.530029296875	5228016.5
122.03678955238723	308.9049987792969	5215951.5
311.9095892912651	1355.1099853515625	5090061.5
215.8401100415119	1345.93994140625	5083849.0
97.98448657347951	1377.1800537109375	5042521.5
141.9934362144141	1355.1099853515625	4917242.0
284.27156806591506	1356.530029296875	4904630.0
213.84214175811965	1340.800048828125	4654438.5
195.91319458477165	1353.8800048828125	4473027.5
102.06791322933795	335.5169982910156	4229754.0
407.90980735179164	1357.8399658203125	4118216.25
200.17772714923322	223.86599731445312	4096250.75
129.0426258870861	488.1789855957031	4050988.25
134.02155392020308	649.4869995117188	3958917.25
228.2090776477459	217.36500549316406	3958527.0
175.9620358129407	1368.1600341796875	3869532.0
284.27157501617967	1378.5999755859375	3849708.0
149.0702126340035	441.32501220703125	3825860.75
130.09943503705128	265.9909973144531	3550986.5
219.97075218800668	1355.1099853515625	3271126.75
195.94722417814327	1355.1099853515625	3121360.25
97.99186782260914	1356.530029296875	3107081.5
136.95238581726596	1364.3299560546875	3009060.75
166.03133550457886	375.8739929199219	2998837.5
329.9325469618039	1361.72998046875	2970671.25
195.91320916898115	1361.72998046875	2769895.75
242.22473485401034	217.36500549316406	2727143.25
95.99996365831272	1373.4599609375	2608681.5
293.8989486751265	1355.1099853515625	2537202.0
172.1464289550787	231.73199462890625	2527992.75
173.97749827490836	1365.56005859375	2489527.25
251.95506125415372	1364.3299560546875	2469677.25
212.1413710991717	240.64300537109375	2423233.75
174.96479869308973	1386.260009765625	2408373.0
233.93204035769213	694.8660278320312	2313918.25
156.11512076033094	239.3979949951172	2267769.5
135.0545508296744	390.9840087890625	2248074.5
155.95472821952856	1383.780029296875	2229602.5
195.87593863276092	1338.3199462890625	2201238.75
135.05454571652535	443.8169860839844	2184537.0
211.93900842807201	1353.8800048828125	2122076.75
117.94177833599792	18.62470054626465	2101556.0
371.8762272144258	1355.1099853515625	2097026.125
266.15521921795494	1357.8399658203125	2085280.625
172.00424855627128	1349.8800048828125	2045330.0
159.08956181102127	374.625	2044399.125
287.91932482452074	1353.8800048828125	2028370.125
219.11072258151543	438.82598876953125	1997971.875
257.2436781928283	1359.0799560546875	1968706.5
254.2246938543724	1366.800048828125	1968538.75
217.83769757616847	1344.699951171875	1959113.5
197.87415091921525	1338.3199462890625	1955066.875
195.94723531101315	1365.56005859375	1928818.375
233.93201254349384	679.7420043945312	1925745.875
88.05204428076705	389.73699951171875	1920049.25
196.05834735141315	582.8309936523438	1915691.375
206.16712577537928	236.9040069580078	1874102.875
219.97076322120168	1369.4000244140625	1873216.375
76.0154797875346	379.656005859375	1847122.125
173.9775404501278	1353.8800048828125	1810524.875
195.9131636555426	952.2100219726562	1793674.625
258.2471218523683	214.87600708007812	1756370.625
234.93161195740467	1357.8399658203125	1745381.625
117.9417851606845	345.6090087890625	1738811.75
228.20911652518728	1364.3299560546875	1738592.875
136.95238234985817	1395.3599853515625	1733548.875
135.05454596917826	475.5199890136719	1727687.25
141.99343052912286	1381.1199951171875	1609772.875
102.03151857186559	422.4580078125	1586442.5
266.1552145368211	206.0749969482422	1574807.375
195.08958345190447	306.2349853515625	1574223.5
233.93203505644217	734.0020141601562	1558458.0
175.96202715959896	1387.5	1545125.75
214.19343745889844	221.18499755859375	1543529.125
97.98448437604414	1423.199951171875	1541878.875
233.93202923888592	649.4869995117188	1535757.875
151.9697599894783	1326.5400390625	1506879.5
273.8905472331747	828.8579711914062	1484789.0
145.1184109549956	253.4219970703125	1484741.125
236.96093172345067	1349.8800048828125	1481588.25
112.02724031903966	552.5029907226562	1464468.375
186.10047429886322	392.2749938964844	1444581.5
197.874181657209	301.2300109863281	1419865.75
137.0557694509775	302.4700012207031	1419478.625
126.90744239507758	1333.1300048828125	1410100.75
86.03635963144787	396.01800537109375	1406582.75
233.9320420180887	774.4669799804688	1397293.75
197.8741741949782	15.743599891662598	1393245.5
233.9320189716659	769.4039916992188	1384363.0
295.80718528412103	1351.300048828125	1378742.5
243.11084584385821	370.84100341796875	1365697.75
174.96478269308696	701.1630249023438	1363304.375
163.96754692820767	1331.699951171875	1351551.875
208.87267560919574	1351.300048828125	1313826.625
196.91315503571522	828.8579711914062	1297690.25
242.22475860076048	1361.72998046875	1282614.125
155.9547133760565	694.8660278320312	1280341.875
197.87417554501712	144.12100219726562	1274936.375
197.8741710191067	322.9280090332031	1268153.625
235.92894106858526	1361.72998046875	1264022.75
197.87417255611547	268.4909973144531	1262259.0
136.9523716670106	1409.2900390625	1244453.75
116.9469277950392	1365.56005859375	1239393.125
197.87417286054122	368.343994140625	1239076.0
197.87418401354103	216.12100219726562	1231387.25
197.87418463271467	254.66799926757812	1229184.0
304.77285871557086	1344.699951171875	1225913.75
197.87417518353942	346.8609924316406	1223230.875
186.16201940931293	226.55099487304688	1220633.75
174.96476554292283	669.655029296875	1198803.625
293.8091649703557	1360.31005859375	1190844.375
282.2558978765762	1360.31005859375	1179837.125
126.04291779830527	422.4580078125	1178208.875
138.94785568007708	1365.56005859375	1158121.25
197.8741781543805	384.70098876953125	1158106.25
197.87417722277192	245.85000610351562	1140575.125
140.01435766309328	1366.800048828125	1131226.625
74.03617896045009	440.0719909667969	1127560.25
188.07976142931304	494.4259948730469	1127299.875
200.17776444214448	1353.8800048828125	1118810.25
515.2917633109083	279.83099365234375	1118258.375
195.9131807837924	1425.699951171875	1105942.5
130.0630550733662	377.1210021972656	1102500.875
116.01095320175305	555.176025390625	1078367.0
312.9090913051626	1355.1099853515625	1076988.5
175.9694068287872	1356.530029296875	1076717.875
174.96477932805934	739.0560302734375	1068669.375
285.2749034446502	1359.0799560546875	1053185.5
233.93204936407164	1423.199951171875	1044041.6875
133.87514793242013	606.6959838867188	1040173.1875
302.245891045407	216.12100219726562	1038454.9375
233.93202781527813	852.9130249023438	1037301.625
270.21961426903715	217.36500549316406	1032225.1875
155.95471677348132	651.9879760742188	1025568.5
393.8706628754145	1363.0899658203125	1021046.4375
195.9131571739006	1236.6099853515625	1016602.875
126.90737795765129	605.405029296875	1013932.75
147.97327838715665	1348.6400146484375	1011298.75
78.97636116998721	1356.530029296875	1003723.125
326.191838962887	1357.8399658203125	1000242.625
233.93202651812388	901.0789794921875	994656.8125
204.87623685637763	214.87600708007812	985241.375
233.93203136707308	938.1259765625	975364.1875
174.96477748839285	758.0280151367188	966449.0
282.2559083728465	1377.1800537109375	964999.3125
179.97025836168766	1355.1099853515625	960558.625
215.84014592715158	452.7200012207031	958748.75
176.10488329166571	279.83099365234375	958011.125
240.2091134098456	216.12100219726562	948769.5625
233.9320292032163	916.3590087890625	944422.3125
249.08734641426042	1357.8399658203125	938875.0625
196.05835022667017	596.6309814453125	937934.625
233.93201713896144	882.0339965820312	937610.75
289.9162782752076	1353.8800048828125	935825.5
155.95471240861892	760.5369873046875	934348.9375
270.25589972663545	214.87600708007812	924156.375
310.18163727162425	1356.530029296875	923075.3125
146.0215533842837	406.09698486328125	917867.625
314.93847063166874	1349.8800048828125	917442.0625
213.84215434352765	447.72100830078125	912055.5625
206.83971881581448	457.9490051269531	909547.75
175.96202308533762	691.072998046875	898961.5
198.16204149552905	223.86599731445312	895959.0
286.27817875392293	212.38999938964844	890753.1875
408.9093207440611	1359.0799560546875	888396.4375
97.97671194219166	1353.8800048828125	888239.0
233.9320313365625	959.9949951171875	886580.625
191.96236858850833	1322.5699462890625	884808.6875
204.84170694461315	1331.699951171875	878912.3125
195.94722896831388	1375.93994140625	873596.4375
206.83969041950968	1331.699951171875	871685.8125
204.87627426544762	142.86700439453125	871619.75
312.1761860638033	1355.1099853515625	862982.75
186.05285207866106	576.552978515625	862970.25
196.91322735744993	1353.8800048828125	856955.625
204.87627312461748	60.3307991027832	854093.625
206.04354884274886	276.08099365234375	852626.0
160.09293056731087	392.2749938964844	848031.8125
197.87417130390673	456.6570129394531	845462.5
195.91315043626665	1191.4599609375	844995.0
213.84215877938692	418.7149963378906	833661.375
204.87627174076448	126.38899993896484	832198.25
251.10193436783516	443.8169860839844	828415.8125
213.84214959365912	479.35101318359375	818401.625
206.8744928777055	2.8165700435638428	814792.625
172.05587726833102	276.08099365234375	811843.375
302.7748246416265	1344.699951171875	810324.375
204.87626909189308	299.95098876953125	808064.3125
215.84015112224986	207.3249969482422	807547.4375
238.09888170959877	491.92498779296875	804359.8125
161.08411387295823	1368.1600341796875	803981.9375
204.8762598944647	1439.760009765625	802623.125
213.8421581735551	369.5929870605469	797546.1875
306.77090796048645	1344.699951171875	793373.8125
206.87449162047022	229.04800415039062	781539.25
204.8417234882772	457.9490051269531	780301.0
273.8905662896368	1351.300048828125	778294.0
213.8421667323793	384.70098876953125	775504.0625
117.9698231622912	1356.530029296875	773044.4375
96.04586854562254	296.2239990234375	757887.25
206.8744923248151	31.24839973449707	757175.0
294.18674168780876	1355.1099853515625	755929.8125
206.874489070563	144.12100219726562	755482.25
206.87449338364198	103.63899993896484	753737.0
142.0630702215482	576.552978515625	750868.75
204.84172597617203	431.2919921875	746073.125
204.87626708767226	273.5790100097656	745910.3125
213.8421554864766	304.9930114746094	744792.375
194.07724575640083	336.7659912109375	744472.5625
206.87448760347698	61.58599853515625	743509.6875
123.99528117220817	1366.800048828125	742721.75
139.02697302820152	1353.8800048828125	742406.5625
92.01062794784333	1317.530029296875	739824.9375
206.83970827321124	531.0050048828125	731064.5625
111.0796297992471	419.96099853515625	729699.0625
118.93598817079365	818.7410278320312	728548.75
254.15192865730862	231.73199462890625	726642.0625
313.90643078959135	1353.8800048828125	726090.125
195.91315953824386	1169.6300048828125	722081.125
282.25593017432203	212.38999938964844	720589.3125
161.08412197595422	1388.9300537109375	720511.75
204.84171997875063	504.5069885253906	718263.9375
213.84215383888937	520.927978515625	712661.25
213.84215928913142	340.5589904785156	710322.3125
213.84215739251286	178.28399658203125	709836.625
295.7724160236351	1338.3199462890625	709739.8125
157.96229715865772	1352.530029296875	709502.375
174.96478818180847	831.364990234375	709281.5625
698.2997129616397	222.4320068359375	707358.625
155.95471186326864	830.1110229492188	703690.8125
163.97539475691045	1352.530029296875	703467.3125
174.96476659461595	913.7979736328125	702198.875
294.8983517219797	1355.1099853515625	700646.5625
215.8401343317355	269.74200439453125	697903.6875
213.84216485303773	354.4540100097656	693383.1875
270.2559544211009	1355.1099853515625	691145.5625
79.97365287332383	1357.8399658203125	689329.375
133.87515041109887	504.5069885253906	683188.125
174.9647712864315	923.9619750976562	679726.125
201.9523346697413	1353.8800048828125	679100.8125
133.87515829704463	493.17498779296875	671086.0625
206.8744918990923	1439.760009765625	666682.25
174.96477583932926	965.218994140625	664351.25
133.87515723197575	538.552001953125	659535.6875
133.87515580440348	520.927978515625	657331.75
206.87449127412773	350.6579895019531	656073.0
133.87515020041437	551.2540283203125	655896.875
206.87450566673343	303.75201416015625	655182.5625
133.8751576639228	580.2969970703125	654756.3125
340.20733942041466	1356.530029296875	654097.5625
257.0934780091972	1355.1099853515625	652927.0625
213.84217389027697	252.13299560546875	651869.0
169.98035658887815	1325.25	648831.8125
286.80681469595214	1340.800048828125	646782.6875
104.01082892463768	644.447021484375	646175.375
206.87448096664764	279.83099365234375	644994.625
175.96202109870453	752.9719848632812	634646.9375
229.2122875838386	218.6540069580078	623893.5625
156.9543485447102	1356.530029296875	623628.6875
289.06290139639185	552.5029907226562	620826.6875
175.96201729104916	641.9080200195312	620323.0625
206.8397228599599	294.98199462890625	619585.25
118.94514029659851	1361.72998046875	619009.875
161.08410168655843	1352.530029296875	616268.375
210.9415791915931	1353.8800048828125	616230.5
122.0480319343353	406.09698486328125	611031.875
96.04820724078107	299.95098876953125	595175.6875
92.01062673661701	1206.68994140625	594126.0
204.84171486026761	536.0029907226562	593640.3125
255.9140073524376	1355.1099853515625	591370.875
297.8054422303808	1351.300048828125	590783.5
135.8724889570806	606.6959838867188	589577.3125
159.13406891976464	240.64300537109375	585448.25
91.97830555115323	1263.5799560546875	584446.6875
230.12670411098205	355.7049865722656	582792.875
118.94514902642099	1381.1199951171875	580317.6875
289.065325498297	1357.8399658203125	577531.9375
409.90616693525646	1360.31005859375	573896.875
204.84173543185372	368.343994140625	572694.75
155.96715510299458	1359.0799560546875	569739.25
91.97830077106092	1298.4200439453125	569363.0
127.02451264097158	259.65899658203125	569237.0625
197.87416496858563	505.75799560546875	568680.125
204.84172318055172	306.2349853515625	567485.5
117.08708306126881	284.9129943847656	566790.3125
204.8417278861755	279.83099365234375	561626.375
116.04735366529299	419.96099853515625	560730.8125
208.87268491927946	1394.1199951171875	560159.6875
206.83970477407482	591.5609741210938	559176.0
213.8421420248905	605.405029296875	556921.375
312.176207279451	1379.8399658203125	555116.1875
485.8867620252388	1359.0799560546875	551085.8125
91.97830332481728	1215.800048828125	550386.3125
213.84215753414733	101.13099670410156	549695.8125
298.2509272130011	214.87600708007812	549590.375
204.84173347352973	394.7699890136719	538971.6875
133.87516281216344	471.7749938964844	535708.4375
326.3185716523894	211.14599609375	535664.25
195.9131575621204	1126.3499755859375	534521.25
354.20777785685664	1356.530029296875	534001.3125
201.18106237549202	223.86599731445312	530030.5
213.8421394319692	551.2540283203125	528261.0
270.2559423063915	1381.1199951171875	525165.75
312.3030337851089	211.14599609375	524226.53125
100.05223799180663	359.5010070800781	523450.21875
175.08446636497519	460.4469909667969	522307.5
175.96202146142278	795.958984375	521524.15625
195.9131597015511	1100.6300048828125	520331.65625
224.80561989032725	1336.9000244140625	518710.875
196.9132246489746	1374.699951171875	512932.21875
116.94062976490552	1370.6400146484375	511744.28125
168.04229115286697	522.177978515625	507734.3125
91.97830728854271	1047.8800048828125	505814.09375
330.2772464324894	211.14599609375	504023.5625
279.93734693222626	1353.8800048828125	503712.96875
207.05414199363315	1360.31005859375	502989.1875
348.8932738724885	375.8739929199219	499836.5625
197.87421209197467	1351.300048828125	497771.8125
157.95146284747176	1357.8399658203125	496654.84375
213.84215087254455	577.801025390625	496440.03125
197.87417196613234	533.5050048828125	493830.09375
96.99183059021202	1356.530029296875	486447.21875
97.96712288725814	706.25	486040.5
206.83971356194007	616.7620239257812	485611.4375
204.84170047423584	631.8309936523438	485375.1875
224.80565755871632	605.405029296875	479994.0
158.99641449092846	1360.31005859375	479977.71875
206.83973238419847	79.456298828125	479860.59375
284.80861569327084	1339.56005859375	478790.875
206.8397228069875	135.2550048828125	477046.5625
175.96201346866386	897.3040161132812	475254.15625
288.9189379887093	1353.8800048828125	472346.875
241.95276578274888	1353.8800048828125	471333.5625
175.96945751383336	1377.1800537109375	466045.46875
215.8401314867673	33.75510025024414	464869.75
133.87514002605377	1336.9000244140625	462484.59375
268.24030211266995	1357.8399658203125	462452.0625
204.84173635855672	137.80799865722656	461497.125
175.96201571855957	865.5579833984375	455723.09375
280.2402730675046	1353.8800048828125	455282.71875
78.97636303429732	1378.5999755859375	450695.625
134.07319159591535	1383.780029296875	448076.375
294.18312433890554	219.8990020751953	447950.375
134.07321444000362	1372.050048828125	445938.84375
199.8723587132203	1338.3199462890625	442814.59375
368.889468419238	294.98199462890625	441245.1875
222.80786706189627	1333.1300048828125	441193.46875
204.8416896317977	624.2930297851562	440483.59375
293.7745687695074	1340.800048828125	440427.34375
97.97680671510106	606.6959838867188	437729.21875
251.0440319448327	1386.260009765625	437702.5
235.9400513745706	1352.530029296875	437613.75
194.04267802814437	655.7750244140625	437431.65625
373.8730457870793	1355.1099853515625	435418.0
298.160383005148	1361.72998046875	434283.09375
204.84172041986722	644.447021484375	434117.25
161.0841198622189	1424.449951171875	432289.25
259.1055763358952	435.0419921875	431965.5625
91.9783038335251	892.1859741210938	431207.4375
193.91870427849298	816.2340087890625	431093.21875
243.22810558996093	218.6540069580078	427999.625
172.14640341469166	1348.6400146484375	427602.46875
297.0897273588768	392.2749938964844	427419.0625
91.97830540518537	677.2429809570312	425114.4375
154.09360026574728	421.2120056152344	424515.9375
368.8894930277571	139.06199645996094	423209.8125
368.8894841386453	26.191699981689453	422793.90625
368.889483735825	123.87799835205078	420904.65625
119.05828507516132	639.4089965820312	420231.1875
175.95417423351677	1359.0799560546875	418508.5
368.8894871928308	69.19770050048828	418136.03125
280.2403039901854	1368.1600341796875	416675.34375
91.97830795168124	717.5989990234375	416580.5625
368.8894819221493	176.98699951171875	413789.0
123.04015991774662	307.4800109863281	413430.1875
186.05286056740843	406.09698486328125	413129.84375
123.0401618291329	354.4540100097656	408610.21875
103.03487749973405	475.5199890136719	408208.65625
295.8955829316504	1356.530029296875	408175.3125
220.97033299463516	1355.1099853515625	407606.40625
157.95038622795292	1313.72998046875	406713.71875
146.99084345254883	1336.9000244140625	402018.5
272.235148845115	223.86599731445312	401765.46875
202.0478687855509	429.99700927734375	401152.46875
204.06351969119174	601.6240234375	400515.875
91.97830610169974	764.343017578125	400510.53125
233.93202455638155	1219.5799560546875	397402.90625
368.8894997922416	21.132299423217773	396990.65625
284.2715642562338	302.4700012207031	396747.15625
206.83973227241353	41.359798431396484	395842.8125
297.7703203083127	1338.3199462890625	395235.8125
133.87515301415567	638.1599731445312	394604.0625
368.8894430009579	276.08099365234375	391016.4375
368.8894608201153	155.49600219726562	390151.03125
384.73983828020266	1351.300048828125	390038.46875
153.98543444735276	1322.5699462890625	389734.09375
137.9986873557681	1352.530029296875	388661.6875
100.05222738285201	268.4909973144531	388629.84375
116.94064642039064	1385.02001953125	387597.875
207.0541680512896	1426.9599609375	384905.75
197.8741538152632	634.3709716796875	382813.65625
204.84172481825087	693.6170043945312	377439.21875
136.97994034031373	1360.31005859375	375301.90625
229.13161024718178	321.677001953125	374616.46875
229.2123169790943	1364.3299560546875	371828.78125
127.9123343457976	1361.72998046875	370920.875
209.9419743299349	606.6959838867188	368805.375
109.02892042549874	297.4679870605469	367013.53125
133.87515523420694	443.8169860839844	366504.15625
234.93161052392122	692.3250122070312	365018.34375
284.2715679697305	9.470569610595703	363145.53125
204.84170036824904	678.4920043945312	363106.59375
201.9726612231653	1366.800048828125	362343.25
91.97830773214855	653.2769775390625	362121.71875
197.87417653821043	693.6170043945312	359623.5625
311.90953392524494	702.4140014648438	358054.875
372.8756592678868	1359.0799560546875	357771.6875
273.89055845656736	1388.9300537109375	356359.125
121.97958383550021	1340.800048828125	354160.8125
208.8373847761715	1340.800048828125	352658.03125
338.2130062562735	1355.1099853515625	352322.84375
132.05348375559402	584.0780029296875	350193.0
146.1306977798301	278.5820007324219	348527.375
138.04293268618113	1345.93994140625	347976.46875
393.70554155809214	1344.699951171875	344086.65625
215.84013208972985	664.6129760742188	344048.3125
196.94681374591678	1364.3299560546875	342899.15625
274.8904123968472	831.364990234375	341431.5625
130.02666479226264	543.72900390625	339399.375
368.36554743088567	207.3249969482422	338959.3125
324.3029628172806	209.86199951171875	338681.71875
208.08244124976804	392.2749938964844	334996.8125
331.9293827238915	1366.800048828125	334469.125
76.0154792501814	1363.0899658203125	332129.90625
431.8425659900499	1356.530029296875	330299.75
219.83550004680427	1344.699951171875	328015.8125
91.9783026930602	629.3319702148438	327918.28125
255.22804762103044	1365.56005859375	326284.625
126.90749395826876	79.456298828125	325949.3125
142.9929419565531	1355.1099853515625	325816.21875
134.07323064364897	1352.530029296875	324832.125
195.9596452836908	1344.699951171875	324487.90625
222.80788321347563	606.6959838867188	324205.78125
136.05248269714886	243.35800170898438	323386.3125
252.95461367904383	1363.0899658203125	321298.25
174.96477372273858	1272.489990234375	318387.0
137.97727514674955	1356.530029296875	317671.75
257.93416160328167	1322.5699462890625	317558.84375
166.0266130935453	597.8779907226562	316148.0
516.2951368903543	279.83099365234375	315822.4375
126.90750555667556	134.00100708007812	315620.90625
81.92364046962697	1353.8800048828125	314455.5
255.92645410497565	1343.4599609375	313173.53125
197.8741768799382	1413.1199951171875	313105.03125
226.80326686167126	1333.1300048828125	312759.0
187.08452118323862	433.7919921875	312698.875
147.9732826579253	509.5920104980469	311827.5625
213.84214750499416	675.948974609375	311572.46875
91.97830350895708	609.1920166015625	311314.1875
139.9777720792493	1356.530029296875	310842.90625
197.87416998447674	760.5369873046875	310825.0
279.93741611142576	1366.800048828125	307483.375
365.278097767517	36.30580139160156	306281.53125
298.28721934432974	213.63299560546875	304120.59375
157.0043650419301	1366.800048828125	303434.90625
130.02667589058808	308.9049987792969	302981.15625
115.94135107148067	830.1110229492188	301990.03125
126.90751496988253	106.14900207519531	301927.03125
126.90750180618764	35.0077018737793	301804.15625
188.01438421367615	242.07400512695312	299515.53125
219.97074712809504	702.4140014648438	299307.125
193.9187435901406	1353.8800048828125	298868.1875
386.18586785357553	239.3979949951172	296266.40625
125.9904779654323	1320.0699462890625	295826.3125
252.95469180963553	1377.1800537109375	295506.65625
183.9959498427292	1360.31005859375	295316.40625
175.96202511487755	1037.239990234375	294618.125
158.1306801565811	1349.8800048828125	291848.53125
208.87270504936305	1409.2900390625	291788.40625
123.98286323511309	1355.1099853515625	291023.71875
92.02903686333977	340.5589904785156	288920.78125
252.1032835753651	214.87600708007812	288139.21875
222.0385520085003	358.25	286905.09375
267.0967804525501	475.5199890136719	285462.0
138.03168591990638	1353.8800048828125	285351.25
150.00819409038274	335.5169982910156	285349.25
309.1062973264794	570.2449951171875	284676.375
315.89346455853814	1349.8800048828125	284576.875
183.9959227606851	1428.2099609375	282330.3125
201.0275150257894	218.6540069580078	282259.71875
234.9315919394385	662.072021484375	281547.375
352.2282789708161	1363.0899658203125	280304.75
99.03177955162869	1364.3299560546875	280132.8125
288.8050742829782	1340.800048828125	278850.15625
286.80687176995895	62.839599609375	278314.875
699.30265227875	223.86599731445312	278228.0625
286.8068428537497	27.444599151611328	277776.25
280.24024649855335	1386.260009765625	277745.3125
353.8654109839627	1356.530029296875	277391.625
234.93161174599155	722.60498046875	277200.8125
283.25919043805	1353.8800048828125	276413.71875
225.88515854904463	1339.56005859375	276170.25
135.87237213252567	1344.699951171875	276153.75
204.06352997622346	584.0780029296875	274810.1875
367.8934483559511	1355.1099853515625	274777.28125
205.8796340187124	1351.300048828125	274660.5
131.10271897508466	264.7409973144531	274033.71875
398.2337312069523	1363.0899658203125	273745.96875
126.90750913904198	67.94429779052734	271994.6875
441.86794304588875	213.63299560546875	271840.6875
441.8678635996469	26.191699981689453	270498.25
441.8678580172897	165.61700439453125	270019.125
129.9878583818938	1330.4599609375	268656.0625
135.99287633558043	1343.4599609375	268251.75
116.01095397367251	650.7379760742188	266992.4375
441.8678709849812	194.70799255371094	266791.9375
254.22482827112313	216.12100219726562	266233.59375
441.86787061357313	176.98699951171875	265311.21875
100.0158503733408	372.1319885253906	265284.125
293.8090973857257	1394.1199951171875	265000.53125
173.1497908914497	234.41099548339844	263621.625
119.05827763616439	1016.3400268554688	263614.03125
340.334172611939	211.14599609375	262345.8125
98.07293980042668	577.801025390625	261928.484375
441.8678831848536	94.77420043945312	261527.71875
133.87516064871173	213.63299560546875	261017.8125
195.947247215945	1424.449951171875	260398.203125
126.90751768828643	59.07809829711914	260394.59375
151.97797160003336	1348.6400146484375	260208.734375
150.07348502669774	442.5710144042969	259926.828125
116.94692917644576	1418.1199951171875	259737.578125
182.07916903209536	615.469970703125	259698.734375
243.22809937100195	1353.8800048828125	258979.65625
176.9616815091622	1351.300048828125	258442.578125
175.96202120748106	1192.72998046875	257653.109375
207.8779001754481	1366.800048828125	257274.3125
213.1447018979498	240.64300537109375	256583.5625
175.96201327009706	1250.8900146484375	256427.765625
208.83741364437049	590.31298828125	254888.84375
286.80687373989036	69.19770050048828	254077.90625
234.93158662774258	756.7750244140625	253675.078125
139.02696719636305	292.4519958496094	252895.015625
244.24023126930584	242.07400512695312	252833.4375
226.19348103729484	1357.8399658203125	252827.34375
207.17042298356165	235.6580047607422	252678.3125
118.93884523705525	1361.72998046875	252586.171875
441.8678536063691	141.61399841308594	251372.546875
146.06917206583864	534.7540283203125	250626.765625
286.8067434852835	303.75201416015625	250572.265625
118.93882198449678	1379.8399658203125	249663.984375
103.07128547191289	338.0589904785156	249575.390625
157.9503919179665	1219.5799560546875	249468.703125
175.01171657568764	242.07400512695312	248465.6875
441.86791184216855	69.19770050048828	246679.046875
234.93158851887497	769.4039916992188	246339.359375
118.06302936976563	374.625	244415.671875
255.8893845342307	1349.8800048828125	244263.046875
134.07319094113524	1408.0400390625	244036.828125
112.02730101999522	466.739990234375	243759.34375
226.80331249652198	605.405029296875	243402.28125
392.91543646221066	1349.8800048828125	243292.828125
157.95039812143767	1150.010009765625	243158.8125
157.9503955696944	1186.3299560546875	242981.140625
119.02997827998084	621.7570190429688	242431.140625
215.8401452514937	736.551025390625	242095.015625
127.91233168222404	1349.8800048828125	241263.53125
109.0138878593577	1344.699951171875	241231.078125
219.9707405429378	878.2589721679688	240574.96875
157.95041364057812	814.93798828125	240034.359375
157.95047289955275	1329.219970703125	239685.8125
286.80684274205555	140.3159942626953	238672.09375
170.8569107744271	1333.1300048828125	238384.71875
286.8068571068731	170.677001953125	237248.109375
119.97351826009397	1275.18994140625	236872.4375
157.95048603977088	677.2429809570312	236704.390625
74.03617920225615	623.0440063476562	236466.484375
105.04248394804839	660.8189697265625	235797.296875
219.9707454024113	768.1500244140625	233908.4375
441.86790483543683	51.46950149536133	233874.875
240.20900315246453	1368.1600341796875	233553.9375
383.21391171783813	1387.5	233337.765625
441.86789019267354	262.20098876953125	233226.546875
284.80862877886693	15.743599891662598	232798.6875
128.04737230449518	401.1000061035156	231213.765625
333.9039146465897	1364.3299560546875	230627.46875
130.04602407660283	488.1789855957031	229608.734375
103.0631825597873	399.8059997558594	229199.40625
219.97073879942172	932.8619995117188	228959.421875
216.0635512767975	1365.56005859375	227935.140625
157.95041411407723	852.9130249023438	227797.921875
184.1463684637628	226.55099487304688	227444.71875
308.76868444397985	1340.800048828125	226678.828125
118.94512248513719	1406.800048828125	225657.578125
234.93159681909185	644.447021484375	225541.796875
267.1587837452792	204.822998046875	225053.234375
286.8068655074027	104.89299774169922	224697.0
160.14636246534275	267.24200439453125	224252.453125
144.07865869321876	349.406005859375	223812.78125
286.8068651963484	199.76600646972656	221319.90625
174.01646112117635	699.9119873046875	221267.15625
413.97368762343723	1349.8800048828125	221078.390625
142.93104392330886	225.11500549316406	221002.0625
219.97073342617912	1343.4599609375	219109.296875
418.1630349482311	253.4219970703125	219045.4375
157.95044886575212	650.7379760742188	218807.890625
270.2559791222598	1410.5400390625	218584.9375
91.97830943686493	574.0289916992188	218265.609375
395.70316461364496	1344.699951171875	218263.53125
157.95041299544542	929.041015625	216262.21875
310.18158379213736	1405.550048828125	215950.5625
135.0249434272889	650.7379760742188	215559.875
166.04819740827702	258.4110107421875	215537.59375
215.84022912351304	1394.1199951171875	215487.265625
122.0037726934311	219.8990020751953	215015.296875
136.03722842634755	553.9290161132812	214860.703125
79.92564503434608	1348.6400146484375	214824.125
410.41258051723116	207.3249969482422	214188.453125
201.95238218851895	1388.9300537109375	213268.578125
157.9504037573229	1073.8800048828125	213108.40625
214.06314280273892	302.4700012207031	212977.9375
157.95040676977297	1041.3900146484375	212872.0
157.95041440417745	956.2169799804688	212835.015625
244.06956735621912	552.5029907226562	212342.046875
79.97365295386376	1387.5	212150.8125
382.2388855561468	1365.56005859375	212039.484375
313.7385159118288	1345.93994140625	211762.875
157.07400306224574	460.4469909667969	211559.8125
119.01637053124382	1364.3299560546875	210596.9375
240.13640653288934	216.12100219726562	210561.203125
196.09296661680324	304.9930114746094	208992.53125
157.1183772641504	240.64300537109375	207599.828125
283.2593244313747	211.14599609375	207000.375
393.85874928858743	1356.530029296875	206480.65625
160.10997812625322	302.4700012207031	205952.25
226.19347082325083	218.6540069580078	205408.328125
133.8751704276399	298.7090148925781	205239.984375
158.04403567109364	640.6580200195312	205161.265625
177.94328418305415	1365.56005859375	204860.828125
186.05285574641368	217.36500549316406	204590.765625
208.8727453104488	213.63299560546875	204204.046875
165.00970831030304	445.06298828125	204008.359375
234.93159974071756	789.6480102539062	203566.53125
215.84017417696518	1408.0400390625	203191.546875
172.1100431945981	276.08099365234375	202948.921875
283.2592469983457	1374.699951171875	202062.953125
255.22815814602265	1382.3599853515625	201543.1875
263.9298433245778	375.8739929199219	201397.34375
286.80684198932954	154.24000549316406	201124.75
228.20909179336593	1434.56005859375	200864.59375
179.05834330723835	354.4540100097656	199826.703125
167.03465521009355	377.1210021972656	199534.546875
200.06855834451673	350.6579895019531	198422.1875
351.86779862720346	806.1179809570312	198315.03125
220.11401476100173	438.82598876953125	198157.21875
142.06306910904257	404.84600830078125	197491.515625
213.8421972523698	1394.1199951171875	197226.875
219.97072266344568	846.5910034179688	197052.703125
215.19673906919627	221.18499755859375	196893.984375
135.98044822524253	674.698974609375	196786.40625
220.18279570496009	242.07400512695312	196645.171875
300.2666888624417	219.8990020751953	196353.375
133.87516186527347	360.75201416015625	195439.296875
268.2404237680108	216.12100219726562	195414.046875
186.0892536649027	267.24200439453125	195178.890625
192.0271595984258	1363.0899658203125	194891.75
219.97075485906961	640.6580200195312	194800.421875
310.28744218884475	211.14599609375	194011.265625
75.03143481207701	336.7659912109375	192926.078125
119.93416200625309	832.6199951171875	192854.484375
343.1420660736231	1348.6400146484375	192310.65625
141.9934327755445	706.25	192095.890625
156.07872630884708	263.4930114746094	191950.09375
303.24920951063564	214.87600708007812	191795.546875
168.85887484221203	1339.56005859375	190981.515625
208.8727198721278	31.24839973449707	190259.390625
271.22296282289517	216.12100219726562	190151.171875
146.057942242556	317.87799072265625	189976.859375
102.9879754654279	1333.1300048828125	189529.71875
133.8751516978664	394.7699890136719	187763.65625
274.8903984432161	1351.300048828125	187463.28125
110.03675671474427	296.2239990234375	187241.34375
445.2057299713905	1348.6400146484375	187072.296875
234.93159714544703	857.97900390625	185488.9375
241.21246486676867	214.87600708007812	185393.625
208.8727214790321	238.15199279785156	184826.046875
133.8751623154376	320.3810119628906	184519.203125
326.1917760870686	206.0749969482422	184228.75
386.7033586712902	1340.800048828125	183514.640625
133.87515341280346	273.5790100097656	182872.90625
119.93416503338642	802.27001953125	182771.4375
169.0851908381136	565.2230224609375	181606.296875
122.00377449840971	145.375	181331.59375
354.3501107047256	209.86199951171875	180782.578125
182.08682123072188	592.8469848632812	180765.890625
208.87268940356444	1439.760009765625	180668.953125
135.0354403546888	547.5120239257812	180644.5625
172.11005581630792	264.7409973144531	179871.375
202.19347021118446	250.84300231933594	179637.15625
366.34984045572224	208.61599731445312	179539.0
271.2592129112616	214.87600708007812	179400.890625
213.84215717125798	1403.06005859375	178310.4375
312.17626324690355	206.0749969482422	177930.140625
133.87513801437217	740.3090209960938	177517.65625
179.88108632820496	1342.0400390625	177301.640625
111.03202094745052	214.87600708007812	177223.78125
122.00377029286304	125.13400268554688	176969.609375
368.88938254034235	1331.699951171875	175807.109375
128.08376867411226	273.5790100097656	175681.34375
219.97072435139754	1264.8399658203125	175615.65625
105.04247659424834	643.197021484375	175250.71875
133.87516246624094	180.7899932861328	174871.3125
295.8072006106804	1410.5400390625	172332.0625
218.06132495162277	247.09800720214844	172038.28125
118.93601015528775	1347.219970703125	171536.40625
178.04780159540897	539.7999877929688	170885.609375
224.14142572318258	218.6540069580078	170481.953125
216.04017908387044	606.6959838867188	170249.5625
134.01349663327696	289.91400146484375	169537.75
220.56993325024274	653.2769775390625	169345.484375
122.00377754079014	199.76600646972656	169189.5625
331.06840763731446	539.7999877929688	168612.859375
223.92227437745169	1316.280029296875	168517.328125
384.705227839976	1339.56005859375	168286.734375
73.99979709546932	446.43499755859375	166718.125
135.98045725275102	715.051025390625	166265.40625
102.98800579692085	509.5920104980469	166173.71875
156.01718649361297	494.4259948730469	165755.34375
244.1139995758467	372.1319885253906	165587.96875
342.11627587850916	639.4089965820312	165369.21875
294.1866384089045	204.822998046875	165269.125
250.157002614439	208.61599731445312	165207.78125
111.04325988792404	555.176025390625	164926.5
219.9707424074469	1028.199951171875	164271.78125
386.73796578388306	1349.8800048828125	164236.953125
197.94401323474472	1356.530029296875	163914.6875
139.9777636449229	1373.4599609375	163865.921875
187.16536011935582	227.8000030517578	163622.40625
258.2468825555282	1382.3599853515625	163455.125
99.97392590247141	605.405029296875	163244.453125
179.822625651312	1339.56005859375	162842.703125
243.11082021573677	423.7049865722656	162780.984375
174.10044547526755	635.6190185546875	162682.546875
219.9707399201189	1190.1600341796875	162470.390625
246.9686382737738	442.5710144042969	162416.3125
115.06331537289897	582.8309936523438	162217.8125
253.11618736772306	548.760009765625	162188.71875
210.10224426726015	231.73199462890625	161362.828125
244.07123240880517	464.1960144042969	160750.171875
160.0929378011288	374.625	159235.1875
136.05251297369574	350.6579895019531	159026.984375
329.16293222577536	1406.800048828125	158718.65625
327.3220400730503	209.86199951171875	157280.0
100.01586513196284	319.1300048828125	156610.265625
161.068850775848	611.68798828125	156442.40625
228.13631235014222	238.15199279785156	155830.984375
122.00376830675799	53.97779846191406	155474.8125
136.0579146524795	443.8169860839844	155228.0625
253.89125671825687	1349.8800048828125	154854.90625
293.80910164230363	1409.2900390625	154314.15625
329.16295976144426	1394.1199951171875	154312.734375
167.058566793872	427.45599365234375	153446.671875
170.0215879671725	1348.6400146484375	153445.09375
168.0271377486378	375.8739929199219	153353.875
187.1038723817566	392.2749938964844	153306.03125
117.07900529137095	375.8739929199219	152108.125
181.8792706167751	1338.3199462890625	151005.71875
122.00378298256888	101.13099670410156	150853.46875
101.01112582803775	447.72100830078125	150349.109375
207.0895753459211	294.98199462890625	149559.5625
114.06811266522585	264.7409973144531	148883.75
166.04784421630035	586.5709838867188	148731.1875
128.01097089874943	407.34600830078125	148462.3125
135.96852211034326	1254.6700439453125	147316.65625
130.02665987989366	699.9119873046875	147196.15625
275.88788421771307	812.3889770507812	146763.953125
155.09470279022713	211.14599609375	146455.671875
195.95966383947138	1378.5999755859375	145834.578125
348.8932668564013	1318.8199462890625	145705.921875
170.13073709654788	233.16200256347656	145540.28125
133.8751628354259	165.61700439453125	145498.578125
235.92899693209245	1403.06005859375	144721.671875
259.7895251888953	1348.6400146484375	144717.609375
137.87039040023276	1336.9000244140625	144597.375
167.0584810128493	259.65899658203125	144483.703125
112.05244579456256	217.36500549316406	143758.640625
209.10527738224405	418.7149963378906	143667.53125
72.02050040827828	553.9290161132812	141969.28125
170.856905319246	628.0830078125	141673.828125
215.05599522141085	336.7659912109375	140359.265625
382.381279075094	208.61599731445312	140244.671875
307.0572342421034	597.8779907226562	140167.609375
112.05242494527668	294.98199462890625	140040.90625
240.06346676173987	533.5050048828125	140003.0
123.0320829241133	408.6340026855469	139892.75
329.1629903087045	1423.199951171875	139650.5
257.2437242403648	304.9930114746094	138676.671875
145.05277464036456	401.1000061035156	136743.25
173.99982464798433	1348.6400146484375	136504.96875
98.03654062801719	313.94000244140625	135713.453125
122.00377200305061	70.45069885253906	135560.984375
202.04789024732966	571.4940185546875	135488.78125
216.84435591934985	1339.56005859375	135040.359375
314.818010819463	1340.800048828125	134787.21875
311.90961468509516	1424.449951171875	134734.375
265.92748997803204	374.625	134506.484375
99.98871960706666	1356.530029296875	134343.265625
137.9438162219139	1355.1099853515625	134228.6875
135.96852403107593	896.0020141601562	134210.15625
84.04313466862403	513.343017578125	134109.34375
91.97830918302687	480.6000061035156	133957.4375
100.01583128416091	623.0440063476562	133850.421875
315.7363727024429	1344.699951171875	133740.015625
130.02664253171324	634.3709716796875	133532.5
111.03203969050901	235.6580047607422	133415.96875
125.99866388774056	518.427978515625	132834.59375
201.96471205447088	1329.219970703125	132648.875
133.87515568723575	134.00100708007812	132535.09375
199.1654273900053	221.18499755859375	132455.078125
189.04273441003636	355.7049865722656	131769.125
112.05244190397131	350.6579895019531	131703.453125
78.97635582820439	1416.8699951171875	131244.046875
441.1397338481741	654.5260009765625	131230.765625
396.39670841465465	211.14599609375	130673.5
306.09525934054096	619.2579956054688	130300.5546875
130.02666524358588	442.5710144042969	129874.28125
122.00376404971063	170.677001953125	129669.7265625
347.0632182612689	541.0490112304688	129142.765625
219.97074009301792	1423.199951171875	129125.03125
197.06173226935988	582.8309936523438	128830.8125
179.82258903499022	626.833984375	128451.609375
133.87516556233746	123.87799835205078	128211.390625
166.04819854611836	230.2969970703125	128053.390625
356.17543079659725	236.9040069580078	127515.8359375
173.06894851050185	421.2120056152344	127383.46875
180.06350884515578	565.2230224609375	127006.4375
211.93900521274998	606.6959838867188	126977.984375
170.0944011714918	272.2869873046875	126184.703125
326.19177970198547	1434.56005859375	126131.046875
150.06805619223155	283.66400146484375	125665.8671875
111.03203097556995	168.1699981689453	125259.640625
254.96414701317133	374.625	125144.390625
448.1416145236526	217.36500549316406	124669.546875
214.84549790062158	1340.800048828125	124376.578125
613.8043704020424	1324.0	124039.7578125
266.1155158046811	240.64300537109375	123289.03125
136.05791790949837	392.2749938964844	123254.53125
135.9685285891174	1016.3400268554688	122940.578125
168.9680766931004	1340.800048828125	122801.5390625
193.11041945208882	287.4119873046875	122609.921875
405.74830583050993	1340.800048828125	121862.78125
449.8533022184782	1360.31005859375	121461.640625
243.18366827839995	255.91400146484375	121314.0625
161.06886463973444	579.0499877929688	121229.953125
299.7682728290386	1343.4599609375	121185.3125
270.12160265163976	351.9530029296875	120996.8125
183.05326599593533	265.9909973144531	119519.6015625
214.15703603357954	236.9040069580078	119506.59375
122.07317173236326	269.74200439453125	119093.3203125
386.17312915478647	242.07400512695312	118950.1640625
151.97799505318153	1338.3199462890625	118438.3984375
142.09945267667334	245.85000610351562	118293.7890625
114.06810879346058	293.739013671875	118123.734375
248.9663330153204	442.5710144042969	117775.21875
157.95919444648104	1364.3299560546875	117504.015625
227.11595685394852	402.3489990234375	117482.1484375
112.05244960696402	173.22799682617188	116876.171875
138.0317042487023	279.83099365234375	116470.2421875
169.07390207091302	435.0419921875	115897.5078125
438.09412698694945	433.7919921875	115326.1015625
108.05746227181648	282.37298583984375	115198.8984375
168.85883629706893	626.833984375	115126.59375
258.21976161690947	218.6540069580078	114468.3515625
228.80091349989868	1339.56005859375	114059.84375
155.09470602294311	163.11000061035156	114022.609375
111.03203482534853	79.456298828125	113366.84375
148.07362036571078	380.906005859375	113297.53125
313.92178178582157	98.57929992675781	112524.9296875
135.96852930010897	774.4669799804688	112138.78125
157.96231484212896	1424.449951171875	111680.8125
452.45964363890147	204.822998046875	111143.0703125
298.0545351005009	229.04800415039062	111133.9453125
311.74082637554704	1340.800048828125	111129.6953125
313.921720970976	164.36300659179688	111093.8046875
189.08303361875178	494.4259948730469	110788.578125
105.04248587217609	1047.8800048828125	109955.9296875
155.09469316717036	17.18429946899414	109721.828125
408.3968666466433	206.0749969482422	109403.0546875
299.8034793138353	1348.6400146484375	109107.0234375
172.03729072917062	591.5609741210938	108438.8984375
192.0634922582439	558.9420166015625	107960.8203125
198.1257525119209	239.3979949951172	107177.25
397.70106996828787	1345.93994140625	107155.2265625
219.95723847338854	1320.0699462890625	106833.0390625
166.02662896125116	542.2979736328125	106485.453125
133.8751341177555	763.0889892578125	106378.3046875
89.05540800172858	389.73699951171875	105644.859375
90.94797060119063	1335.6099853515625	105622.625
121.07390081408265	684.781982421875	105452.515625
138.05662918588118	304.9930114746094	105291.296875
155.09470804592712	83.40399932861328	105209.671875
220.18282855980374	38.85559844970703	105191.09375
155.0946954869645	109.9540023803711	104582.1640625
417.8493036074512	601.6240234375	103936.8203125
313.9218279072017	11.97920036315918	103804.1875
308.0410877990367	572.781005859375	103736.1328125
226.15707712453292	236.9040069580078	103643.5390625
252.1053092733279	445.06298828125	103617.9453125
286.28717238665394	236.9040069580078	103482.890625
133.87513674150316	75.65280151367188	103355.390625
111.03204375917142	199.76600646972656	103316.2734375
295.1421731788904	207.3249969482422	103232.0703125
313.01878852309346	1424.449951171875	102912.6953125
181.07396375987065	590.31298828125	102418.5625
166.04821653029154	218.6540069580078	102311.3125
105.04250730329822	699.9119873046875	102126.53125
295.8071854556704	1439.760009765625	102115.2890625
255.15529020884227	231.73199462890625	101853.1796875
251.10062232862822	579.0499877929688	101805.765625
287.91922989465496	605.405029296875	101563.453125
159.0168083709262	701.1630249023438	101333.609375
79.981042054512	1356.530029296875	100542.953125
310.1816995840382	1418.1199951171875	100333.09375
261.78762813731424	1339.56005859375	100023.5
375.73927396359704	1345.93994140625	99855.3828125
313.9217561312774	31.24839973449707	99770.8515625
216.14742869810243	367.0530090332031	99576.25
290.0640885589409	552.5029907226562	99465.0
377.737537710943	1339.56005859375	99401.703125
164.0838293324234	264.7409973144531	99248.296875
220.18279322719926	75.65280151367188	99176.453125
259.1056334612703	353.2040100097656	98728.53125
220.18280391826872	188.39700317382812	98728.3046875
115.06332710039425	388.489990234375	98534.015625
133.87515211825686	33.75510025024414	98424.265625
313.306328553582	208.61599731445312	98296.875
313.9218195865323	197.2169952392578	98284.984375
210.1620716356614	230.2969970703125	98159.1015625
221.0688791855068	351.9530029296875	97735.8515625
113.05892319502487	500.7569885253906	97583.8828125
250.98875780244006	422.4580078125	97558.640625
238.08774498379162	238.15199279785156	97534.796875
295.1867898872936	221.18499755859375	97397.4765625
220.1827469458642	22.38680076599121	97366.4609375
131.0663379560365	378.4070129394531	96782.484375
115.90899422592884	1327.969970703125	96697.625
119.94929124393511	707.5009765625	96631.1640625
163.9878117698094	1333.1300048828125	96587.6328125
220.1828025530803	130.19500732421875	96585.3828125
112.05243108133885	85.91100311279297	96289.796875
410.1154754155695	254.66799926757812	96262.1875
112.052436612694	98.57929992675781	95965.5234375
212.17778383568938	219.8990020751953	95671.5078125
369.3689704382976	209.86199951171875	95649.5703125
136.05793609393416	473.02398681640625	95545.640625
200.14141037466422	248.3459930419922	95148.1328125
188.17771435044423	254.66799926757812	95119.3828125
275.10068119396857	532.2540283203125	95046.390625
220.18278747646815	120.072998046875	94997.5703125
180.06346348763185	609.1920166015625	94550.484375
111.03204288665616	27.444599151611328	94533.9921875
236.17772998903513	236.9040069580078	94477.234375
277.0562114123876	338.0589904785156	94247.875
200.0508574283988	234.41099548339844	94244.9375
194.05795315198424	283.66400146484375	94242.4140625
494.5064752676008	204.822998046875	94043.015625
260.08092985073785	491.92498779296875	93792.1640625
270.1465353612961	221.18499755859375	93586.6875
169.96890494498953	1338.3199462890625	93563.234375
220.18277575148198	51.46950149536133	93358.4453125
220.1828342219247	84.65760040283203	92387.734375
208.0394973817501	276.08099365234375	92102.1953125
112.05244194081011	140.3159942626953	91949.078125
240.07465803547345	208.61599731445312	91549.3984375
146.12183636511548	253.4219970703125	91490.7109375
507.83932162317336	1330.4599609375	91191.96875
230.0644520705154	389.73699951171875	90847.3203125
387.18940513066565	238.15199279785156	90405.7265625
141.07903543820197	390.9840087890625	90355.1171875
442.26008498983754	1366.800048828125	90242.140625
202.12069523740033	258.4110107421875	90235.7578125
112.05243980008156	122.6240005493164	90061.296875
172.01381235468995	607.9439697265625	90059.609375
287.2461848504769	244.60299682617188	89686.59375
105.04249189438072	751.676025390625	89309.71875
133.8751447759527	51.46950149536133	89087.1640625
143.05823851524377	453.968994140625	88999.4921875
152.04737040610118	481.8489990234375	88946.53125
319.8654558014939	850.3560180664062	88344.0078125
138.0591720406476	303.75201416015625	88278.4609375
328.33442499705495	229.04800415039062	88043.7890625
105.04249924631145	784.5900268554688	87861.0546875
105.04248380745022	984.2860107421875	87721.3828125
117.07902233584875	461.697998046875	87645.0859375
180.07882028915967	255.91400146484375	87611.5078125
192.06351880273834	1369.4000244140625	87505.8828125
239.1023085950687	490.677001953125	87430.125
112.05243868738795	24.89579963684082	86358.2421875
189.06375933733082	587.8170166015625	86307.6171875
177.8246768673654	628.0830078125	86037.34375
325.3063673222253	209.86199951171875	85860.6171875
112.05243748403629	40.10770034790039	85801.25
161.97218072089362	1340.800048828125	85779.0859375
269.93161000308675	1326.5400390625	85773.5703125
89.99494412280283	704.9559936523438	85681.9140625
136.0387656424049	515.844970703125	85600.1328125
270.1579593654557	346.8609924316406	85396.5
220.18280010227414	208.61599731445312	84851.3125
150.067201293968	441.32501220703125	84732.0859375
164.03214612159223	649.4869995117188	84476.0078125
187.05623723057528	576.552978515625	84304.28125
157.04575546488897	350.6579895019531	84160.4296875
177.1082458645828	279.83099365234375	83464.7890625
110.0592272610633	413.6789855957031	83384.2109375
126.03168859744112	351.9530029296875	83271.03125
228.80089262351532	606.6959838867188	82490.7890625
161.09371276003102	390.9840087890625	82464.7578125
178.09947502655433	238.15199279785156	82358.359375
181.94217854536848	514.593017578125	82348.421875
106.0265104514905	542.2979736328125	82248.2890625
191.04450265271953	461.697998046875	82158.84375
152.06856623693255	590.31298828125	81492.4375
78.97634167055882	629.3319702148438	81076.71875
151.0245349466928	488.1789855957031	80898.703125
271.8960458712901	806.1179809570312	80079.6796875
236.14126795987576	227.8000030517578	80075.8125
257.79157540020805	1340.800048828125	79931.1640625
261.1213040757168	442.5710144042969	79158.7265625
201.95236735957087	1429.4599609375	79156.0078125
131.09462013663426	538.552001953125	78811.2421875
299.18475004803213	438.82598876953125	78757.6640625
242.18838518699064	225.11500549316406	78694.875
150.10448845801562	257.1629943847656	78476.9765625
127.04627628703615	421.2120056152344	77991.0625
190.11073900479545	635.6190185546875	77731.2421875
450.44366398944726	203.57000732421875	77694.265625
252.9864922279704	417.4289855957031	77693.515625
103.03489048621147	421.2120056152344	77129.15625
131.05824089539288	576.552978515625	76889.640625
117.96983650131965	1403.06005859375	76557.4296875
141.00620941844912	1353.8800048828125	76525.828125
173.05928597667514	276.08099365234375	76407.8984375
438.4435649397848	208.61599731445312	76303.3671875
230.2246804234236	243.35800170898438	76268.015625
256.96229494450284	375.8739929199219	76186.1953125
537.2734402662032	279.83099365234375	76096.0234375
363.0583365667544	629.3319702148438	76067.3984375
187.08455347542926	403.5979919433594	76004.3515625
825.7332062885843	1317.530029296875	75618.390625
235.95216711506174	1339.56005859375	75177.34375
293.8091310161409	1439.760009765625	75053.15625
299.29075033498077	209.86199951171875	74891.5078125
207.0469542704864	277.33099365234375	74630.65625
128.01095799642826	365.802001953125	74477.6015625
105.04249517937822	727.697021484375	73689.1484375
173.9987093601322	267.24200439453125	73511.1015625
332.0524886674091	587.8170166015625	73412.8671875
175.08451626370586	354.4540100097656	73098.1484375
202.15703880153458	239.3979949951172	72959.8125
154.0873447927834	422.4580078125	72526.84375
456.1047945961681	505.75799560546875	72461.5625
388.70108462216575	1340.800048828125	72363.984375
234.9315783504813	1238.06005859375	72287.2734375
147.97326888825359	1246.9300537109375	72014.125
343.09520774414847	392.2749938964844	71971.40625
132.07869739771616	299.95098876953125	71707.40625
313.1025046459565	473.02398681640625	71551.390625
200.10498595581018	284.9129943847656	71530.2421875
308.15869262687744	493.17498779296875	71492.1015625
234.93160381136406	1186.3299560546875	71422.15625
115.02692093029206	356.9580078125	71210.4375
188.10492968851483	262.20098876953125	71181.3125
158.99642836038888	1424.449951171875	71130.015625
402.16789861173555	249.5959930419922	70638.6171875
100.08860945252647	244.60299682617188	70485.578125
719.7675417554773	1330.4599609375	69926.484375
197.06180043820638	596.6309814453125	69903.359375
234.85088879503266	1339.56005859375	69808.734375
239.89920493949984	846.5910034179688	69722.0390625
403.8907314630488	1320.0699462890625	69696.53125
251.15226966976212	234.41099548339844	69625.84375
198.12573180215202	252.13299560546875	69618.75
411.41584533228945	207.3249969482422	69565.7890625
192.0271529133571	708.7520141601562	69376.6953125
232.09475689803847	270.9930114746094	69156.5
232.0947310937151	483.1000061035156	69046.03125
152.047403686689	359.5010070800781	69045.0546875
513.4032329577722	226.55099487304688	68979.8046875
180.06348302248594	643.197021484375	68650.59375
87.0397339995487	396.01800537109375	68579.7109375
366.281258232019	41.359798431396484	68507.109375
92.94617497530425	1330.4599609375	68225.2421875
289.06528727527376	1405.550048828125	67677.171875
150.03172238729596	304.9930114746094	67640.6640625
119.94002455407329	818.7410278320312	67607.2578125
136.0105925754484	292.4519958496094	67577.7421875
229.16777183412486	263.4930114746094	67139.828125
96.99268630254744	306.2349853515625	67106.5
144.92291017204656	1329.219970703125	66283.59375
345.12140409634185	350.6579895019531	66144.6484375
212.1162830565492	423.7049865722656	66074.5703125
208.03722875952678	340.5589904785156	65797.1796875
354.2077822892431	1419.3599853515625	65670.8203125
259.10561208902703	388.489990234375	65488.83203125
268.1511279241542	206.0749969482422	64697.48046875
378.9901116710233	1411.8299560546875	64679.046875
113.03059539033309	552.5029907226562	64670.265625
162.08934129704537	315.1919860839844	64457.125
258.07410228798403	547.5120239257812	64453.87109375
118.0630139771068	466.739990234375	64304.6328125
124.97817379333522	1334.3699951171875	64139.359375
238.00300622078726	441.32501220703125	64031.7265625
188.87380638389175	1330.4599609375	63774.33984375
260.10896432092665	435.0419921875	63765.43359375
181.82027905673505	628.0830078125	63461.94140625
513.8396548977888	1438.5	63320.68359375
188.10498665002635	500.7569885253906	63256.62890625
152.03343798396543	541.0490112304688	63178.75
430.9393844486177	389.73699951171875	62945.515625
105.04248744246897	936.6799926757812	62881.7734375
120.03081368980068	623.0440063476562	62748.77734375
393.9847477874348	375.8739929199219	62671.5859375
229.87835335917723	1339.56005859375	62188.7109375
222.0676237267558	669.655029296875	62181.328125
195.0532107412928	364.5509948730469	62170.36328125
207.08957693909502	384.70098876953125	62120.7265625
245.06644430437876	610.4400024414062	62061.859375
242.1156230190915	267.24200439453125	61928.15234375
146.09433377513017	279.83099365234375	61839.3203125
221.09019176770468	481.8489990234375	61810.36328125
105.04248597754787	1161.8199462890625	61590.71875
394.3810987149724	207.3249969482422	61587.61328125
134.999073429308	387.2019958496094	61435.91796875
284.19879244425806	223.86599731445312	61370.98828125
105.04249692513103	1122.1600341796875	61316.984375
234.9315691034093	1331.699951171875	61302.59765625
143.0663733992899	576.552978515625	61250.12109375
146.11925054648756	253.4219970703125	61101.4140625
245.2435229859493	243.35800170898438	60815.28515625
231.13001968624454	355.7049865722656	60734.1640625
362.8845009188534	807.3720092773438	60701.7734375
160.11004546984134	353.2040100097656	60392.53515625
381.0718951603573	392.2749938964844	60358.25
182.02164728838383	691.072998046875	60351.69140625
298.09325414260474	390.9840087890625	60279.2109375
187.12103674785135	351.9530029296875	60187.203125
270.0569315410148	389.73699951171875	60062.9921875
139.86744439120386	606.6959838867188	59423.36328125
218.03708758662282	609.1920166015625	59377.93359375
566.0550227448471	645.6959838867188	59309.875
186.12569944465702	260.9100036621094	59302.953125
180.06348329963527	701.1630249023438	59218.359375
152.01435543541493	384.70098876953125	58604.85546875
343.8968432609161	373.37799072265625	58475.48046875
147.97326284633075	1191.4599609375	58119.39453125
317.7342114188547	1335.6099853515625	57764.94140625
80.94636039514684	358.25	57722.34765625
352.8677781480807	809.8809814453125	57712.45703125
345.8948310151376	374.625	57262.1796875
228.06353164541065	551.2540283203125	57000.2734375
419.1661251064162	258.4110107421875	56993.4921875
453.4626054066756	208.61599731445312	56740.90625
226.12072321418054	253.4219970703125	56601.1484375
84.02066892038475	471.7749938964844	56426.1171875
251.0794221158589	310.1510009765625	56409.125
79.9256443881353	630.5809936523438	56278.61328125
297.1074524457128	443.8169860839844	55859.66796875
117.01431733928949	555.176025390625	55845.31640625
228.17268266933254	230.2969970703125	55699.86328125
194.06148839307346	231.73199462890625	55378.0859375
180.0188248599321	335.5169982910156	55359.48046875
259.9495393680021	1320.0699462890625	55331.15234375
168.07865770670384	255.91400146484375	55154.72265625
136.05220476702445	390.9840087890625	55077.921875
100.02703600273657	1410.5400390625	54894.62109375
275.11914110847175	248.3459930419922	54878.6015625
536.5537103024117	203.57000732421875	54878.11328125
188.8467871655907	1334.3699951171875	54444.8671875
466.47478259923605	206.0749969482422	54414.34765625
75.03957292368162	440.0719909667969	54335.890625
104.08357465425719	346.8609924316406	54319.42578125
301.9120245840257	708.7520141601562	54235.078125
384.1218420277397	582.8309936523438	54151.578125
196.14643958584185	230.2969970703125	54124.39453125
125.97906647095753	1334.3699951171875	53907.703125
153.009590818731	488.1789855957031	53864.16796875
160.08668311270335	394.7699890136719	53689.46875
176.0878732287006	461.697998046875	53640.265625
174.12561267021417	258.4110107421875	53558.75390625
233.08998091546883	528.5050048828125	53535.34375
105.04248047784007	812.3889770507812	53494.7578125
578.6001973704114	206.0749969482422	53188.24609375
243.22000917547365	245.85000610351562	52760.875
138.06807857831123	316.4429931640625	52735.671875
613.8032590567099	754.2249755859375	52619.0078125
175.08447881744488	531.0050048828125	52445.203125
160.89409240609143	508.3429870605469	52402.546875
686.7823084459435	480.6000061035156	52343.2734375
230.13484132265506	321.677001953125	52230.234375
81.92362405039691	628.0830078125	52194.66796875
172.85511111771163	629.3319702148438	51566.796875
77.01883770907808	380.906005859375	51213.171875
125.01464514277241	641.9080200195312	51163.515625
314.08572745236717	221.18499755859375	51023.1171875
150.03169013601206	320.3810119628906	51008.546875
134.0943505509871	316.4429931640625	50793.4453125
123.05139285160242	406.09698486328125	50636.109375
492.4903585891635	203.57000732421875	50586.0546875
272.27159268495444	238.15199279785156	50479.17578125
469.8621495473915	1327.969970703125	50466.88671875
274.13182284472657	265.9909973144531	49799.44140625
272.00240086880444	236.9040069580078	49475.67578125
138.0680676300958	268.4909973144531	49346.6875
169.04568455426403	522.177978515625	49218.3515625
256.17884734057816	262.20098876953125	48979.64453125
75.0678253353402	1017.5900268554688	48943.66015625
134.05794876398548	377.1210021972656	48934.9765625
208.08492572271683	524.677978515625	48897.22265625
517.2978081191699	279.83099365234375	48769.6015625
134.952025355614	245.85000610351562	48548.39453125
194.05792561108248	257.1629943847656	48451.5078125
266.09020356734493	600.3740234375	48246.0234375
105.04248559045055	1223.5899658203125	48240.7265625
330.09287859664954	474.2720031738281	48160.4921875
169.0046104032036	646.989013671875	48097.62109375
163.98980286070756	229.04800415039062	47569.3203125
147.02493014281688	406.09698486328125	47470.3125
136.02581597004166	651.9879760742188	47401.37890625
354.8605051797369	375.8739929199219	47382.02734375
299.20980791791794	231.73199462890625	47353.67578125
197.03599490442093	292.4519958496094	47346.4296875
118.07427159973582	465.4469909667969	47301.5625
365.8802175938841	1305.969970703125	46969.40234375
181.0715882518835	393.5220031738281	46745.4921875
179.07948171877086	537.2670288085938	46687.390625
232.09476435161702	292.4519958496094	46569.06640625
215.0584232218192	248.3459930419922	46502.76171875
223.93437563405865	1414.3699951171875	46435.12109375
429.84489312975563	830.1110229492188	46432.078125
169.96888121340916	1324.0	46119.9140625
108.05747406298057	484.3479919433594	45960.24609375
156.078745169093	236.9040069580078	45899.1953125
209.08589336728386	390.9840087890625	45802.546875
319.07153710564035	392.2749938964844	45726.703125
197.10522948849524	354.4540100097656	45597.00390625
105.04247406522802	1271.22998046875	45543.8125
223.04203773853015	358.25	45488.37890625
480.49069841901434	206.0749969482422	45178.01953125
360.0853355164992	393.5220031738281	44345.7421875
143.92452051531723	629.3319702148438	44286.22265625
373.74138022219313	1343.4599609375	44248.1484375
164.04749897483336	340.5589904785156	44168.4453125
222.16211546341526	244.60299682617188	43919.13671875
172.9763911452804	514.593017578125	43912.8125
255.0484979966973	335.5169982910156	43910.68359375
410.942980354208	390.9840087890625	43877.29296875
269.1740107968806	408.6340026855469	43764.4609375
370.38125034761293	227.8000030517578	43256.46875
206.04276085802024	686.0750122070312	43113.57421875
167.02830253039636	374.625	42795.1875
250.7892947398585	628.0830078125	42689.6640625
243.07440034214181	233.16200256347656	42673.08203125
244.13108263701386	257.1629943847656	42598.66015625
174.0892149789402	531.0050048828125	42293.359375
633.7991680344717	1318.8199462890625	42250.015625
92.06226998050558	350.6579895019531	41910.43359375
164.04745810907974	240.64300537109375	41502.5078125
112.08300213698236	422.4580078125	41485.9140625
218.12678279763367	409.8840026855469	41478.21484375
102.04278115916435	243.35800170898438	41434.52734375
342.2772437566291	207.3249969482422	41149.265625
641.7864447446502	1437.25	41100.4375
290.09441953896214	253.4219970703125	41050.94921875
485.85703473353414	1325.25	40744.5546875
218.11546488944958	265.9909973144531	40326.625
140.08376130296344	268.4909973144531	40323.625
240.17263490772777	226.55099487304688	40166.34375
141.92657784433143	626.833984375	40161.4140625
181.03759976769433	413.6789855957031	39962.94140625
289.078465382659	474.2720031738281	39864.984375
186.9787134157474	1329.219970703125	39855.71875
231.0202020518193	356.9580078125	39751.76953125
264.1110609704961	356.9580078125	39600.92578125
352.8625150844269	375.8739929199219	39358.48828125
191.07949195317974	577.801025390625	39180.4765625
387.1768421049876	239.3979949951172	39073.45703125
825.7309175238647	1305.969970703125	38851.83984375
206.05802456480322	1439.760009765625	38847.77734375
203.0512756365317	427.45599365234375	38814.734375
204.09992115867698	265.9909973144531	38728.10546875
224.0358047880345	236.9040069580078	38618.96875
405.1115857404001	638.1599731445312	38472.10546875
99.96299846120925	704.9559936523438	38375.33203125
159.9327130482928	849.1010131835938	38084.1875
238.05122990304304	282.37298583984375	38003.046875
159.9418392303813	708.7520141601562	37939.16796875
412.42831947621397	227.8000030517578	37841.2890625
131.05820217800277	245.85000610351562	37545.921875
195.04608433230234	657.0700073242188	37501.08984375
641.7866132761417	156.75	37487.48046875
247.06432861597688	609.1920166015625	37094.7578125
314.3190018835465	233.16200256347656	37081.79296875
150.03171187971165	523.4290161132812	37047.671875
205.06680356720415	600.3740234375	36952.62890625
152.97318269923667	1320.0699462890625	36919.12890625
213.08254401694523	250.84300231933594	36728.59765625
613.8036926493021	1150.010009765625	36698.94921875
194.02490287785983	283.66400146484375	36641.875
321.02040295605536	334.2669982910156	36619.57421875
246.12163119133925	363.2980041503906	36603.9765625
467.41159781684433	336.7659912109375	36369.99609375
87.00093581467121	1326.5400390625	36330.3203125
395.98246341571365	375.8739929199219	36242.23828125
149.06890899193084	504.5069885253906	36206.54296875
268.094753933635	273.5790100097656	36008.3671875
296.91402968217295	315.1919860839844	35869.45703125
145.11031578577416	586.5709838867188	35789.82421875
327.09325596436554	367.0530090332031	35553.0703125
253.8914250248824	630.5809936523438	35537.2421875
215.15231858708947	287.4119873046875	35523.453125
102.04276995112181	857.97900390625	34852.5546875
120.07862194103747	441.32501220703125	34840.45703125
414.7137414609772	1335.6099853515625	34791.80859375
370.1530423899871	348.1549987792969	34731.2578125
265.167829898884	235.6580047607422	34626.328125
214.97118681246616	267.24200439453125	34604.921875
114.04298596395945	1439.760009765625	34564.30078125
170.05791252489036	1408.0400390625	34245.30078125
336.0288829249681	388.489990234375	34172.734375
191.95096534599875	1317.530029296875	34098.95703125
310.1096280251823	571.4940185546875	34001.13671875
175.07215520891222	422.4580078125	33860.57421875
300.03396175011835	230.2969970703125	33521.1953125
418.8688070418731	1336.9000244140625	33512.06640625
284.1260054267314	349.406005859375	33311.0859375
265.0926534157781	368.343994140625	33204.09765625
206.0214105877824	247.09800720214844	33184.5
111.0432493208918	1409.2900390625	32859.6171875
263.04302670429945	233.16200256347656	32782.54296875
273.08403427645027	443.8169860839844	32772.0
287.1002707756712	552.5029907226562	32641.70703125
155.94985141302755	1342.0400390625	32505.5234375
347.06325196125533	568.9970092773438	32489.421875
653.7959607236276	1324.0	32326.759765625
198.91745597360745	822.5020141601562	32256.046875
156.05353462197743	546.2630004882812	31785.15234375
345.984900451795	227.8000030517578	31680.994140625
154.09940858648048	244.60299682617188	31667.03125
240.00117663841073	440.0719909667969	31286.974609375
522.5376057294596	206.0749969482422	31142.84765625
102.04279607223	788.39501953125	31137.59375
100.02708455852068	789.6480102539062	30971.0234375
174.97448948445626	513.343017578125	30953.923828125
208.03479027290197	576.552978515625	30757.935546875
295.09196175154676	443.8169860839844	30739.103515625
175.09571576274124	655.7750244140625	30659.908203125
71.03647299940073	1017.5900268554688	30620.390625
127.96019768901094	396.01800537109375	30565.830078125
537.5564337247877	206.0749969482422	30031.119140625
248.08963703172867	262.20098876953125	29839.46484375
91.03473187373541	469.27801513671875	29839.279296875
287.0785780575357	445.06298828125	29693.341796875
327.19500678896486	202.31700134277344	28864.91015625
212.0653608098626	440.0719909667969	28491.404296875
224.11625752069799	349.406005859375	28306.4296875
240.11926958415452	556.447021484375	28218.388671875
84.05704490408571	399.8059997558594	28185.357421875
192.96570322575673	1320.0699462890625	28167.6875
283.0916674743286	585.323974609375	28151.708984375
96.0572441714762	265.9909973144531	28111.501953125
126.05036616681843	358.25	27852.396484375
186.9187800168089	1102.0899658203125	27733.33984375
195.07788682890006	338.0589904785156	27630.810546875
163.0562911564519	579.0499877929688	27532.87890625
185.9372106269256	514.593017578125	27329.224609375
133.0738997318391	579.0499877929688	27287.55078125
245.96370655902393	375.8739929199219	27115.6640625
1037.662902433369	370.84100341796875	26969.08984375
155.04437547295788	560.1920166015625	26708.111328125
215.07944994705448	579.0499877929688	26645.876953125
139.9485501154929	1411.8299560546875	26193.3515625
259.0458139630262	644.447021484375	25836.36328125
240.09456276328942	491.92498779296875	25202.376953125
151.03034813477225	524.677978515625	25193.7734375
127.0267388860604	1404.31005859375	24420.837890625
224.03442659396154	358.25	23982.798828125
124.06364151538543	1419.3599853515625	23847.111328125
146.97802206794168	508.3429870605469	23495.892578125
629.777263833097	946.9849853515625	22713.99609375
614.8078213156391	254.66799926757812	22585.693359375
260.1259409777615	254.66799926757812	22556.8828125
192.96577971603327	1312.469970703125	21585.2109375
203.19680568526107	250.84300231933594	20428.029296875
251.94719697556496	1326.5400390625	20134.140625
89.01093935284824	1022.989990234375	19893.328125
88.0018137479064	1326.5400390625	19455.27734375
168.0615875997028	640.6580200195312	19368.67578125
185.14974463670023	227.8000030517578	19238.974609375
230.1156672536258	250.84300231933594	19183.490234375
663.1091264773012	576.552978515625	19157.017578125
329.3376329484733	230.2969970703125	18990.201171875
159.06443152971423	2.8165700435638428	18902.787109375
312.1763166005205	698.6599731445312	18883.267578125
243.22829745454737	311.4419860839844	18874.951171875
130.03788986460205	243.35800170898438	18740.646484375
168.06830744938918	1419.3599853515625	18604.923828125
356.85778103930875	373.37799072265625	18067.103515625
95.97119889551568	689.823974609375	18043.2578125
164.97099998170782	1321.3199462890625	17796.375
224.1049341229411	236.9040069580078	17737.005859375
94.02477139218867	991.8800048828125	17622.619140625
163.08453854780979	392.2749938964844	17489.787109375
250.96394233845638	442.5710144042969	17473.443359375
159.8584904128327	628.0830078125	17360.736328125
200.03215113462485	602.9099731445312	17135.34375
141.99344267187448	230.2969970703125	17002.34375
143.09465525872915	326.6809997558594	16876.841796875
214.1206870339127	269.74200439453125	16265.1904296875
442.8713463064263	310.1510009765625	16173.01953125
131.0218481873665	481.8489990234375	15760.4375
152.05868940085426	1433.300048828125	15622.939453125
213.1002519559835	1119.6199951171875	15552.326171875
157.08209571364958	264.7409973144531	15539.4775390625
161.14972257109724	269.74200439453125	15503.8154296875
287.9973742036981	235.6580047607422	15167.1513671875
205.07413157644012	274.8320007324219	15009.125
129.07900204982568	553.9290161132812	14985.087890625
162.1257502523053	363.2980041503906	14898.7958984375
163.0382121127299	243.35800170898438	14794.337890625
228.06343384208668	406.09698486328125	14586.7666015625
215.087588993226	268.4909973144531	14516.251953125
143.0663898616693	398.5559997558594	14328.197265625
155.02193850545243	1421.9100341796875	14270.044921875
210.06172150015962	495.67498779296875	14244.8759765625
169.96889026467488	846.5910034179688	13951.6552734375
209.07240684634272	389.73699951171875	13872.4091796875
75.06785036229749	399.8059997558594	13738.064453125
159.08972003057906	243.35800170898438	13633.5693359375
221.9675665372844	759.281982421875	13335.8564453125
272.0897156898595	270.9930114746094	13095.2666015625
210.01668412017105	766.89599609375	12837.0517578125
131.04682958980678	488.1789855957031	12258.6513671875
83.96098797221372	459.1990051269531	12015.806640625
242.01943725118784	604.1580200195312	11884.3203125
96.05719664936963	248.3459930419922	11664.32421875
175.04811743552048	1047.8800048828125	11476.666015625
720.7735367591445	417.4289855957031	11447.3828125
145.03495214810061	651.9879760742188	10650.787109375
243.05920771740358	610.4400024414062	10427.2216796875
147.07253735739573	534.7540283203125	9930.4736328125
73.05212275747708	1017.5900268554688	8852.4501953125
165.07902412178416	1183.81005859375	8801.7529296875
463.8454009539482	1291.8399658203125	7992.43115234375
80.9640260674105	1054.239990234375	7863.63623046875
77.00131472542516	1049.1500244140625	6728.67431640625
283.1053758741014	1159.239990234375	6597.85498046875
