	RT	Std2_1in100
95.98761325536871	1355.780029296875	3.16394048E8
94.04154730922906	297.8630065917969	1.99004688E8
256.24036884931354	213.8489990234375	1.21464984E8
173.96521399687003	1355.780029296875	8.5203992E7
115.94356243476784	1381.800048828125	6.1512376E7
284.27155958079925	212.56300354003906	4.7951296E7
117.94177697815616	1381.800048828125	2.727415E7
257.24371384559845	213.8489990234375	2.0291172E7
77.97678132069127	1355.780029296875	1.910354E7
96.98719630533917	1355.780029296875	1.880634E7
136.0524925946903	302.8710021972656	1.8658946E7
95.04491222227853	297.8630065917969	1.5617897E7
144.115036578439	253.76199340820312	1.3839364E7
233.93206324522978	1357.06005859375	1.2927325E7
97.98448687325023	1355.780029296875	1.2791773E7
256.24035776928406	1354.550048828125	1.1016164E7
285.274917731187	212.56300354003906	9057721.0
159.08956220314033	390.4859924316406	8790982.0
174.96479999480667	1357.06005859375	8424007.0
193.0740372791311	335.9070129394531	7830534.0
195.91316129824526	824.1010131835938	7507558.0
155.95472682904534	1357.06005859375	7402444.0
204.8762989226999	1364.8499755859375	7353382.5
102.03151982015628	471.09100341796875	7247696.0
135.98047188286992	1353.31005859375	6853232.0
204.8762813998978	1350.739990234375	6608067.5
206.8744962220536	1355.780029296875	6334095.5
311.9096058631531	1355.780029296875	6231923.5
116.0837265163904	284.0169982910156	6103436.5
209.9419891319572	1353.31005859375	5933814.0
288.0594159787005	552.0150146484375	5784141.5
118.02662305130346	622.72998046875	5745702.5
158.13068585889064	238.5330047607422	5604172.0
129.04263180240437	487.4939880371094	5428280.0
141.99344165679216	1355.780029296875	5319342.0
175.96204033401685	1357.06005859375	5224197.0
122.03679759401197	353.93499755859375	5000868.5
204.87626987102556	1381.800048828125	4937718.5
284.27156642595804	1355.780029296875	4831373.0
215.84012181250293	1343.0899658203125	4806182.5
117.94176889543212	1428.5	4770505.0
407.9098204169908	1358.3699951171875	4583937.5
195.91320056614146	1353.31005859375	4553405.0
134.02153504419388	649.1840209960938	4549211.0
213.84215167033614	1341.6700439453125	4391588.5
153.0902339294164	420.72198486328125	4369369.0
200.17774867750055	222.96200561523438	4281495.0
228.20910789167868	217.61599731445312	4217688.0
122.0368005007017	306.6440124511719	4193735.5
102.06791442598019	335.9070129394531	3774589.75
219.97076228324266	1355.780029296875	3526692.75
97.99187581682524	1355.780029296875	3486823.0
130.09944330428192	265.0830078125	3355130.0
311.9095964285226	1366.27001953125	3243020.5
293.8989252067831	1355.780029296875	3161339.0
195.947229546743	1355.780029296875	3157458.25
149.07021865134328	440.87298583984375	2966728.75
329.93254460640026	1366.27001953125	2866568.75
242.22476749191648	216.3719940185547	2750794.0
173.97752988837692	1366.27001953125	2696900.75
136.95238346704778	1363.6199951171875	2691515.5
95.99995494453856	1363.6199951171875	2683553.0
251.95506070650913	1371.3499755859375	2639328.25
287.91930548086884	1353.31005859375	2605115.75
172.14642926611438	231.9290008544922	2546365.25
219.1107484208396	438.3789978027344	2493490.25
371.8762418620316	1355.780029296875	2420783.25
166.03133414276223	375.3599853515625	2403803.25
211.9390243985685	1353.31005859375	2375560.75
156.11512381262037	238.5330047607422	2366131.75
266.15521979349745	1359.6099853515625	2335320.75
234.93164752392056	1355.780029296875	2285422.75
195.91318778806072	1375.239990234375	2243903.5
212.1413688101532	239.7790069580078	2241755.75
195.8759507162201	1337.93994140625	2180798.5
172.00425444636318	1348.27001953125	2166428.5
233.93203972869804	690.7769775390625	2160863.0
196.05834312710093	582.177001953125	2140251.25
117.94179744196781	213.8489990234375	2129533.5
233.93202954693035	699.614013671875	2125584.75
233.9320285432697	718.5460205078125	2052389.125
257.2436906307532	1360.8499755859375	2012588.75
698.2997049741479	222.96200561523438	2010331.0
135.0545464286065	390.4859924316406	2009143.75
233.93205087876683	678.1950073242188	2008788.5
117.94178295393742	10.51140022277832	2005310.125
195.91316154884208	942.6580200195312	1985101.125
197.87415652419773	1337.93994140625	1919357.75
217.83771726171662	1346.8499755859375	1915660.125
76.01547790531146	379.1499938964844	1897019.625
135.05454728107503	443.40301513671875	1896533.5
206.16711931693726	235.85499572753906	1890435.125
228.20911864550044	1359.6099853515625	1880723.0
293.8989128151185	1367.510009765625	1878530.125
254.22471993885037	1355.780029296875	1874002.125
233.93202775230301	670.6079711914062	1780561.75
88.0520407898744	387.989990234375	1779630.875
254.22470451742137	1371.3499755859375	1737438.5
236.96100107882017	1349.510009765625	1679254.75
258.24714385804555	215.0919952392578	1642524.75
137.05577079172875	304.114013671875	1635858.5
233.9320356705643	649.1840209960938	1611208.125
151.96976549815267	1324.8800048828125	1570440.125
188.07978212343968	493.781005859375	1547346.0
295.80721418206974	1349.510009765625	1545319.75
235.92896025125654	1354.550048828125	1524896.625
135.05455490920718	473.625	1499765.5
273.89054201684104	826.6090087890625	1494170.5
266.1552244199925	205.03599548339844	1489331.625
195.9131577363919	1205.5	1484150.375
282.25592298610877	1355.780029296875	1464685.75
163.967552583618	1326.1700439453125	1439312.875
86.03636180596519	395.5199890136719	1434488.75
214.1934451325014	221.53399658203125	1432753.75
208.87268455063912	1351.97998046875	1431645.5
112.02724030948015	553.2620239257812	1430737.875
102.03151585288182	421.97100830078125	1430717.125
116.94693116673098	1381.800048828125	1369870.125
174.96477686545995	690.7769775390625	1345206.125
174.96476953255214	700.864990234375	1333140.5
242.22476507004563	1353.31005859375	1324942.625
155.95471529573783	689.5269775390625	1323912.75
197.8741806710363	27.284000396728516	1319242.75
126.90737646820213	1331.3299560546875	1318727.75
175.96942291838008	1355.780029296875	1313283.875
145.11841524388055	253.76199340820312	1298770.375
117.93596098504803	1380.56005859375	1288009.625
130.0630568214811	377.9010009765625	1278368.75
197.8741758391574	327.1080017089844	1266236.375
197.87418205358014	300.34698486328125	1259106.125
140.01435747417665	1358.3699951171875	1246748.875
293.8091595780435	1350.739990234375	1232762.75
240.2091007043166	215.0919952392578	1231866.125
197.87418110596423	266.37701416015625	1227601.75
204.87627672404892	1402.8299560546875	1222490.25
270.25594314726425	213.8489990234375	1217203.625
196.91315789924593	820.2990112304688	1202430.0
186.16202487376026	226.7480010986328	1197562.125
270.2196512052633	217.61599731445312	1190226.75
254.22471879780122	1380.56005859375	1189171.75
197.8741848956883	225.45599365234375	1187311.625
243.11085126149294	369.08099365234375	1185613.25
197.87417599570176	281.4750061035156	1182508.0
200.17776695018213	1354.550048828125	1181629.375
148.037225972605	587.1640014648438	1179645.5
195.9131823463088	1422.1600341796875	1170143.625
78.97636397053783	1355.780029296875	1167226.5
186.10047157197027	390.4859924316406	1165729.875
138.94785535784956	1363.6199951171875	1164706.0
197.87418584376795	247.48399353027344	1163975.75
195.08958332869398	305.3559875488281	1153436.5
195.9131690910447	1140.6199951171875	1146870.875
304.7728786457095	1344.3299560546875	1139213.75
197.8741837613719	369.08099365234375	1136763.125
312.1762695024727	1357.06005859375	1131527.25
393.8706661054526	1358.3699951171875	1115149.25
147.9732777669373	1348.27001953125	1112730.125
206.87448566859092	1402.8299560546875	1108250.0
74.03618706175546	439.625	1103472.0
197.87416973964602	387.989990234375	1101658.0
289.9163589801359	1353.31005859375	1101502.625
312.90907024906886	1355.780029296875	1097444.5
233.9320508926592	1422.1600341796875	1074256.375
233.9320327558806	846.8480224609375	1068195.375
133.87514816063026	605.0800170898438	1062564.25
401.87533689269276	211.3179931640625	1062493.5
197.87418206368145	401.81201171875	1060243.25
126.04291021728275	421.97100830078125	1059190.75
302.2459844449537	213.8489990234375	1056657.25
174.96477734000297	639.1010131835938	1047331.1875
198.16206339064883	222.96200561523438	1047279.625
252.10336525132078	213.8489990234375	1033339.9375
197.8741738961384	410.6449890136719	1030023.8125
116.01095825479419	554.5089721679688	1029323.3125
285.2749258743356	1364.8499755859375	1023432.1875
326.19178429556933	1354.550048828125	1009560.4375
515.2918815595532	278.9750061035156	1008850.5625
249.08740922367144	1355.780029296875	995016.125
126.90739160932323	606.3740234375	988577.75
196.05833739377346	594.8699951171875	987273.5625
314.93845844400425	1350.739990234375	973152.375
174.96478323261297	747.8880004882812	967702.1875
401.8753204672641	15.718600273132324	959898.4375
408.9093167470513	1358.3699951171875	948174.75
313.90639335138394	1355.780029296875	943793.125
326.191775616739	1362.27001953125	937818.8125
286.27822094369105	211.3179931640625	935337.375
215.84014416232893	449.67999267578125	932302.625
215.8401473761921	464.802001953125	911228.25
401.8752868997965	376.6520080566406	904284.5
79.97365495619056	1355.780029296875	903423.6875
157.96229745954136	1355.780029296875	903037.5
213.8421562951114	445.8970031738281	901086.1875
206.87451353383344	217.61599731445312	900998.875
179.97027633531619	1354.550048828125	881543.125
191.962372213588	1322.199951171875	880758.3125
174.9647826348022	775.7349853515625	868279.3125
310.1816721064316	1355.780029296875	866926.25
206.83971847142064	1334.0	862448.625
175.9694218089796	1364.8499755859375	855483.25
204.87628460893023	10.51140022277832	853111.9375
204.87627348537507	39.90679931640625	852848.125
174.96478164700548	625.22802734375	852114.3125
174.9647916125852	1419.6600341796875	848358.0
282.255876974916	1384.4599609375	847709.5625
204.87627665342697	62.694698333740234	846879.0
204.84172014991023	1337.93994140625	846338.5
175.9620215328312	687.0280151367188	843638.5
161.08410330194866	1375.239990234375	828385.5
146.99088732525027	220.28900146484375	827591.3125
194.07724929829783	335.9070129394531	827095.75
204.87628027790544	144.31100463867188	824415.5
117.96984544609528	1358.3699951171875	822780.0625
204.8762806118629	95.7238998413086	817317.875
204.84173751078313	459.7650146484375	814112.4375
699.3031863946893	221.53399658203125	810627.3125
206.87449974171773	20.92460060119629	810284.75
206.83971625510347	452.1809997558594	808036.9375
213.84216714338396	211.3179931640625	804382.375
204.87628037728078	217.61599731445312	794475.8125
204.87627368682394	118.86100006103516	793864.4375
155.95472530803747	1420.9100341796875	793654.4375
97.97673462271086	1353.31005859375	788885.4375
146.99088321738864	296.6199951171875	788430.75
254.1519533539918	230.4949951171875	788082.875
297.8054342859146	1355.780029296875	786232.3125
238.0988656833524	491.2430114746094	779837.375
204.84172493812147	430.79998779296875	773622.1875
146.99087857092445	145.56500244140625	772566.0625
97.97670220585513	1371.3499755859375	770928.9375
146.02155171789747	405.5989990234375	765805.5
372.8758611961391	1354.550048828125	760190.125
215.8401524626359	339.7449951171875	755686.6875
176.10491004029558	277.7250061035156	748130.875
174.9647756978852	954.0670166015625	744056.5625
294.18680155610247	1362.27001953125	737221.6875
174.9647828005927	881.1069946289062	725603.25
295.77244153548247	1337.93994140625	724694.125
204.87626818345902	300.34698486328125	718103.0
92.01063542932374	1310.8399658203125	714822.625
204.8417294635762	507.83599853515625	713900.75
302.77483560472183	1344.3299560546875	712681.6875
155.95471151781882	849.4000244140625	708329.5625
273.8905664519184	1349.510009765625	708203.375
186.05285137216782	577.1480102539062	708116.5
286.80683400972606	1340.4200439453125	705067.9375
215.84015111174915	220.28900146484375	703718.875
206.87449603632123	154.4340057373047	699163.0
206.8744977361784	243.55499267578125	695745.5
206.87448588208116	1439.8800048828125	683823.375
206.04356947380728	276.4739990234375	680989.0625
78.97636081153813	1366.27001953125	679785.625
206.8744967467199	116.35199737548828	679737.6875
133.87515890192424	520.5709838867188	678918.875
229.21229946435625	217.61599731445312	678742.9375
306.77085730304213	1343.0899658203125	676725.8125
90.03134660716877	471.09100341796875	674529.25
409.9061896810167	1354.550048828125	673269.25
213.84215941796532	192.36500549316406	669778.8125
118.93598897037197	830.4140014648438	667531.625
282.25602490543923	213.8489990234375	664406.625
118.94514793197146	1370.1099853515625	664399.0
197.8741752198044	484.9530029296875	660618.375
160.09294216009317	391.7349853515625	655069.5625
123.99528811272907	1362.27001953125	653987.1875
251.10193578213173	444.64898681640625	651828.3125
133.87515498359326	553.2620239257812	650622.4375
156.95436911226886	1367.510009765625	650440.3125
206.874498306577	305.3559875488281	649428.6875
156.95437882787422	1351.97998046875	647617.1875
201.95235641479758	1350.739990234375	647516.1875
255.91409827805214	1357.06005859375	645717.4375
169.98035947844784	1322.199951171875	642859.9375
196.9132560041182	1358.3699951171875	641807.125
270.25596794281597	1363.6199951171875	639672.375
279.93730837817526	1355.780029296875	632761.375
289.0628893087356	552.0150146484375	632182.6875
146.99086776263314	444.64898681640625	631952.25
213.84216140983983	174.67599487304688	630372.5625
104.0108401893519	644.1420288085938	625255.5625
91.97830568351866	1285.1199951171875	624719.0625
142.06306127655202	577.1480102539062	623432.0625
204.84171849070017	567.0880126953125	622503.375
206.8397047269404	564.5599975585938	622019.5
215.8401382355636	562.0609741210938	616787.9375
133.87515334980256	567.0880126953125	609479.875
204.84173236161325	394.2699890136719	608068.3125
207.054171687104	1371.3499755859375	606256.1875
340.20737026598255	1353.31005859375	605414.5625
96.04587120142824	299.1050109863281	602934.75
326.19175419370487	1384.4599609375	600316.125
335.90373363388136	305.3559875488281	600293.5
206.83973333915338	324.56201171875	599701.5625
354.2078651133611	1355.780029296875	591458.875
135.87245175018336	606.3740234375	590637.25
206.83973606603593	332.156005859375	583644.6875
163.9754057428454	1353.31005859375	581410.5
139.02697747403073	1349.510009765625	580559.75
206.8397319008084	286.5610046386719	578360.0625
204.84173379089987	329.65399169921875	577774.125
204.8417346521173	362.7820129394531	574276.0
175.9620360817497	1423.4100341796875	573433.8125
172.05590347859464	276.4739990234375	570869.125
175.0844882891691	459.7650146484375	567287.5625
159.1340566736384	238.5330047607422	564689.3125
289.06527318086853	1355.780029296875	562674.0625
206.83970683426517	583.4240112304688	562063.8125
155.9547185496001	993.77099609375	560234.125
294.89852942795034	1354.550048828125	559585.3125
146.1307145714653	278.9750061035156	558637.1875
204.8417295222321	300.34698486328125	558078.0625
157.95145745266063	1351.97998046875	549814.3125
335.9037225896787	287.81201171875	547574.875
97.96711837047422	705.9119873046875	546738.125
100.05224105040982	358.9849853515625	541579.1875
213.84215943526044	107.29399871826172	536335.3125
326.31863737190423	211.3179931640625	536205.5625
201.18106281941493	224.20799255371094	536180.9375
206.8397210416611	291.56201171875	536006.6875
155.9671495193067	1362.27001953125	535834.9375
116.04735136501847	419.47601318359375	535088.0
111.07962263185101	421.97100830078125	530506.4375
134.07319516579867	1374.0	529766.9375
257.09349002553694	1371.3499755859375	526916.0
158.99642301313872	1358.3699951171875	526023.375
335.90375767522994	219.04600524902344	526020.9375
213.84213808780984	602.4030151367188	522342.15625
298.25096641952405	215.0919952392578	521993.40625
201.95235863986142	1367.510009765625	519761.375
335.90373701628846	348.739013671875	518016.0
335.90371257438755	313.07000732421875	517706.9375
206.83973030164142	191.11099243164062	517621.75
297.77034526427406	1337.93994140625	513739.15625
330.9321905478303	1364.8499755859375	512281.53125
312.30312912672264	212.56300354003906	512002.6875
137.9986729483368	1351.97998046875	511011.40625
241.95276957391255	1353.31005859375	510680.96875
127.02452234543594	262.54400634765625	508166.0
293.7745533866254	1337.93994140625	504796.78125
206.83973007568412	616.4459838867188	504231.0
268.24029418013174	1364.8499755859375	502863.03125
224.80569271478026	1336.52001953125	502766.65625
116.94064521791044	1381.800048828125	501453.625
365.8964468620433	1354.550048828125	500237.0
91.97830730556106	882.364013671875	500047.40625
210.9415641846827	1351.97998046875	498783.5
175.962017630838	875.9910278320312	493349.21875
91.97830825720777	975.9710083007812	490611.46875
331.9293396340564	1364.8499755859375	488714.28125
280.2402098701909	1359.6099853515625	485658.6875
196.94687364573022	1354.550048828125	485587.625
220.970298476849	1354.550048828125	482998.46875
91.97830604799977	905.5130004882812	482135.25
298.1603539814142	1360.8499755859375	482016.875
335.90374279392245	371.5790100097656	478442.40625
91.97830402404279	836.72900390625	478235.15625
382.2105651388371	1351.97998046875	477274.5
431.84261760958	1358.3699951171875	476771.625
116.94063123767305	1358.3699951171875	476555.0625
289.06538480219496	1366.27001953125	476072.53125
175.9620156271353	940.0989990234375	475315.5
174.96477271440617	1034.1500244140625	471140.8125
122.04803099325403	405.5989990234375	471063.4375
168.04229615085092	523.072021484375	470338.28125
206.83973226803755	109.8499984741211	469454.5625
204.84170984370178	637.8519897460938	466658.46875
92.01065646295324	1385.699951171875	466539.53125
204.84175216855687	196.21400451660156	465813.96875
175.96202308511417	820.2990112304688	464846.25
335.90370235371375	404.3500061035156	461858.65625
148.03725331209398	1363.6199951171875	461853.375
485.8865845162016	1355.780029296875	461203.34375
195.9132111323191	563.31201171875	460787.96875
96.9917984908349	1357.06005859375	460043.6875
330.2772137623081	213.8489990234375	457650.125
119.05828984312515	639.1010131835938	454076.0
284.80861785908706	1341.6700439453125	453976.21875
206.83971787572986	642.8920288085938	450307.375
294.18316470006846	220.28900146484375	449391.625
91.97830757495811	722.2990112304688	449226.53125
230.1267142574644	355.18701171875	448405.28125
133.875137551532	1335.239990234375	445785.3125
224.80565125071024	605.0800170898438	438592.8125
206.83970349708278	664.3140258789062	438436.96875
206.83973353574	82.94090270996094	436804.59375
91.9783104196797	678.1950073242188	435994.34375
175.9620249151669	960.4010009765625	435744.875
204.06352467489592	599.9080200195312	435562.0625
243.22809317724946	219.04600524902344	434110.71875
157.95149417833807	1367.510009765625	431294.5
199.8723721896924	1336.52001953125	430885.84375
255.22796489984034	1366.27001953125	429946.78125
213.84215964106457	50.021400451660156	426125.625
204.84173518950882	93.2113037109375	425136.75
174.96477122268456	1049.8900146484375	423591.0625
175.9694480712744	1385.699951171875	422354.8125
235.93996971114893	1353.31005859375	417802.65625
204.8417077109268	649.1840209960938	417687.4375
233.93202540877087	1239.0699462890625	416457.84375
193.9187004483462	822.8480224609375	411560.4375
133.87515439117075	637.8519897460938	410636.78125
157.95041147173288	1314.6099853515625	410253.90625
123.0401565360807	353.93499755859375	410192.3125
233.93202691867367	1193.8599853515625	408408.125
96.04821860785698	297.8630065917969	404899.5
449.85377952292055	1355.780029296875	403765.1875
153.98542567433137	1317.1600341796875	403501.6875
229.13158809142342	320.8059997558594	403269.96875
335.903727811067	467.3429870605469	402376.78125
251.04402646781622	1355.780029296875	401536.4375
197.87417123132232	594.8699951171875	400968.28125
267.15856749115466	1358.3699951171875	400737.75
315.8934584251954	1367.510009765625	400245.875
206.83970491374728	713.4979858398438	399672.6875
194.0426600835546	661.7730102539062	398606.125
255.22793736070776	1354.550048828125	394196.71875
204.84174031525578	60.1422004699707	392762.71875
135.87247715063148	538.2050170898438	392162.3125
259.10555019565425	434.59100341796875	391128.125
295.8957253317133	1354.550048828125	390646.40625
117.08708532867195	282.7669982910156	388956.0
272.2352424218275	222.96200561523438	388537.21875
226.19342215765644	1358.3699951171875	388203.03125
169.0574999463031	1381.800048828125	387938.4375
147.97326893540273	1336.52001953125	387087.875
206.8397646461401	20.92460060119629	386078.40625
187.08452210712852	432.04998779296875	384428.53125
217.8377231666431	439.625	384354.53125
338.21295504689635	1357.06005859375	383580.8125
136.97997118273568	1351.97998046875	382797.21875
175.01172541734903	243.55499267578125	382686.75
100.05223784720596	266.37701416015625	379592.53125
298.2872288863964	212.56300354003906	378896.15625
147.97328476745295	509.0880126953125	378770.28125
352.2283298697415	1357.06005859375	377317.40625
335.9037399949712	479.91400146484375	376101.3125
222.8078760373544	1337.93994140625	374880.9375
97.976809808936	607.6220092773438	374717.5
284.0752608236817	207.58200073242188	374697.9375
103.03488641384577	469.84100341796875	372892.65625
204.06352793730895	584.6719970703125	372006.3125
139.97779066720233	1359.6099853515625	370851.5
302.24593549754474	1354.550048828125	370150.03125
386.1858544702345	238.5330047607422	369833.9375
150.0081919816329	334.656005859375	366060.0625
172.14640237161666	1348.27001953125	365117.1875
217.83773989507478	370.33099365234375	364338.09375
174.96477414724498	1218.3900146484375	363144.21875
208.83737830556822	1336.52001953125	362633.40625
335.90370526937386	520.5709838867188	362217.90625
204.84170974548792	708.4559936523438	359427.5625
154.0936126552297	419.47601318359375	358473.03125
134.07320206493287	1355.780029296875	357922.0
335.9037138317219	570.8740234375	355313.8125
297.0897221324026	391.7349853515625	353998.53125
225.88515015869706	1337.93994140625	353767.46875
146.9908565653322	1340.4200439453125	351828.5
131.96455673245924	1354.550048828125	351276.3125
202.04788046211874	434.59100341796875	351134.03125
222.80787539495992	603.8330078125	349805.4375
197.8741676878263	1439.8800048828125	349445.25
284.2715837516247	122.62699890136719	348176.375
209.94196326208117	606.3740234375	347891.625
201.9602464055725	1354.550048828125	347057.5625
233.93203100294542	1174.4599609375	345203.65625
233.94437132593512	1353.31005859375	344923.25
99.03178168664031	1364.8499755859375	343852.625
141.99343251730267	1424.6600341796875	342417.3125
255.92645594688182	1345.5699462890625	341440.0625
213.84214839111345	664.3140258789062	341344.9375
217.83772738069416	215.0919952392578	341023.875
132.05349118717058	583.4240112304688	340410.71875
398.2338244482072	1363.6199951171875	337740.46875
92.01063758314577	853.2069702148438	337677.4375
613.8045713083367	72.81639862060547	337555.8125
155.95471108058442	1181.010009765625	337412.3125
174.96478820829236	1144.469970703125	335445.03125
298.1604444262433	1366.27001953125	334479.40625
195.95963269190548	1344.3299560546875	333647.71875
188.01439256778346	242.27099609375	330806.96875
121.97958592885745	1337.93994140625	330144.9375
137.99868639656015	1358.3699951171875	329396.6875
274.89041886918864	820.2990112304688	326395.4375
257.93415046655645	1324.8800048828125	324989.65625
213.14469674714178	241.0240020751953	324524.15625
175.96202283550556	1032.9000244140625	324216.75
176.96167234454074	1358.3699951171875	323215.3125
208.8373963368474	415.69000244140625	323182.375
205.8796597056315	1354.550048828125	321717.21875
196.9132051941428	1381.800048828125	320416.0
197.94413872032888	1353.31005859375	318853.78125
201.02745271764036	220.28900146484375	318839.0625
365.27810073161487	36.14690017700195	318395.4375
384.7398442537596	1358.3699951171875	318011.4375
288.80508666450544	1337.93994140625	316150.96875
115.94135369441898	824.1010131835938	315527.21875
208.83742166161713	450.92999267578125	315476.34375
613.8045793740212	17.159099578857422	315092.71875
123.04017455004154	306.6440124511719	313572.9375
249.58902200928298	1353.31005859375	313175.21875
368.36557981154806	207.58200073242188	312896.875
157.96229739077424	1384.4599609375	312243.78125
196.91316758167176	942.6580200195312	311229.03125
197.87417944010608	1380.56005859375	309437.09375
130.02667465816458	543.2030029296875	309204.3125
166.02661658070932	596.1640014648438	307658.25
219.97074015710336	709.7059936523438	306774.9375
116.01094837373437	649.1840209960938	305612.78125
127.91233038061416	1366.27001953125	305418.5
244.24026205943352	242.27099609375	304821.6875
207.1704220534881	234.60800170898438	303328.96875
335.90362989456156	1335.239990234375	300531.59375
137.87052194076122	605.0800170898438	300318.59375
243.22815393829222	1360.8499755859375	300118.53125
138.0429298643551	1344.3299560546875	300043.90625
135.9929000137081	1337.93994140625	298944.5
146.06916866994473	534.4019775390625	296641.25
219.97071767066294	693.3179931640625	295275.03125
226.80327350952476	1337.93994140625	294822.0
613.8045738578418	164.55499267578125	294517.0625
440.1203327356337	1362.27001953125	294393.15625
151.97796167397877	1349.510009765625	293392.875
139.02696095625566	292.8500061035156	290684.28125
255.92641107623123	1376.6600341796875	290633.5625
240.13650286409853	216.3719940185547	290583.875
91.97830168726858	603.8330078125	290449.03125
613.8045617730954	286.5610046386719	289941.21875
229.21235502441334	1362.27001953125	289854.3125
172.110061337107	261.2950134277344	289661.8125
92.0106580000839	1396.22998046875	289351.0625
252.95467011650945	1362.27001953125	288753.59375
109.02893775000187	297.8630065917969	288392.375
394.869859656438	1360.8499755859375	287781.9375
206.839731001108	736.3829956054688	285796.6875
119.02995701451826	622.72998046875	284544.1875
221.9676792820462	1354.550048828125	284385.59375
160.14636891611087	268.87799072265625	282056.21875
335.90370049116905	592.1929931640625	281384.875
170.85692750890703	1331.3299560546875	281164.125
271.2592026755708	212.56300354003906	280070.6875
201.97268046064244	1364.8499755859375	279990.25
282.2559205758986	1433.52001953125	279243.53125
118.9388267852043	1355.780029296875	279111.75
219.8354837924625	1341.6700439453125	279061.0625
133.87514950332928	708.4559936523438	278979.21875
398.23353685197833	1351.97998046875	278628.0
208.83740502907065	530.6519775390625	275649.9375
309.10626537164455	570.8740234375	274790.90625
213.84213442594483	699.614013671875	274020.6875
195.94722445528095	1422.1600341796875	272787.5
116.94693040307887	1414.4300537109375	270718.3125
197.8741862958378	1393.739990234375	270564.5
212.93874952714802	1353.31005859375	270455.40625
128.04737298129368	400.56298828125	270279.96875
335.90368092332756	724.843017578125	269201.0625
613.8044375633528	255.00900268554688	268246.28125
173.14978620092324	233.35800170898438	267828.90625
92.04702856404253	519.3200073242188	266841.125
182.07919444495786	616.4459838867188	266046.75
100.01585678308197	370.33099365234375	264256.5
196.91319486950962	1398.9100341796875	264233.75
157.11838478094973	238.5330047607422	263595.3125
208.08242365982403	393.0220031738281	262371.34375
204.84171786388387	745.3809814453125	262193.75
131.10271800701213	267.62799072265625	262188.65625
134.0731917692788	1422.1600341796875	261992.140625
226.1934059440952	219.04600524902344	261649.953125
123.98283782707615	1353.31005859375	261428.375
160.10997926124048	301.5889892578125	261114.546875
266.1552565700009	1424.6600341796875	261031.671875
327.1949706990246	1353.31005859375	259505.625
157.95041457397534	887.3939819335938	259250.578125
233.93204407324862	577.1480102539062	258760.515625
142.99293416209898	1358.3699951171875	258540.953125
197.8741877631613	1417.1099853515625	258278.578125
135.87235766523224	1341.6700439453125	258229.59375
157.95047458421988	688.2780151367188	256847.28125
208.8373953823216	570.8740234375	256516.328125
157.95044032784443	760.5150146484375	256419.421875
133.87516877428527	217.61599731445312	256388.828125
133.87515953794207	389.2380065917969	255402.53125
91.97830916407072	552.0150146484375	255340.53125
136.03724195499754	553.2620239257812	255019.921875
103.06317429803961	400.56298828125	254824.28125
324.30309453374673	208.82899475097656	254178.0
142.9310647523618	224.20799255371094	254112.359375
156.00923390226984	1353.31005859375	253361.234375
172.07372443575994	1366.27001953125	252282.171875
157.95048728070145	715.9990234375	251150.25
240.20911551351807	1358.3699951171875	250951.71875
129.9878539976963	1320.949951171875	249295.375
98.07294666725035	575.8690185546875	248721.859375
335.9036571290118	623.97900390625	247812.625
418.163036653042	252.47500610351562	247427.3125
130.04601303350196	487.4939880371094	247409.3125
192.02710526909686	1362.27001953125	247239.3125
208.8727016702165	1402.8299560546875	246604.28125
516.2951797472052	278.9750061035156	245343.265625
222.03853658978912	357.7340087890625	244476.03125
335.9036642403126	800.0640258789062	243770.875
208.83741962539463	362.7820129394531	243735.890625
229.1315914627567	299.1050109863281	243643.0625
335.9037083910876	811.47802734375	243048.46875
92.029037082249	346.2340087890625	242925.5
137.97725507340704	1363.6199951171875	242739.703125
335.9036449695568	765.6179809570312	242631.203125
335.9037004297055	905.5130004882812	242428.078125
208.83739550473877	296.6199951171875	241107.140625
254.22469769643158	1432.260009765625	241024.234375
226.80331341807351	607.6220092773438	240824.03125
335.9036433326172	658.02099609375	240731.796875
208.83741759463865	334.656005859375	240091.4375
393.70561926562056	1349.510009765625	240043.0
343.14198019900675	1351.97998046875	238154.46875
184.14635219285725	225.45599365234375	237005.75
105.04248629776892	661.7730102539062	236947.515625
335.9036866956865	634.0599975585938	236175.0625
335.903701374829	776.989013671875	234074.8125
157.95041730980756	984.8740234375	234068.4375
258.24679383373683	1366.27001953125	233892.703125
335.90368328350473	840.5339965820312	233865.453125
219.97074790863942	943.916015625	233564.28125
220.11408075152738	438.3789978027344	233562.375
119.97352025006532	1274.9599609375	232868.890625
267.09682239684514	473.625	232711.484375
335.90368072997745	853.2069702148438	232539.234375
174.01644248163345	699.614013671875	232477.140625
318.007902747998	1357.06005859375	231713.859375
135.03547006820483	548.27099609375	231240.4375
157.9504380541802	778.427978515625	228243.171875
157.95040985405862	811.47802734375	227520.15625
219.97075882183321	783.4879760742188	227282.3125
219.9707388787993	913.1519775390625	226939.359375
196.91316272089833	1205.5	226598.125
329.1628888153063	1348.27001953125	224700.828125
382.74142513683273	1350.739990234375	224421.171875
273.89055347168113	986.1320190429688	224261.53125
157.07401609538218	461.0140075683594	223792.703125
156.07874719336846	262.54400634765625	223707.046875
257.2436908459433	1429.75	222708.796875
97.99529782424395	1324.8800048828125	221861.765625
351.8679136552371	1350.739990234375	221418.53125
413.97358960052236	1348.27001953125	220166.1875
137.99867995098074	1386.97998046875	219722.71875
118.06302617415007	375.3599853515625	219267.1875
137.94382871670757	1355.780029296875	218588.859375
240.1363448437819	229.2449951171875	218535.6875
335.9036852575875	874.7340087890625	217856.765625
255.92649897954325	1396.22998046875	217260.71875
119.05828376254472	1009.260009765625	215917.25
286.80701779531046	299.1050109863281	215578.296875
700.3058497128006	221.53399658203125	215525.921875
79.92564530772984	1348.27001953125	215438.765625
208.83741508751504	316.86700439453125	214345.265625
157.95045671865157	620.1929931640625	212786.4375
172.11005020926345	275.1809997558594	212771.375
144.0786558946558	347.48699951171875	212075.46875
286.8068599456276	169.61700439453125	211971.796875
133.8751594666873	364.03399658203125	211504.359375
219.9707277024126	988.6500244140625	210419.5
215.19676003665757	220.28900146484375	210377.90625
219.97072741648657	848.14599609375	209775.421875
208.83742143237853	280.2250061035156	208163.125
74.03617998506951	622.72998046875	208125.109375
255.88944418758282	1350.739990234375	208007.84375
213.84220066236952	1393.739990234375	206203.453125
182.08679130678073	593.6209716796875	205972.046875
103.07129552392075	338.4939880371094	205347.828125
130.02665214551538	310.5690002441406	205136.171875
165.00970759350267	443.40301513671875	204562.671875
219.97076615249605	883.6199951171875	203851.890625
253.1162452544685	548.27099609375	203737.578125
208.83738636382094	217.61599731445312	203392.9375
219.97074940683166	645.3909912109375	202252.109375
244.06956195652293	553.2620239257812	201773.234375
240.20912901471758	1371.3499755859375	201494.21875
133.87517075084418	300.34698486328125	201188.34375
300.2667161380635	219.04600524902344	199994.8125
244.0711986135924	464.802001953125	199402.34375
97.99188406468923	766.8720092773438	198481.234375
217.83775643407816	94.4657974243164	198236.59375
196.91317628575854	1418.4000244140625	196042.5
146.02155373279894	641.6019897460938	195354.359375
214.0631143303443	306.6440124511719	194881.1875
303.24935056081057	213.8489990234375	194659.453125
308.76870579708424	1340.4200439453125	194570.0
217.83774800385095	75.32479858398438	193965.625
142.063066856708	408.1409912109375	193861.640625
196.9131764062387	1140.6199951171875	193256.109375
208.8373892724242	140.50399780273438	193222.828125
202.19346399880496	252.47500610351562	192562.515625
178.0478345153237	539.4530029296875	192321.234375
219.970733947134	807.6290283203125	192229.484375
168.85885492756964	1336.52001953125	192076.671875
110.03675158792726	297.8630065917969	191864.890625
135.9804551807136	663.0640258789062	191778.9375
215.8401894327805	1394.989990234375	191567.140625
268.2404224634596	215.0919952392578	190966.921875
119.01636220613898	1384.4599609375	190466.8125
175.96202896906806	1123.6800537109375	189438.8125
133.8751616188374	335.9070129394531	189317.78125
327.19514124523613	1371.3499755859375	189034.046875
208.83740501196561	153.1790008544922	187886.25
208.8374173741208	650.4340209960938	187825.90625
75.0314237404916	334.656005859375	187348.5625
335.9036479443234	942.6580200195312	186798.90625
213.84214767117223	763.1099853515625	186740.921875
250.15690569890344	208.82899475097656	186260.46875
241.21260121905019	217.61599731445312	186092.578125
208.83741891087445	186.09500122070312	185722.625
395.70329213977243	1341.6700439453125	184813.09375
410.41272526991264	206.33299255371094	184186.328125
179.05832730457664	353.93499755859375	183617.796875
166.04821137404184	258.7959899902344	183406.875
208.8374328223369	100.9729995727539	182562.328125
208.83741995229047	173.42100524902344	181899.15625
138.0317142068159	1350.739990234375	181487.859375
167.03467652306384	375.3599853515625	181402.8125
335.90368369127026	1005.3099975585938	181274.6875
135.02491742521065	649.1840209960938	180856.265625
260.0895908257861	1372.5799560546875	180632.75
128.08376877983864	267.62799072265625	180578.265625
208.83739362044545	116.35199737548828	180179.859375
335.90367192753706	984.8740234375	179929.671875
208.87272641998754	10.51140022277832	179756.828125
342.1163581665434	637.8519897460938	179353.65625
186.08927356903936	266.37701416015625	179312.984375
354.3502001429468	210.07400512695312	178872.984375
228.13633507082804	238.5330047607422	178131.65625
219.9707447409056	1034.1500244140625	177963.03125
234.93158869602902	1422.1600341796875	177294.78125
266.11544899352907	241.0240020751953	176512.34375
150.0734969877179	443.40301513671875	176367.34375
73.99979400593514	447.1809997558594	175717.625
102.98798307232195	1332.5699462890625	175125.640625
283.25938501300226	212.56300354003906	174776.15625
166.04781839576546	585.9180297851562	174271.625
208.8727214510503	107.29399871826172	173859.921875
208.87269604799963	1438.6199951171875	173452.921875
368.8893173474772	1331.3299560546875	172723.359375
313.3063729341836	211.3179931640625	172652.21875
156.01719286669348	495.0299987792969	172021.84375
119.93415507801878	831.7109985351562	171556.46875
340.3341532788531	207.58200073242188	170877.453125
219.97073457871699	1272.25	170844.609375
216.04022140807538	606.3740234375	170441.125
384.705184483181	1343.0899658203125	170021.46875
335.903657528313	1044.800048828125	169687.734375
263.92982957461095	375.3599853515625	169161.6875
445.20600193802346	1345.5699462890625	168993.171875
356.17535797993446	241.0240020751953	168757.8125
169.08524303300467	565.8090209960938	168626.046875
313.7386771029351	1346.8499755859375	167974.109375
214.19342155214537	1375.239990234375	167722.09375
335.9036532465115	1019.5800170898438	167564.359375
130.0266704385812	634.0599975585938	166945.765625
306.09526359609384	620.1929931640625	166750.546875
312.176207444524	206.33299255371094	166544.109375
119.05828512046682	524.322021484375	166464.875
267.15868601193586	203.7830047607422	166040.5
81.9236348896743	1348.27001953125	165036.140625
315.93816258165697	1348.27001953125	164741.015625
240.06344441555498	533.1510009765625	164254.234375
246.9686318024752	439.625	164015.609375
187.16533285681132	227.99600219726562	163157.15625
112.02730197367637	466.093994140625	162612.1875
202.04788067102106	570.8740234375	161844.0
223.92225608565232	1322.199951171875	161273.59375
242.22478686190527	1425.9100341796875	161247.015625
133.87515381410742	189.85699462890625	161194.8125
213.84219085574156	1405.3199462890625	161166.0
271.22288445035736	219.04600524902344	160519.328125
114.06810754516661	265.0830078125	159922.359375
102.98800131243074	507.83599853515625	159807.21875
294.1867592794105	203.7830047607422	159475.9375
208.83742498373252	11.768799781799316	159190.53125
143.99030190204772	1354.550048828125	159003.53125
197.06169663220533	582.177001953125	158980.234375
115.06331088595348	583.4240112304688	158090.5625
215.0584111445948	248.73199462890625	157525.390625
170.13074868680226	233.35800170898438	157421.890625
273.89056763577486	1425.9100341796875	157168.875
216.8441656181241	1343.0899658203125	156320.0
158.04400927255045	642.8920288085938	155760.53125
181.87929510170864	1337.93994140625	155574.625
135.96852212348026	1282.56005859375	154379.671875
208.83738881489674	43.70989990234375	154263.859375
134.0135011723803	291.56201171875	152136.265625
215.05597421418392	335.9070129394531	150804.65625
311.90953608078945	1420.9100341796875	150291.421875
146.0579330837447	319.55499267578125	150242.671875
215.84017241001357	1439.8800048828125	150150.125
179.88108533362308	1334.0	150121.734375
133.87514858174754	165.80999755859375	149825.390625
326.19179907265686	205.03599548339844	149165.359375
201.96470474551816	1331.3299560546875	148848.59375
244.11399765530822	370.33099365234375	148808.046875
133.87517074379593	136.74000549316406	148662.734375
682.3044696327788	222.96200561523438	148579.8125
181.0409878999357	376.6520080566406	148392.34375
130.02665675872763	442.1189880371094	147507.375
380.2595379239665	1357.06005859375	147473.875
219.9707881671137	1411.9300537109375	147368.203125
99.97391433673408	605.0800170898438	147259.078125
259.78954723603465	1348.27001953125	146928.140625
133.8751555983857	285.26800537109375	146440.78125
79.98107297676296	1355.780029296875	145716.65625
327.32206232731926	210.07400512695312	145069.6875
251.04406054756396	55.0807991027832	144411.765625
219.97074786825834	1159.010009765625	142483.484375
214.9711747507441	1357.06005859375	141664.9375
112.05244727582347	351.2449951171875	141450.109375
157.9623023992191	1424.6600341796875	141122.640625
396.3967303762355	207.58200073242188	140775.140625
218.06132901876032	246.23500061035156	140143.921875
179.82260927356987	1336.52001953125	140031.953125
174.10042813171464	635.3099975585938	139637.53125
130.0266543818484	700.864990234375	138659.015625
386.1729636949615	242.27099609375	138565.28125
382.3814564669728	206.33299255371094	138341.40625
326.19183107236825	1425.9100341796875	137508.34375
220.5699155100286	652.9739990234375	137042.765625
142.09944161164287	246.23500061035156	136367.703125
151.02450561596677	487.4939880371094	136142.46875
251.04408183058808	107.29399871826172	136115.15625
275.88783194967334	806.3759765625	135547.84375
201.95236551348157	1402.8299560546875	135363.625
161.0688036984901	611.3690185546875	135222.234375
208.83741077271193	721.0479736328125	135030.921875
170.85692720419436	627.77197265625	134627.5625
214.84553124519962	1339.1800537109375	134483.90625
189.0426945953664	355.18701171875	134128.453125
243.18363821621816	255.00900268554688	134114.765625
251.04405981019102	167.10899353027344	133427.96875
180.0634856547358	565.8090209960938	133240.171875
224.14154240924904	219.04600524902344	132617.484375
408.39699901267096	206.33299255371094	132513.96875
210.10221766289203	230.4949951171875	132483.75
310.2875920234013	208.82899475097656	131973.59375
314.817973311434	1343.0899658203125	131671.328125
196.0929013180155	305.3559875488281	131501.96875
137.87033339061418	1337.93994140625	131160.15625
312.17627304376987	1428.5	130372.703125
452.45968579984446	206.33299255371094	130070.3984375
243.11084007764228	394.2699890136719	129907.515625
131.93849131633996	1384.4599609375	129695.4453125
125.99865985831703	518.0689697265625	129608.3203125
111.04322661906858	554.5089721679688	128991.2265625
189.08310732409652	495.0299987792969	128790.7265625
123.03208438277662	409.3919982910156	128707.8203125
316.8154121483876	1343.0899658203125	128284.6953125
213.11153068650316	1363.6199951171875	128110.921875
251.04406603504492	7.999370098114014	127958.828125
211.93902085157964	603.8330078125	127212.8515625
179.82261310814823	627.77197265625	127130.0
199.16541993585278	224.20799255371094	126881.09375
251.0440123344285	36.14690017700195	126362.7421875
295.14229945225054	207.58200073242188	126345.0078125
214.15699181478513	238.5330047607422	126330.4921875
438.09415441416377	434.59100341796875	125555.6640625
100.01583422967101	622.72998046875	125408.9140625
386.7030293263014	1337.93994140625	125078.6796875
140.94541643324234	1357.06005859375	124632.9140625
238.0877212687386	231.9290008544922	124483.6328125
98.03655374918927	314.3210144042969	124479.65625
72.02050263788799	555.7579956054688	123482.265625
112.02729822004356	495.0299987792969	123260.1484375
391.7074647995134	1346.8499755859375	123229.7578125
159.01679597904717	705.9119873046875	123041.890625
288.2301746631099	219.04600524902344	122444.40625
101.01113178649744	445.8970031738281	122343.4140625
150.0680937439994	281.4750061035156	122127.40625
122.07316991226607	270.1289978027344	121461.484375
170.02157510245172	1348.27001953125	121126.515625
335.9036511621767	1183.530029296875	121008.7890625
168.02711136812832	374.11199951171875	120804.34375
201.95236906966986	1423.4100341796875	120537.3671875
335.90369686793014	1143.199951171875	120335.0703125
331.06850472479096	539.4530029296875	120152.09375
168.96814345742763	1331.3299560546875	120046.4921875
500.15646156132743	1357.06005859375	119471.1875
335.90368631763425	1204.239990234375	119263.1484375
114.06810951073805	292.8500061035156	119063.28125
209.10534256262312	418.22900390625	118984.8046875
251.04409519760515	141.75799560546875	118424.703125
128.01095895267207	404.3500061035156	118419.65625
100.01585779662653	319.55499267578125	116460.9375
307.05711181650344	597.4119873046875	115669.28125
295.18677645031374	222.96200561523438	115405.390625
308.04120242400717	572.1220092773438	114849.75
116.94065656155199	1432.260009765625	114318.875
108.057461380209	282.7669982910156	114243.0703125
255.15534986920835	229.2449951171875	113392.1484375
387.1891876493407	238.5330047607422	112961.0234375
248.9663761723229	442.1189880371094	111590.9140625
238.08778790092228	248.73199462890625	111463.5546875
260.0895617332329	1410.6800537109375	111338.734375
183.05326866897394	266.37701416015625	110297.375
192.0635010565228	559.5650024414062	108541.453125
275.10066902442276	531.9019775390625	107791.96875
161.97219710148858	1343.0899658203125	107703.234375
117.07902051644298	462.26300048828125	107513.65625
227.11592219277884	401.81201171875	107494.3125
161.08411152814713	141.75799560546875	107269.0078125
335.9036842096801	1227.300048828125	106971.7421875
136.0579214181816	387.989990234375	106499.0859375
221.06888003127875	351.2449951171875	106400.7734375
299.76822981193163	1335.239990234375	106231.078125
134.99904455265602	389.2380065917969	106201.1484375
174.08922074447236	300.34698486328125	105754.28125
229.16785193600043	265.0830078125	105586.4609375
219.95725724187952	1323.6300048828125	105505.1640625
143.0582646402236	453.47198486328125	105476.1875
187.10386033890308	390.4859924316406	105188.4609375
335.903661284022	1258.1600341796875	104980.6484375
174.97723485491525	1346.8499755859375	104367.9296875
265.9275010742271	374.11199951171875	104297.7734375
240.07470257737896	210.07400512695312	104009.8359375
347.0632708702765	541.9530029296875	103572.3203125
198.12575212487764	241.0240020751953	103473.5078125
115.06332012175135	393.0220031738281	103254.34375
161.0841137350378	74.07050323486328	103198.4609375
136.05794150599422	444.64898681640625	103115.6171875
613.8045646383265	1312.0999755859375	102784.796875
177.9433232689954	1354.550048828125	102670.53125
319.86543280054667	851.9530029296875	102382.5625
161.08411711966818	168.36300659179688	102337.8984375
115.90901948076551	1335.239990234375	102271.2265625
613.8047352175037	1330.0899658203125	102021.3671875
250.9887797265871	421.97100830078125	101494.9296875
366.3500101377352	207.58200073242188	101437.2109375
286.2872741212427	234.60800170898438	101421.640625
90.94797619564501	1328.8399658203125	101404.5859375
170.09440526448452	273.9289855957031	101355.46875
290.0640357755745	552.0150146484375	100825.2109375
138.03172555701502	280.2250061035156	100375.40625
287.919230200995	606.3740234375	100350.21875
212.17773303952657	222.96200561523438	100085.2890625
126.0316903715083	351.2449951171875	99796.28125
161.0688109910764	577.1480102539062	99535.7890625
109.02889027608943	1388.4100341796875	99449.53125
194.05792039800914	280.2250061035156	98881.8203125
315.1473187153254	1344.3299560546875	98833.1484375
106.0265207581416	543.2030029296875	98756.78125
375.73957827030523	1344.3299560546875	98028.6875
178.09945904946628	239.7790069580078	97947.96875
169.0739375812996	434.59100341796875	97821.078125
136.0579262579429	473.625	97572.4765625
110.05922266711272	414.4389953613281	96847.5625
287.2461558100107	247.48399353027344	96737.2578125
254.96413994834444	376.6520080566406	96559.109375
207.0896064430988	294.0950012207031	96482.7734375
145.05278470203237	401.81201171875	96334.6171875
170.09441596753015	255.00900268554688	96167.2890625
172.01380523206274	608.8699951171875	96046.1171875
507.8393627800328	1319.699951171875	95969.71875
119.94928540711604	707.2059936523438	95965.96875
188.17773946530662	255.00900268554688	95767.5234375
157.95142713886298	1398.9100341796875	95475.5390625
164.03216221772726	651.6840209960938	95308.5234375
142.09943982996072	262.54400634765625	95256.546875
168.96808789502458	1323.6300048828125	95169.4140625
242.18840342507605	222.96200561523438	95129.5390625
105.04248624428672	1047.3699951171875	95020.2109375
105.04248893883498	700.864990234375	94812.6484375
313.92168709586156	1331.3299560546875	94465.09375
369.36886994897196	210.07400512695312	93727.640625
193.1103830676762	286.5610046386719	93625.265625
633.8002979811358	352.49700927734375	93434.765625
382.70716313948384	1336.52001953125	93308.8515625
251.100608602491	579.6820068359375	92575.390625
441.13966141273016	655.4739990234375	92107.5703125
79.97364974965424	1422.1600341796875	91668.9609375
189.06379650017118	585.9180297851562	91470.9609375
172.03729664390403	590.9429931640625	90975.96875
135.87231287442663	745.3809814453125	90539.5390625
100.0886321926455	242.27099609375	90521.7421875
187.05624628086642	577.1480102539062	90495.6328125
209.105347308474	243.55499267578125	90441.3671875
200.14137091202187	243.55499267578125	90340.15625
105.04249360937571	714.7490234375	90043.5234375
121.0738888456164	681.9439697265625	89074.4453125
188.10494831857469	265.0830078125	88846.1953125
262.12041621988726	1346.8499755859375	88560.7578125
133.03752758296093	612.6179809570312	88426.0
84.04313736929066	515.3400268554688	88340.5390625
133.87515185730174	32.30039978027344	88255.9375
216.1474443834373	366.5799865722656	87733.5625
226.15699536025332	237.28700256347656	87675.859375
270.1467884872618	219.04600524902344	87534.828125
180.06343532976115	611.3690185546875	87504.53125
328.334430203166	231.9290008544922	86842.015625
242.11557449549247	266.37701416015625	86758.2421875
187.08457327417904	405.5989990234375	85893.3828125
236.17774374166297	234.60800170898438	85890.140625
177.82463689090142	1341.6700439453125	85141.0703125
161.08411159596128	25.98509979248047	84973.4140625
405.74805530237865	1341.6700439453125	84334.2265625
89.05542421295779	386.7409973144531	83472.78125
177.82467201341404	627.77197265625	83220.8359375
228.80102664478918	606.3740234375	83128.828125
117.07899000517287	376.6520080566406	83095.25
73.97640740949277	639.1010131835938	83010.5
164.0838453326079	265.0830078125	82965.0625
161.08413027312008	7.999370098114014	82088.453125
232.09474571540144	483.7040100097656	81767.65625
138.05666529872715	305.3559875488281	81471.5625
166.0478347618188	570.8740234375	81456.4921875
354.20763822964904	1429.75	81367.0234375
402.16784798631284	247.48399353027344	80713.3046875
181.07403039487846	592.1929931640625	80539.09375
131.05822984865523	577.1480102539062	80396.5078125
200.10501809687972	278.9750061035156	80295.1796875
191.04449877495728	463.552001953125	80201.296875
188.10497540324843	500.072998046875	80064.7578125
236.9284819886457	1371.3499755859375	79785.109375
221.09002093289223	481.1629943847656	79138.7421875
113.05892028229759	500.072998046875	79033.90625
148.0735967044247	380.40301513671875	78466.9921875
252.1053052236436	444.64898681640625	78344.5
228.8009837795351	1337.93994140625	78283.296875
172.85509743524347	1334.0	78008.8125
209.94197038043586	1419.6600341796875	77822.828125
103.07127841274682	325.81298828125	77568.4140625
89.99492985353767	705.9119873046875	77433.5078125
182.0216825493412	693.3179931640625	77403.734375
79.92564812579138	625.22802734375	77199.671875
298.1603658833111	205.03599548339844	76975.40625
150.10447079345815	257.5480041503906	76811.9140625
143.92457657002453	1345.5699462890625	76731.296875
190.9501538648008	1334.0	76215.9609375
179.98268890862118	1340.4200439453125	75834.578125
419.1662393792809	253.76199340820312	75622.8046875
181.94217456429746	512.8410034179688	75314.6640625
438.44335293770445	207.58200073242188	75274.6484375
229.87855689364977	1339.1800537109375	75191.6015625
179.97030165924073	1422.1600341796875	74863.0390625
98.07294497514528	404.3500061035156	74541.953125
308.1585518614946	496.3240051269531	74495.25
150.03168935605132	302.8710021972656	74450.71875
258.2197606019099	221.53399658203125	74310.6171875
184.14635733407403	238.5330047607422	74155.4609375
186.12569359906024	258.7959899902344	73839.71875
494.5069216342716	207.58200073242188	73110.609375
105.04249837275754	736.3829956054688	72846.703125
160.11002713772737	352.49700927734375	72385.3515625
100.93279560563622	825.3560180664062	72198.921875
210.16212496134176	230.4949951171875	72189.0859375
410.11550982087425	253.76199340820312	72025.203125
270.1216702367448	352.49700927734375	72023.765625
103.03487189490421	421.97100830078125	71880.5625
119.01198921857788	1331.3299560546875	71735.1640625
277.0562619850313	338.4939880371094	71732.0234375
258.1833247421562	220.28900146484375	71374.3828125
252.986523845952	419.47601318359375	71057.828125
181.82026712303704	1331.3299560546875	70834.5859375
161.09373806528083	389.2380065917969	70763.734375
131.0663068092636	376.6520080566406	70694.5078125
268.1511461868277	205.03599548339844	70528.7421875
139.86745332678612	606.3740234375	70363.71875
146.11925901684978	253.76199340820312	70083.5859375
411.41593669319064	206.33299255371094	70075.828125
260.0806737740085	491.2430114746094	70003.5625
208.08486952737363	526.8660278320312	69938.046875
105.04249580726965	776.989013671875	69800.0
152.0473680542608	482.41400146484375	69692.1171875
218.842651669522	1336.52001953125	69600.109375
236.14138499138946	227.99600219726562	69142.0390625
230.22466799093266	243.55499267578125	69137.96875
180.01883876126058	334.656005859375	69116.0703125
218.03717750495423	606.3740234375	69110.1953125
259.105582727576	349.9930114746094	68965.8671875
239.1022913050745	491.2430114746094	68627.296875
132.07866131622976	292.8500061035156	68165.546875
157.95137416544765	1422.1600341796875	67819.953125
77.01884138701875	380.40301513671875	67684.6328125
147.97325045316487	1226.0	67468.796875
245.06651077776297	611.3690185546875	67453.2578125
169.96892112467452	1334.0	67295.1796875
270.1580829844411	349.9930114746094	67207.8046875
194.06144794354512	233.35800170898438	67124.8359375
208.03948730925651	275.1809997558594	67090.8125
258.07405193697525	546.9819946289062	66936.171875
87.03972345895718	396.81298828125	66756.4921875
232.0948011988881	275.1809997558594	66503.625
273.23866255895575	222.96200561523438	66483.9296875
931.6983692313014	466.093994140625	66392.8125
260.0895502635851	1427.199951171875	65849.109375
311.18517398360376	1384.4599609375	65748.0859375
202.1207084977052	260.04400634765625	65653.9765625
177.10824334086442	277.7250061035156	65634.921875
146.98620970894515	1337.93994140625	65577.5078125
537.2739802865007	278.9750061035156	64898.69140625
128.01099397483762	364.03399658203125	64473.609375
343.09520634309234	390.4859924316406	64396.921875
352.3346532709144	208.82899475097656	64159.3828125
197.10515342766303	351.2449951171875	64158.546875
239.8992596000209	845.593994140625	63784.83203125
435.8624959407708	1437.3299560546875	63722.3125
163.98784058651384	1317.1600341796875	63453.85546875
207.04695474942253	273.9289855957031	63216.50390625
195.05315220305653	366.5799865722656	63134.57421875
207.08961639121327	384.197998046875	63031.546875
261.12129410227567	468.5920104980469	62887.328125
208.83743246286542	774.4810180664062	62685.07421875
351.87752802808404	548.27099609375	62484.24609375
146.09432590148586	278.9750061035156	62440.8984375
275.11933699956836	252.47500610351562	61426.6953125
147.9732527403312	1282.56005859375	61403.52734375
536.5534858533883	206.33299255371094	61086.91015625
154.08731815644686	420.72198486328125	60794.95703125
269.93159950522505	1327.4100341796875	60754.18359375
147.97325888396645	1186.0999755859375	60664.9765625
146.0943203467344	260.04400634765625	60641.515625
240.06708632182833	238.5330047607422	60622.2578125
105.04247848145693	801.3610229492188	60614.1328125
230.06439117411313	393.0220031738281	60380.09375
245.24363270826998	242.27099609375	60373.3671875
299.18470017942957	437.1319885253906	60257.3515625
162.0893698429013	311.8179931640625	60069.75
153.0095603706335	486.2449951171875	59708.66796875
171.9501146908995	811.47802734375	59131.27734375
136.03882408487803	518.0689697265625	58899.7578125
134.09434719395412	316.86700439453125	58624.91796875
566.205139672974	226.7480010986328	58601.42578125
120.03081989020508	622.72998046875	58394.34765625
393.98471685862586	374.11199951171875	58317.92578125
256.1788445855767	261.2950134277344	58115.05859375
275.10050306724514	550.7659912109375	58095.23828125
298.0545753298438	227.99600219726562	57528.14453125
136.01063841450625	291.56201171875	57384.04296875
325.30653545878766	207.58200073242188	57345.80078125
125.91265532888313	1336.52001953125	57321.35546875
184.01201533375794	1348.27001953125	57314.5625
402.87811081479833	174.67599487304688	57203.703125
150.06721851211142	442.1189880371094	56884.75390625
180.078746212701	257.5480041503906	56797.328125
125.01464100491033	644.1420288085938	56651.69921875
113.03063304054281	553.2620239257812	56616.48046875
152.06847386041446	592.1929931640625	56455.3125
251.0794835882072	306.6440124511719	56236.14453125
456.1045570320528	506.406005859375	56108.7109375
466.47497551662144	203.7830047607422	55902.890625
73.99980432467132	1346.8499755859375	55612.296875
513.8397344002002	1433.52001953125	55374.6328125
547.8315819338047	1314.6099853515625	54944.109375
363.05838263972925	630.27099609375	54897.94140625
298.09315454675766	390.4859924316406	54832.08984375
230.13485546060934	320.8059997558594	54731.765625
168.15143110410335	239.7790069580078	53955.53515625
228.1726994845862	231.9290008544922	53884.69921875
136.02585661677105	650.4340209960938	53769.234375
370.38139532656066	230.4949951171875	53764.29296875
152.03346530784128	540.7030029296875	53689.14453125
362.88447292691995	1434.77001953125	53572.35546875
259.0328737394165	224.20799255371094	53506.8203125
73.97641257474724	765.6179809570312	53450.30859375
231.13011858395058	356.4830017089844	53412.15234375
222.06749163954967	670.6079711914062	53322.8515625
180.0634980545422	534.4019775390625	53111.87109375
198.062538966792	582.177001953125	52889.74609375
92.94618114656828	1331.3299560546875	52802.5234375
251.91714751371939	1317.1600341796875	52744.04296875
297.1073796544021	443.40301513671875	52713.90234375
127.04625468198428	421.97100830078125	52663.51953125
169.04570552013027	521.8200073242188	52572.93359375
243.21997271381684	246.23500061035156	52158.23046875
226.1934486278256	235.85499572753906	52089.84375
202.15701228402745	237.28700256347656	52075.78125
267.9363750859676	1331.3299560546875	51954.30859375
332.05235634310594	589.6959838867188	51709.78125
343.8966900318793	374.11199951171875	51597.078125
175.08449660624586	530.6519775390625	51589.890625
259.94957434414454	1328.8399658203125	51462.296875
173.05927747647283	277.7250061035156	51317.27734375
384.1216056522191	580.9299926757812	50913.3828125
143.06633929772767	577.1480102539062	50911.30859375
73.97639947404188	821.594970703125	50815.90625
138.06811899298646	320.8059997558594	50789.07421875
226.12074120588238	251.22799682617188	50722.3046875
163.98976160650548	226.7480010986328	50375.8046875
138.0591062425727	305.3559875488281	50110.32421875
233.09007267595328	526.8660278320312	50031.74609375
251.15221851577985	234.60800170898438	49985.33984375
222.16217135110125	1374.0	49951.29296875
272.27163678556985	235.85499572753906	49907.2890625
136.0522339595801	443.40301513671875	49890.9140625
373.8751587437023	1433.52001953125	49627.8515625
142.09948267946865	275.1809997558594	49179.5625
159.06128048748585	1414.4300537109375	49084.3359375
169.00455995421214	645.3909912109375	48700.69921875
232.09480565999147	291.56201171875	48692.0
181.0715773197871	389.2380065917969	48249.88671875
208.03722157189142	342.25	48197.5546875
188.84687315148327	1331.3299560546875	48172.66796875
238.05124368984283	281.4750061035156	47923.71484375
244.1311676465242	251.22799682617188	47734.484375
374.89203567147035	844.3400268554688	47517.3828125
414.4296103443125	337.20001220703125	47407.9453125
188.1413928712885	231.9290008544922	47245.91796875
147.02492287904894	406.8919982910156	47035.53125
192.1363077294289	277.7250061035156	47014.94921875
228.06357711214275	548.27099609375	47009.3046875
75.03956224488523	439.625	46774.546875
345.8949717842733	375.3599853515625	46690.07421875
407.87711808989934	773.2269897460938	46342.2890625
196.14648420439175	227.99600219726562	46327.76171875
280.1708094829761	205.03599548339844	46206.5390625
345.12130567533217	349.9930114746094	46107.29296875
213.0826179646053	246.23500061035156	46106.81640625
124.97818316736027	1313.3499755859375	46005.5625
389.8648714314718	1431.010009765625	45999.05078125
87.00091395146148	1330.0899658203125	45916.28515625
334.0844507032639	247.48399353027344	45876.58984375
152.01434585065797	386.7409973144531	45674.80859375
243.07453995472594	231.9290008544922	45631.90625
264.1109761773997	357.7340087890625	45578.46875
357.1788620955725	242.27099609375	45523.3359375
377.73760588687173	1341.6700439453125	45424.5546875
200.05089857300555	235.85499572753906	45011.421875
161.06887376966498	463.552001953125	44931.01171875
541.82688859259	1437.3299560546875	44879.8359375
191.05829016013934	525.572021484375	44403.62890625
159.05314264193285	1327.4100341796875	44205.73828125
155.04436928623042	562.0609741210938	44200.17578125
174.12559646018272	266.37701416015625	44014.359375
222.1621163697901	241.0240020751953	43865.1015625
313.1025708064297	473.625	43832.8046875
238.00299593913437	440.87298583984375	43749.4375
123.05142822270705	405.5989990234375	43531.8828125
172.9763199150396	514.0910034179688	43519.76171875
73.97640115615313	836.72900390625	43199.97265625
206.04272641562272	687.0280151367188	43189.3515625
354.86053733591416	375.3599853515625	42916.921875
112.00733584487458	1330.0899658203125	42790.12890625
381.0718459974603	394.2699890136719	42747.7890625
141.92663720390118	627.77197265625	42728.5
125.97904521356483	1324.8800048828125	42686.1328125
260.10892325406695	434.59100341796875	42572.4375
220.05835408693056	601.156005859375	42463.18359375
255.04849671671658	333.406005859375	42350.26171875
191.07947554844102	582.177001953125	42117.5
203.09487130425455	291.56201171875	42027.06640625
186.97867436579972	1324.8800048828125	41995.6875
152.9731617635074	1322.199951171875	41945.6640625
167.0283706796631	375.3599853515625	41873.37109375
469.86208945926654	1322.199951171875	41595.66015625
143.92452349499052	629.02197265625	41510.671875
146.12184799758532	253.76199340820312	41399.5
449.181339430939	239.7790069580078	41273.60546875
214.97129997909138	266.37701416015625	41193.59375
215.06649751820797	308.0719909667969	41117.12109375
147.1341059780497	276.4739990234375	41084.5703125
212.11622072293304	423.2560119628906	41014.15234375
299.20980456845945	227.99600219726562	40958.1171875
302.2098719431559	225.45599365234375	40829.16796875
578.6000161024128	202.48599243164062	40714.3671875
203.05124061490335	437.1319885253906	40588.22265625
179.07944504962654	538.2050170898438	40423.81640625
191.02320705776773	313.07000732421875	40379.94140625
270.05684811586497	390.4859924316406	40306.19921875
104.03592746496206	472.3389892578125	40255.421875
159.9326511163329	850.6539916992188	40134.1015625
145.11030286558358	587.1640014648438	40114.1015625
360.08537968008824	393.0220031738281	40070.95703125
75.06782844931	1017.030029296875	40029.64453125
187.04812336564092	443.40301513671875	39707.06640625
272.0024591649498	235.85499572753906	39555.5234375
372.1685068415554	1419.6600341796875	39531.41015625
256.9621800144013	375.3599853515625	39528.390625
245.96371030390964	371.5790100097656	39521.64453125
173.99895361054087	265.0830078125	39322.875
412.42826957508345	225.45599365234375	39134.65234375
114.04295528633406	197.468994140625	39064.2421875
451.8489369326928	1326.1700439453125	38958.66015625
409.3997852318167	206.33299255371094	38801.6640625
176.08793348797607	461.0140075683594	38797.5703125
200.03223574457584	599.9080200195312	38714.05078125
119.99985091874166	226.7480010986328	38291.5859375
205.09505234913297	454.72198486328125	37897.24609375
450.44333953593423	203.7830047607422	37879.6171875
118.08803118213635	284.0169982910156	37788.74609375
100.93286354600484	224.20799255371094	37721.00390625
418.2102953103975	249.97999572753906	37493.4453125
234.8510789984107	1343.0899658203125	37459.6796875
80.94637515349552	356.4830017089844	37334.75
522.537590415881	203.7830047607422	37171.1875
266.0902301524416	602.4030151367188	37060.515625
159.94187656006622	705.9119873046875	36946.1015625
127.03817118457646	1429.75	36881.5078125
191.02308882185932	398.06298828125	36836.265625
204.09998822715144	266.37701416015625	36746.14453125
194.02494132656403	287.81201171875	36718.4375
310.10957252695147	568.3770141601562	36510.796875
195.07808179029897	337.20001220703125	36495.5625
268.0948131839337	272.6340026855469	36309.515625
402.3764487644	1314.6099853515625	36166.1640625
215.15234941912686	286.5610046386719	36127.64453125
172.8550929472441	627.77197265625	36068.76171875
271.1057323850545	1394.989990234375	36006.640625
161.85663652398495	625.22802734375	35805.4609375
236.92840899137366	715.9990234375	35757.4453125
164.04745659850317	272.6340026855469	35620.234375
203.05128394737196	424.5039978027344	35521.2265625
205.06678010350564	582.177001953125	35484.578125
313.1795830907735	203.7830047607422	35266.7578125
160.89418198517598	510.3380126953125	35132.6015625
196.04071556969865	405.5989990234375	35111.11328125
134.05795603204044	375.3599853515625	35080.25
389.8646120558636	714.7490234375	34859.81640625
231.02028290676168	357.7340087890625	34565.37890625
162.12568329999195	316.86700439453125	34539.63671875
467.4115795593783	332.156005859375	34506.0546875
120.07859844757513	442.1189880371094	34475.72265625
402.8773377950723	1436.030029296875	34427.140625
242.02297865301443	420.72198486328125	34307.1796875
90.94797742872694	247.48399353027344	34247.703125
207.93624761328584	630.27099609375	33913.578125
112.08297837369187	419.47601318359375	33872.87109375
352.86237901291963	376.6520080566406	33769.92578125
410.11558019357176	163.30099487304688	33764.23046875
89.04729364914142	225.45599365234375	33625.42578125
188.08788541081603	433.34100341796875	33449.8203125
134.9990084555632	617.6950073242188	33388.3046875
84.05707415426734	400.56298828125	33348.55859375
566.0551223987587	645.3909912109375	33121.7890625
255.0777113410082	511.5889892578125	32911.6171875
185.14980710496485	227.99600219726562	32885.4140625
785.1569799947736	505.1130065917969	32828.75390625
165.079031447995	498.822998046875	32489.642578125
170.06936665360269	457.2650146484375	32166.740234375
127.96026764889017	394.2699890136719	31807.728515625
244.20385393948374	233.35800170898438	31666.408203125
128.0278797174914	261.2950134277344	31565.556640625
198.87745632345585	1334.0	31400.583984375
268.167498094613	227.99600219726562	31308.26953125
145.08206323521912	348.739013671875	31149.583984375
124.01371622458555	472.3389892578125	31075.4609375
118.07424753986061	464.802001953125	30963.7734375
149.06901202230873	506.406005859375	30882.587890625
209.0858305452048	394.2699890136719	30876.30859375
176.14135315859497	289.06298828125	30686.69921875
183.0824125642903	615.1539916992188	30520.662109375
207.11064610932888	585.9180297851562	30345.962890625
128.05859328212	126.61799621582031	30331.044921875
144.05337994087233	461.0140075683594	30099.986328125
116.0585532360563	122.62699890136719	30083.6640625
141.04266524531772	273.9289855957031	29948.033203125
151.03036701019957	525.572021484375	29730.6875
196.07370003315373	277.7250061035156	29662.0
172.12127498272537	355.18701171875	29596.1484375
168.11502681325268	261.2950134277344	29425.86328125
269.17411815884503	408.1409912109375	28679.59765625
291.09558688279816	543.2030029296875	28639.44921875
295.0920218165052	442.1189880371094	28345.2109375
213.0251223853731	487.4939880371094	28142.732421875
165.0427018349898	466.093994140625	27993.6796875
141.04024220378213	637.8519897460938	27777.923828125
250.7892839885593	1332.5699462890625	27360.294921875
931.694197880724	1309.5899658203125	27285.638671875
117.90739396511408	187.3489990234375	26917.900390625
370.86558971766476	1063.0	26771.1640625
271.12081627012776	362.7820129394531	26755.572265625
121.0739084399081	458.5150146484375	26636.7734375
181.03766035591312	415.69000244140625	26592.158203125
101.0555742695991	358.9849853515625	26562.57421875
153.0426592907683	567.0880126953125	25814.125
338.21298009959435	202.48599243164062	25786.990234375
267.9248058512022	374.11199951171875	25780.115234375
191.0172095572241	488.74200439453125	24777.259765625
287.0784405856062	447.1809997558594	24273.109375
356.8794425561604	1414.4300537109375	24257.380859375
114.04293505831228	895.2139892578125	23955.015625
218.1155991476478	267.62799072265625	23668.853515625
170.05799242731197	1406.75	23549.17578125
71.03646618267014	1018.3300170898438	23141.833984375
84.04313372753474	1425.9100341796875	21689.55859375
495.50968379718563	207.58200073242188	21398.1171875
256.1312593616155	238.5330047607422	21275.119140625
274.8978002002941	819.0460205078125	20682.779296875
183.87728379900162	1327.4100341796875	20404.1640625
192.1152377274342	244.802001953125	20024.27734375
270.11021192649235	1331.3299560546875	19979.623046875
314.31888530625406	235.85499572753906	19594.326171875
195.04606117906837	659.27197265625	19516.0703125
140.0085788171902	623.97900390625	18802.982421875
164.0475179841712	241.0240020751953	18469.90234375
172.03723074240312	1436.030029296875	18397.72265625
122.04803322055318	1064.260009765625	18396.66796875
99.96303364030592	704.6619873046875	18093.96875
209.0722642715785	386.7409973144531	17919.853515625
274.897871750019	831.7109985351562	17875.634765625
363.8864674162125	1436.030029296875	17776.15625
246.12156244896772	364.03399658203125	17327.388671875
403.1714615709958	246.23500061035156	16882.033203125
204.17276342630532	267.62799072265625	16808.15234375
167.0300329722712	597.4119873046875	16756.365234375
222.05625392176503	235.85499572753906	16738.0234375
187.121134313038	377.9010009765625	16500.140625
327.09343411681374	364.03399658203125	16454.056640625
283.09152830776713	587.1640014648438	16083.203125
101.05557109513077	268.87799072265625	15953.54296875
155.07099642196184	241.0240020751953	15823.2548828125
96.05723886364379	270.1289978027344	15803.8310546875
240.00104680304574	439.625	15456.5703125
256.16765051342423	242.27099609375	15456.0791015625
223.1057744558759	585.9180297851562	15243.150390625
251.94739956941805	399.31298828125	15189.44921875
425.43236182896595	206.33299255371094	15149.5419921875
160.13750349855476	238.5330047607422	14690.5107421875
100.01347355813881	1317.1600341796875	14617.6943359375
143.0945553172215	324.56201171875	14418.478515625
192.96574171057313	1322.199951171875	14217.6279296875
174.02768792866908	277.7250061035156	14136.298828125
253.89145978370453	631.52099609375	14041.2783203125
666.7845900723338	1314.6099853515625	13935.537109375
295.1899048921291	203.7830047607422	13231.3740234375
196.87306487439676	313.07000732421875	12793.291015625
183.08966821625825	76.6229019165039	12722.2109375
124.99603075566812	507.83599853515625	12653.9677734375
443.84532260059956	731.3319702148438	12596.009765625
240.20921855144633	377.9010009765625	12180.826171875
171.0647562662677	125.31999969482422	11792.791015625
146.9780132788946	507.83599853515625	11606.947265625
157.9157043548977	984.8740234375	11155.560546875
133.0568772248804	584.6719970703125	10849.94921875
245.12669032706472	529.4030151367188	10664.326171875
276.0846327280956	519.3200073242188	10564.0966796875
137.03127479843675	548.27099609375	9630.9892578125
141.01776108033846	445.8970031738281	9622.9775390625
296.91422754793183	1000.239990234375	8195.234375
155.97958230957332	1283.8599853515625	8144.697265625
