beer1-file1 0 4545975.500000 263.652008 183.053143  beer1-file3 0 3399421.250000 263.713013 183.053192  beer1-file2 0 5350458.500000 268.333008 183.053181  
beer1-file1 0 733581.625000 510.545990 159.053110  beer1-file3 0 739363.875000 510.014008 159.053158  beer1-file2 0 684928.812500 512.713989 159.053097  
beer1-file1 0 45873.226563 244.824997 105.065931  beer1-file2 0 124818.398438 241.268005 105.065908  
beer1-file1 0 5395698.500000 240.802002 158.057920  beer1-file3 0 5698370.000000 240.755005 158.057932  beer1-file2 0 7268112.500000 240.018997 158.057915  
beer1-file1 0 2385254.000000 629.177979 89.047685  beer1-file3 0 2807567.500000 628.895020 89.047702  beer1-file2 0 2933570.750000 630.638977 89.047713  
beer1-file1 0 157685.375000 258.303009 262.103391  beer1-file3 0 138210.265625 259.598999 262.103362  beer1-file2 0 165586.828125 264.225006 262.103295  
beer1-file1 0 1350903.250000 464.688995 363.154029  beer1-file2 0 1744215.875000 463.546997 363.154139  
beer1-file1 0 937095.000000 465.925995 216.099641  beer1-file3 0 1171002.125000 464.812988 216.099756  beer1-file2 0 992538.687500 467.264008 216.099806  
beer1-file1 0 199350.000000 666.502014 159.064357  beer1-file3 0 223762.484375 666.330017 159.064345  beer1-file2 0 179626.953125 665.856995 159.064462  
beer1-file1 0 244684.000000 661.543030 365.179569  beer1-file3 0 249633.468750 661.307983 365.179777  beer1-file2 0 295852.625000 662.135986 365.179840  
beer1-file1 0 253848.109375 508.066986 227.079292  beer1-file3 0 217916.015625 494.980988 227.079268  beer1-file2 0 261443.031250 506.476990 227.079255  
beer1-file1 0 101424.593750 914.228027 232.129746  beer1-file3 0 151370.359375 915.682983 232.129651  
beer1-file1 0 9172999.000000 473.627991 229.094923  beer1-file3 0 9116767.000000 473.579987 229.095000  beer1-file2 0 8457479.000000 468.498993 229.095007  
beer1-file1 0 39418032.000000 465.925995 225.121091  beer1-file3 0 40440080.000000 464.812988 225.121170  beer1-file2 0 36712000.000000 466.019012 225.121160  
beer1-file1 0 122208.132813 299.079010 258.110298  beer1-file2 0 81199.546875 311.351013 258.110179  
beer1-file1 0 2984941.250000 582.788025 305.073404  beer1-file3 0 2880733.000000 578.666992 305.073518  beer1-file2 0 2842372.000000 581.619019 305.073246  
beer1-file1 0 1776195.750000 585.263000 213.084514  beer1-file3 0 1439790.750000 586.120972 213.084655  beer1-file2 0 1995628.125000 588.023987 213.084616  
beer1-file1 0 2453713.500000 640.403992 344.131811  beer1-file3 0 2677509.000000 642.575989 344.131724  beer1-file2 0 2301074.500000 643.151001 344.131799  
beer1-file1 0 115918.820313 1371.810059 578.142824  beer1-file3 0 138343.906250 1369.890015 578.142863  beer1-file2 0 157245.890625 1369.410034 578.142773  
beer1-file1 0 462193.968750 585.263000 242.042435  beer1-file2 0 614038.500000 586.784973 242.042492  
beer1-file3 0 160850.078125 267.829010 376.149871  beer1-file2 0 184705.531250 274.940002 376.149561  
beer1-file1 0 467547.281250 588.984985 440.172349  beer1-file3 0 505121.281250 589.859985 440.172317  beer1-file2 0 461502.062500 589.262024 440.172125  
beer1-file1 0 767374.562500 274.359985 144.078688  beer1-file3 0 881768.687500 273.181000 144.078744  beer1-file2 0 1123288.250000 279.049011 144.078721  
beer1-file1 0 91735.304688 726.361023 307.083747  beer1-file3 0 148330.343750 727.239014 307.083790  
beer1-file1 0 2508199.500000 421.878998 199.084460  beer1-file3 0 3354368.000000 421.084015 199.084460  beer1-file2 0 2503180.500000 418.227997 199.084413  
beer1-file1 0 2320976.250000 544.156006 279.120609  beer1-file3 0 2369115.750000 542.547974 279.120535  beer1-file2 0 2074260.500000 542.768005 279.120571  
beer1-file3 0 197584.468750 429.828003 271.116521  beer1-file2 0 196828.312500 427.256012 271.116510  
beer1-file1 0 362012.281250 637.931030 267.077701  beer1-file3 0 342254.906250 640.085022 267.077570  beer1-file2 0 276882.250000 641.914978 267.077512  
beer1-file1 0 315070.250000 693.098999 291.043916  beer1-file3 0 347685.031250 694.706970 291.043845  beer1-file2 0 296125.062500 694.771973 291.043868  
beer1-file1 0 245314.609375 376.304993 182.084372  beer1-file3 0 219181.468750 395.614014 182.084400  beer1-file2 0 192665.531250 377.743011 182.084397  
beer1-file1 0 6418742.000000 612.612000 205.064315  beer1-file3 0 5959106.000000 612.395996 205.064291  beer1-file2 0 7416498.500000 612.942017 205.064230  
beer1-file1 0 192862.125000 903.857971 353.147399  beer1-file3 0 201947.156250 907.890015 353.147462  beer1-file2 0 191748.171875 901.062012 353.147412  
beer1-file1 0 306832.343750 447.052002 142.026648  beer1-file3 0 417432.843750 447.268005 142.026583  beer1-file2 0 290589.843750 439.722992 142.026610  
beer1-file3 0 214962.312500 556.297974 576.226959  beer1-file2 0 315052.531250 570.315002 576.226602  
beer1-file1 0 829588.687500 411.661011 301.114734  beer1-file2 0 434099.562500 394.769012 301.114752  
beer1-file1 0 1159607.375000 617.724976 272.100729  beer1-file3 0 1132512.000000 618.838013 272.100727  beer1-file2 0 973137.875000 616.749023 272.100589  
beer1-file1 0 878345.562500 437.014008 176.068503  beer1-file3 0 865959.812500 437.330994 176.068533  beer1-file2 0 751947.937500 434.729004 176.068430  
beer1-file1 0 227737.078125 433.264008 474.172440  beer1-file2 0 417234.125000 423.415985 474.173087  
beer1-file1 0 60688.296875 752.270020 250.062215  beer1-file2 0 61391.257813 751.692993 250.062210  
beer1-file1 0 17283624.000000 594.023987 255.074061  beer1-file3 0 16544381.000000 592.400024 255.074092  beer1-file2 0 14723915.000000 594.338989 255.074011  
beer1-file1 0 1051164.875000 437.014008 289.064401  beer1-file3 0 707897.062500 437.330994 289.064534  beer1-file2 0 455206.406250 434.729004 289.064386  
beer1-file1 0 619553.750000 591.508972 215.079462  beer1-file3 0 561018.125000 591.098999 215.079299  beer1-file2 0 603711.750000 594.338989 215.079452  
beer1-file1 0 223334.875000 231.602005 371.173098  beer1-file3 0 194569.093750 234.175995 371.172910  beer1-file2 0 240155.125000 232.222000 371.173428  
beer1-file3 0 145386.640625 693.465027 332.070508  beer1-file2 0 91369.765625 694.771973 332.070662  
beer1-file3 0 85555.601563 273.181000 252.118713  beer1-file2 0 107097.320313 272.444000 252.118790  
beer1-file1 0 12142362.000000 601.456970 179.079347  beer1-file3 0 11630339.000000 602.338013 179.079336  beer1-file2 0 12043842.000000 601.781982 179.079256  
beer1-file1 0 2041667.750000 569.122009 329.147321  beer1-file3 0 2042214.375000 569.981018 329.147328  beer1-file2 0 1919811.625000 570.315002 329.147214  
beer1-file3 0 191995.765625 885.635010 198.124288  beer1-file2 0 169796.218750 880.218994 198.124271  
beer1-file1 0 10470210.000000 471.002014 275.136658  beer1-file3 0 11265957.000000 467.403992 275.136814  beer1-file2 0 13473845.000000 468.498993 275.136749  
beer1-file1 0 1914935.750000 612.612000 306.092795  beer1-file3 0 1970155.750000 612.395996 306.092808  beer1-file2 0 2307541.750000 612.942017 306.092659  
beer1-file1 0 2168134.750000 596.504028 299.136940  beer1-file3 0 1956807.375000 596.117981 299.136971  beer1-file2 0 2076845.000000 598.062988 299.136744  
beer1-file1 0 326331.062500 647.875000 242.100132  beer1-file3 0 318318.218750 648.794006 242.099942  beer1-file2 0 329070.812500 650.575989 242.100119  
beer1-file1 0 410234.312500 464.688995 204.063426  beer1-file3 0 397745.375000 466.046997 204.063552  beer1-file2 0 414162.000000 474.707001 204.063481  
beer1-file1 0 331810.875000 685.426025 188.032034  beer1-file3 0 267923.406250 685.648010 188.031998  beer1-file2 0 262289.031250 686.000977 188.031991  
beer1-file1 0 448248.000000 504.338989 136.073564  beer1-file3 0 762163.250000 503.777008 136.073640  beer1-file2 0 392781.906250 502.723999 136.073573  
beer1-file1 0 7583292.000000 437.014008 267.131664  beer1-file3 0 8915377.000000 437.330994 267.131658  beer1-file2 0 6873858.500000 437.250000 267.131559  
beer1-file1 0 190240.656250 209.440002 364.244474  beer1-file2 0 281442.406250 206.238007 364.244178  
beer1-file1 0 910449.125000 612.612000 184.083165  beer1-file3 0 1064507.875000 612.395996 184.083132  beer1-file2 0 1023039.875000 612.942017 184.083028  
beer1-file1 0 31686806.000000 536.689026 273.084700  beer1-file3 0 27370818.000000 536.323975 273.084638  beer1-file2 0 49100232.000000 537.812988 273.084596  
beer1-file1 0 2851855.250000 596.504028 211.105565  beer1-file3 0 2148585.250000 597.356995 211.105510  beer1-file2 0 2930517.000000 598.062988 211.105394  
beer1-file1 0 96130.335938 278.272003 147.071754  beer1-file2 0 119153.851563 281.723999 147.071777  
beer1-file1 0 4121128.250000 419.403015 357.105995  beer1-file3 0 4171774.000000 421.084015 357.106050  beer1-file2 0 4008564.750000 416.989014 357.105916  
beer1-file1 0 2021592.125000 471.002014 269.087338  beer1-file3 0 2479922.500000 471.109985 269.087410  beer1-file2 0 2207360.250000 468.498993 269.087509  
beer1-file1 0 278307.375000 509.307007 196.045893  beer1-file3 0 182553.843750 505.019012 196.045965  beer1-file2 0 320710.468750 512.713989 196.045945  
beer1-file1 0 1330942.875000 622.692017 277.079636  beer1-file3 0 1435352.875000 622.562988 277.079728  beer1-file2 0 1466591.750000 624.234009 277.079658  
beer1-file1 0 330151.937500 622.692017 201.063868  beer1-file3 0 396784.187500 625.049011 201.063899  beer1-file2 0 386898.406250 625.479004 201.063871  
beer1-file1 0 19406052.000000 612.612000 164.068534  beer1-file3 0 21853918.000000 612.395996 164.068503  beer1-file2 0 20427772.000000 612.942017 164.068456  
beer1-file1 0 113074.328125 151.145004 136.108159  beer1-file3 0 85582.132813 134.988007 136.108173  beer1-file2 0 105157.390625 126.455002 136.108154  
beer1-file3 0 129180.359375 410.989990 167.115856  beer1-file2 0 134324.531250 385.545990 167.115760  
beer1-file1 0 2742459.750000 414.237000 340.163550  beer1-file3 0 2411116.250000 414.865997 340.163633  beer1-file2 0 3454388.750000 410.562012 340.163412  
beer1-file1 0 3808993.750000 416.748993 247.093224  beer1-file3 0 4359238.500000 419.846985 247.093261  beer1-file2 0 4294309.000000 415.748993 247.093127  
beer1-file1 0 310577.593750 219.744003 390.144250  beer1-file3 0 242814.421875 218.300003 390.144298  beer1-file2 0 265655.375000 221.697006 390.144376  
beer1-file1 0 2836459.500000 478.592987 253.116036  beer1-file3 0 3078773.250000 478.721008 253.116062  beer1-file2 0 2454980.750000 479.684998 253.116070  
beer1-file1 0 431800.843750 376.304993 163.066677  beer1-file3 0 427587.125000 397.167999 163.066666  beer1-file2 0 454655.406250 385.545990 163.066686  
beer1-file1 0 726955.750000 413.002014 213.100043  beer1-file3 0 845143.687500 413.631012 213.100067  beer1-file2 0 795855.000000 410.562012 213.100018  
beer1-file1 0 144182.000000 263.652008 276.119015  beer1-file3 0 73141.125000 266.209991 276.119250  beer1-file2 0 151886.531250 269.580994 276.119160  
beer1-file1 0 169108.656250 214.576004 465.167961  beer1-file3 0 185404.343750 212.975998 465.168126  
beer1-file1 0 375498.375000 465.925995 227.125654  beer1-file2 0 444748.000000 467.264008 227.125575  
beer1-file1 0 196177.906250 264.902008 330.073943  beer1-file3 0 153746.984375 267.829010 330.073974  beer1-file2 0 183267.640625 269.580994 330.073934  
beer1-file1 0 1108296.750000 635.419006 132.053450  beer1-file3 0 979619.625000 638.848022 132.053460  beer1-file2 0 1000296.687500 636.888977 132.053501  
beer1-file1 0 1337853.125000 557.913025 245.089669  beer1-file3 0 1282881.875000 560.020020 245.089742  beer1-file2 0 1190732.375000 559.091980 245.089712  
beer1-file1 0 701185.750000 634.177002 158.043973  beer1-file3 0 738973.000000 632.622009 158.043987  beer1-file2 0 550035.000000 635.640991 158.044050  
beer1-file1 0 1631435.750000 504.338989 254.126451  beer1-file3 0 1893958.875000 505.019012 254.126519  beer1-file2 0 1674994.500000 506.476990 254.126421  
beer1-file1 0 369222.937500 263.652008 184.073542  beer1-file2 0 383658.062500 265.471008 184.073583  
beer1-file1 0 5843606.000000 492.812988 181.037533  beer1-file3 0 6523628.000000 491.183990 181.037574  beer1-file2 0 6979215.500000 493.766998 181.037545  
beer1-file1 0 684909.875000 429.549011 219.100988  beer1-file3 0 557812.500000 427.351013 219.100920  beer1-file2 0 522216.250000 427.256012 219.101219  
beer1-file1 0 306767.093750 632.937012 302.170293  beer1-file2 0 391353.968750 630.638977 302.170339  
beer1-file1 0 382223.250000 508.066986 178.035329  beer1-file3 0 329638.718750 507.536987 178.035414  beer1-file2 0 446998.125000 511.438995 178.035362  
beer1-file1 0 4061988.250000 490.153992 489.184679  beer1-file3 0 4561913.000000 491.183990 489.184847  beer1-file2 0 4656727.000000 492.527008 489.184704  
beer1-file1 0 651977.937500 513.150024 176.079622  beer1-file3 0 565957.125000 512.645020 176.079660  beer1-file2 0 684471.125000 515.187012 176.079621  
beer1-file3 0 123224.789063 273.181000 158.094305  beer1-file2 0 145879.125000 277.803986 158.094287  
beer1-file1 0 11181069.000000 618.963013 131.058250  beer1-file3 0 11828526.000000 618.838013 131.058254  beer1-file2 0 10542964.000000 620.466003 131.058229  
beer1-file1 0 212809.062500 508.066986 257.161157  beer1-file2 0 196893.781250 507.718994 257.161171  
beer1-file1 0 7064591.500000 414.237000 242.090252  beer1-file3 0 5804358.500000 414.865997 242.090311  beer1-file2 0 7157589.500000 410.562012 242.090155  
beer1-file1 0 1369810.000000 560.393005 167.079364  beer1-file3 0 1340644.500000 560.020020 167.079338  beer1-file2 0 910263.562500 560.331970 167.079383  
beer1-file1 0 264159.031250 751.008972 340.174103  beer1-file3 0 245275.437500 749.476013 340.173817  beer1-file2 0 213124.562500 750.239014 340.174016  
beer1-file1 0 187409.453125 623.935974 437.140136  beer1-file3 0 332046.187500 625.049011 437.140421  
beer1-file1 0 906431.500000 443.226013 180.045602  beer1-file2 0 200388.125000 429.735992 180.045642  
beer1-file1 0 7950037.000000 601.456970 197.089938  beer1-file2 0 7775493.500000 601.781982 197.089845  
beer1-file1 0 122917.062500 289.794006 244.092785  beer1-file3 0 162915.234375 286.352997 244.093075  beer1-file2 0 307907.593750 298.283997 244.093112  
beer1-file1 0 1553847.250000 416.748993 224.079712  beer1-file3 0 1758833.250000 417.373993 224.079731  beer1-file2 0 2574820.750000 420.709015 224.079656  
beer1-file1 0 411065.218750 554.109985 142.037865  beer1-file3 0 419536.156250 552.573975 142.037885  beer1-file2 0 286549.500000 556.573975 142.037920  
beer1-file1 0 553333.750000 289.794006 299.147984  beer1-file3 0 487568.437500 286.352997 299.148126  beer1-file2 0 935371.250000 298.283997 299.148161  
beer1-file1 0 490322.906250 251.356995 266.126346  beer1-file3 0 529541.687500 251.393005 266.126284  beer1-file2 0 537235.750000 254.761993 266.126498  
beer1-file1 0 91880.109375 809.203003 121.056129  beer1-file3 0 116832.382813 815.668030 121.056143  
beer1-file1 0 525696.437500 476.100006 188.068431  beer1-file3 0 455759.406250 474.815002 188.068398  beer1-file2 0 400863.562500 473.471008 188.068407  
beer1-file1 0 126965.968750 282.167999 327.130116  beer1-file3 0 83440.046875 282.628998 327.130123  beer1-file2 0 160702.687500 285.459015 327.130278  
beer1-file1 0 6119243.000000 588.984985 169.094913  beer1-file3 0 6139942.000000 588.622009 169.094979  beer1-file2 0 6193420.000000 586.784973 169.094953  
beer1-file1 0 1220540.625000 464.688995 230.089994  beer1-file3 0 1178947.125000 468.639008 230.090061  beer1-file2 0 1612597.750000 458.562012 230.090197  
beer1-file1 0 1194840.875000 497.868988 217.094940  beer1-file3 0 1387403.875000 496.222992 217.095052  beer1-file2 0 575537.250000 517.823975 217.094979  
beer1-file1 0 642203.875000 541.642029 172.084762  beer1-file3 0 693519.250000 569.981018 172.084827  beer1-file2 0 443483.312500 571.556030 172.084702  
