64.0287619254461	1	44056.68485641589	819.7767099892685	0	0	M+2H
65.03094910845222	1	208.92587181782505	824.1110841446335	1	0	M+2H
64.53088450016887	1	41.624112577383855	821.3659126083729	2	0	M+2H
64.5273302692912	1	369.3366546006279	820.8404691409715	3	0	M+2H
65.03351094600993	1	2.3135481874758463	819.2069804444054	4	0	M+2H
65.02880792759504	1	20.0440303568245	821.8831131368706	5	0	M+2H
65.53250964671163	1	9.426208868688832	823.4020132731847	8	0	M+2H
72.54200184036137	1	45033.528130935345	819.799664739987	10	0	M+H+NH4
73.54413660204195	1	194.94984792843402	820.9476375272441	11	0	M+H+NH4
73.0441950311653	1	36.26879509171731	816.6708510089572	12	0	M+H+NH4
73.04070351888333	1	511.83553268667737	818.4345338825785	13	0	M+H+NH4
73.54538874242928	1	57.58863074096901	820.7087648169402	14	0	M+H+NH4
73.54216733228205	1	32.93098219037052	821.3511328484158	15	0	M+H+NH4
73.04518409154979	1	64.31329031287433	819.5457027383293	16	0	M+H+NH4
73.54681023007267	1	3.66985904281915	824.7559478861319	17	0	M+H+NH4
73.0435931079275	1	2955.385574298188	818.3555258284872	18	0	M+H+NH4
84.54203824368352	1	52083.4012114726	820.6730364770228	20	0	M+ACN+2H
85.0439703988451	1	30.879653728677194	814.8217178755968	22	0	M+ACN+2H
85.04058795795719	1	536.7798389612681	818.4911013138493	23	0	M+ACN+2H
85.04517410422437	1	56.9847041387596	820.8048896404987	26	0	M+ACN+2H
85.54530415170879	1	112.16107600988089	821.2184624314906	27	0	M+ACN+2H
106.05755307192246	1	191.269477285749	816.2896365850949	31	0	M+2ACN+2H
106.05533252025391	1	67.79545331082426	817.1404649107334	34	0	M+2ACN+2H
106.559189642608	1	18.14846481441364	820.5283968076864	35	0	M+2ACN+2H
105.55858865993312	1	81.78510373588323	821.0901700682804	37	0	M+2ACN+2H
106.06009155150404	1	6.461489638722096	819.0891737205646	38	0	M+2ACN+2H
105.55707170468489	1	4258.450376553758	821.2403193366142	39	0	M+2ACN+2H
129.05439648785642	1	144.31546809520265	822.8761696401011	41	0	M+H
128.0468877332116	1	356.7709991777022	817.9572769863634	43	0	M+H
129.05053426407633	1	17.70831558181264	822.7867805180782	45	0	M+H
128.05666820295738	1	42.45481203510209	822.5236699388463	46	0	M+H
144.07666704637936	1	56886.117841362575	816.2952581736022	50	0	M+NH4
145.08104658537573	1	37.00650616284049	818.9090331286963	52	0	M+NH4
145.07390342472297	1	540.9530715828138	821.0549586462918	53	0	M+NH4
146.08350513815557	1	57.673495592740004	821.7735097057565	54	0	M+NH4
145.0831301091709	1	60.7200066344139	820.5004358850543	56	0	M+NH4
146.08632924674671	1	3.685789533196576	822.3193039427983	57	0	M+NH4
145.08008059364212	1	2335.393477317924	822.3474486189305	58	0	M+NH4
147.08451246438364	1	10.893034813936794	821.4681500896113	59	0	M+NH4
150.03605852419574	1	41.62421405737112	820.6074036694682	62	0	M+Na
150.02909943402804	1	335.0661979205015	818.5113650094582	63	0	M+Na
151.03264454215332	1	18.444803657065872	821.7028104310962	65	0	M+Na
150.03825420862873	1	38.38206739203202	822.8950815568493	66	0	M+Na
152.03967468201606	1	10.76756298836785	820.2511540698921	68	0	M+Na
151.0395569020712	1	1.7364722325113826	823.0702070667631	69	0	M+Na
159.0763355078904	1	47666.42286944749	821.7084448242815	70	0	M+CH3OH+H
161.0804753270921	1	280.39570254611033	821.7675092847701	71	0	M+CH3OH+H
161.0826129902146	1	97.04829970572938	822.3933918671753	73	0	M+CH3OH+H
160.0733874341362	1	393.5524607672747	824.679422937863	74	0	M+CH3OH+H
161.08615502102847	1	4.07739107692582	820.3281773727952	75	0	M+CH3OH+H
161.077198676538	1	24.596930626669295	822.3125633103012	76	0	M+CH3OH+H
160.08272622984057	1	53.192224601037076	822.7644333784694	77	0	M+CH3OH+H
168.07680287667299	1	40897.82443606875	820.8193807241765	80	0	M+ACN+H
169.08070123322256	1	36.12968061928114	820.7931853618373	82	0	M+ACN+H
170.0863403288526	1	4.182180787469428	823.0800946423396	84	0	M+ACN+H
170.077085774311	1	37.723736559829696	821.4396520525681	85	0	M+ACN+H
47.0309378906674	1	245155.7812457474	1000.2467459191499	90	1	M+2H
48.03307074293166	1	1134.5692167748464	994.2290145679465	91	1	M+2H
47.53302642583337	1	249.0290303179694	1000.1311568627862	92	1	M+2H
49.035257059165524	1	2.56076873951271	998.9590944626184	93	1	M+2H
47.53258617661847	1	7616.303767189745	1001.3145077493298	95	1	M+2H
55.54417917785438	1	218715.53184925532	1000.1433702165691	100	1	M+H+NH4
56.54627273141425	1	1442.2052628068097	1001.333686796584	101	1	M+H+NH4
56.04636397688981	1	249.78662639040175	1000.5403274778515	102	1	M+H+NH4
56.04270749327873	1	849.9798164196884	995.5807850097978	104	1	M+H+NH4
56.54901137542061	1	10.86320922282947	996.9253546085382	105	1	M+H+NH4
56.04743344157097	1	333.92410831692274	998.5690179986219	106	1	M+H+NH4
57.04802944609452	1	47.04794542943166	999.0056728342383	108	1	M+H+NH4
56.54751527160424	1	82.25868665621965	999.1503493990261	109	1	M+H+NH4
67.54407498164421	1	178607.4526568902	997.167031050645	110	1	M+ACN+2H
68.04639578914158	1	247.0278041275304	1001.2699163500602	112	1	M+ACN+2H
68.54442001478994	1	43.60992630837462	997.8070401305293	113	1	M+ACN+2H
68.0427199059194	1	780.3141022265802	997.9530753476491	114	1	M+ACN+2H
68.04731556042846	1	345.51125861719976	995.3621157000808	116	1	M+ACN+2H
68.04600024295422	1	10875.867427934129	1000.3961188323728	117	1	M+ACN+2H
69.04808073200095	1	77.07275887717277	997.2064631062877	118	1	M+ACN+2H
68.54758660939078	1	285.32736261918245	999.8920834715792	119	1	M+ACN+2H
88.05734357057204	1	196901.34352055495	996.1661484781154	120	1	M+2ACN+2H
89.05956678194714	1	1348.7657497168598	999.4692463564078	121	1	M+2ACN+2H
89.56128005080146	1	103.46362702360683	1003.0391659175356	123	1	M+2ACN+2H
89.06228708640039	1	27.062316429925875	998.4230777498259	125	1	M+2ACN+2H
89.0575101176701	1	111.50096692713589	1001.7428089650734	126	1	M+2ACN+2H
88.55913166233762	1	17783.924358970045	996.6733188992903	128	1	M+2ACN+2H
95.0589464140634	1	1242.559619332624	997.5545116677115	131	1	M+H
94.05880261508817	1	257.7163070945813	996.6340332436309	132	1	M+H
94.06086925825812	1	233.0769654115414	1000.026963374594	134	1	M+H
96.0622835157714	1	45.75015762990248	998.107740152153	136	1	M+H
95.06427389805756	1	7.748436870245917	997.2670942574678	138	1	M+H
110.08114621330475	1	227856.02695424255	998.8904629821762	140	1	M+NH4
112.08530212626432	1	1673.205896890264	997.2799081021511	141	1	M+NH4
112.08156748019663	1	28.231686654671602	999.8365957154116	143	1	M+NH4
111.07822817464078	1	816.3994636891899	995.4584644775855	144	1	M+NH4
113.08876681663305	1	46.183517778287765	997.9081932331871	148	1	M+NH4
112.0879259110058	1	83.71405670120873	999.6761990778906	149	1	M+NH4
115.03646272916887	1	201093.63527137056	996.6499969131016	150	1	M+Na
117.0408427257516	1	1701.1833110796335	997.760089039609	151	1	M+Na
116.04069701254737	1	266.4634411050514	1001.5346171700963	152	1	M+Na
116.04303175982743	1	187.02888507770987	1000.1675949618045	154	1	M+Na
116.03972773902207	1	8267.64427154122	999.0100701046732	155	1	M+Na
118.04422090865796	1	50.025509606400576	995.2536039131979	156	1	M+Na
117.04422268533261	1	8.878562827245151	1000.7360726005372	157	1	M+Na
117.04629422077984	1	7.489011790230848	998.3636163780998	158	1	M+Na
117.04325403388715	1	89.92343247764404	995.4468006194237	159	1	M+Na
125.080772953657	1	219580.20565405439	997.4808524662459	160	1	M+CH3OH+H
127.0850958269224	1	1958.3389277817212	997.1510948337623	161	1	M+CH3OH+H
126.08488120669553	1	382.3651909001296	1001.7248307386747	162	1	M+CH3OH+H
129.08924559302721	1	5.477139335520052	997.9973590236661	163	1	M+CH3OH+H
126.08721923990593	1	314.7221426345687	997.7827046758147	164	1	M+CH3OH+H
127.08755297454026	1	164.41321999974426	1001.2785748793071	165	1	M+CH3OH+H
126.08413380125074	1	11337.766204147021	999.4273386046581	166	1	M+CH3OH+H
128.08864000488248	1	81.2557022654761	996.9760556958903	167	1	M+CH3OH+H
127.08849437346586	1	12.81807322345484	997.8735160212503	168	1	M+CH3OH+H
127.09021856089201	1	14.248058624475174	1000.7741132955761	169	1	M+CH3OH+H
135.08543335625947	1	257.3474498195495	999.4497745159654	172	1	M+ACN+H
135.08739611651612	1	295.18106854602604	997.0987757572498	176	1	M+ACN+H
135.08448659232047	1	14831.68784423703	1002.1348900956966	177	1	M+ACN+H
137.08880659309648	1	90.90394488124032	996.9082843047272	178	1	M+ACN+H
74.58332815512927	1	8.192434243003962	1403.6612305947178	182	2	M+2H
74.08925138828336	1	408.4324990554493	1405.8278630029904	183	2	M+2H
75.09121594121801	1	8.038629275146674	1407.4731240381027	184	2	M+2H
74.0878487342242	1	15484.352919342578	1403.4159059551155	185	2	M+2H
74.58660805134373	1	167.80348817185447	1404.5126341289442	186	2	M+2H
74.5895000000675	1	459.91898203256966	1404.5808122460483	188	2	M+2H
75.08814658336091	1	4.803446221713918	1406.5220884363912	189	2	M+2H
82.09960011957314	1	166176.75709740113	1403.3790873705918	190	2	M+H+NH4
82.59806614785903	1	2637.2655034888016	1404.289046671539	191	2	M+H+NH4
83.10112954769832	1	7.426795208188696	1404.2534432982372	194	2	M+H+NH4
83.09962478313719	1	242.37983873791887	1407.7862496377768	196	2	M+H+NH4
83.10286703829586	1	480.61679408128634	1403.2156741708409	198	2	M+H+NH4
83.60461242545578	1	8.11691313124715	1403.8928819193036	199	2	M+H+NH4
95.09658397420807	1	14.473232541359783	1402.9421139452033	202	2	M+ACN+2H
94.60261492184881	1	456.3660844346048	1404.7594017870717	203	2	M+ACN+2H
95.60458346067882	1	20.535750957598577	1403.5801297673727	204	2	M+ACN+2H
94.60116694530211	1	17506.38811326031	1406.3869882408214	205	2	M+ACN+2H
95.10436557285375	1	39.63399379116347	1401.6961924760642	207	2	M+ACN+2H
95.10288910597686	1	832.3341496762341	1404.1176834139997	208	2	M+ACN+2H
95.60146032538856	1	10.502450246419754	1404.668376756402	209	2	M+ACN+2H
114.61262264397189	1	182722.7240573574	1403.6193889130836	210	2	M+2ACN+2H
115.11120355887931	1	3263.5883310627464	1400.9686323626584	211	2	M+2ACN+2H
115.60972548331875	1	20.317906122559737	1404.7772516339928	212	2	M+2ACN+2H
115.11611520510145	1	537.8989686232234	1403.5223661816392	213	2	M+2ACN+2H
116.1178178241155	1	35.75242533532917	1403.8794143242187	214	2	M+2ACN+2H
115.114557911236	1	19581.862901828677	1406.2060382762313	215	2	M+2ACN+2H
115.61309247644687	1	418.41539535730755	1404.251135094344	216	2	M+2ACN+2H
116.11485879936549	1	19.80856835163847	1405.779600238549	217	2	M+2ACN+2H
115.61768836493587	1	65.43646414311478	1405.4618770429565	218	2	M+2ACN+2H
115.61617811343524	1	1160.8415717501973	1405.1366157760406	219	2	M+2ACN+2H
146.1652590015053	1	167195.92372056708	1401.8516270511916	220	2	M+H
147.16229334729908	1	1668.1740122788	1402.8442041703738	221	2	M+H
147.17145958583976	1	354.550813478466	1401.0942110417766	223	2	M+H
148.16568391301013	1	161.08905899419935	1401.6313977284706	226	2	M+H
163.19186965366552	1	178585.17023609983	1405.8151953278975	230	2	M+NH4
164.1979916364814	1	454.699944082002	1404.7799100865839	233	2	M+NH4
165.20127334271183	1	36.205793514802615	1404.187540414786	237	2	M+NH4
165.1985334652052	1	383.3790609498027	1405.0152064850638	238	2	M+NH4
169.14425899219566	1	2079.6275773001407	1401.8088031988468	241	2	M+Na
170.14100030030545	1	6.910805663536844	1403.3437650118017	242	2	M+Na
169.1532534916465	1	421.7159488128816	1405.687061014136	243	2	M+Na
171.156908930924	1	7.769540588316009	1406.842286735873	244	2	M+Na
169.1509685874945	1	11098.307945858944	1403.2559133731147	245	2	M+Na
170.14759823992952	1	134.68595467435807	1406.045333551553	246	2	M+Na
170.15709559057203	1	30.49423811713325	1406.5037062902022	247	2	M+Na
170.15394611298905	1	465.6673419759901	1403.9661756460446	248	2	M+Na
178.1911792559452	1	161702.76624386015	1402.7414475615956	250	2	M+CH3OH+H
180.19554814488077	1	351.54557797211504	1401.4452464121266	251	2	M+CH3OH+H
180.20077420479657	1	44.72942316774135	1402.1066522684393	254	2	M+CH3OH+H
180.1980664042975	1	597.3642883339288	1404.0172142523488	255	2	M+CH3OH+H
179.19777756218988	1	438.75819095970667	1403.534859106436	256	2	M+CH3OH+H
180.19141566387438	1	201.512418603213	1408.4544837036935	257	2	M+CH3OH+H
181.19907567846852	1	29.71985171427367	1405.0591654474588	259	2	M+CH3OH+H
187.19153543712545	1	194722.09417462774	1404.5000387350844	260	2	M+ACN+H
188.18884534867306	1	2536.2474007472406	1401.2228368530073	261	2	M+ACN+H
189.18564285280925	1	14.304225173736333	1403.2077641084957	262	2	M+ACN+H
188.19781625192954	1	527.7667246497914	1403.5608839931767	263	2	M+ACN+H
188.1952608053125	1	17370.240192761787	1402.4643177715575	265	2	M+ACN+H
190.19518310709614	1	14.121876597664453	1403.9288120804886	269	2	M+ACN+H
135.04789721180148	1	153408.45229687085	909.5685152393012	270	3	M+2H
136.04983226966723	1	1365.4303957381744	908.3186288152139	271	3	M+2H
135.54995401795958	1	308.8200183125043	912.0251368737266	272	3	M+2H
136.05148275299211	1	24.654470619866427	913.1562755560228	273	3	M+2H
135.54582500756732	1	1777.850306441546	909.8922421381948	275	3	M+2H
136.05120504404894	1	800.1219612633296	908.0627488571155	276	3	M+2H
136.55138878163783	1	187.23786823800086	908.5910424754246	277	3	M+2H
136.04771907453195	1	256.2273468780142	911.9936058859702	278	3	M+2H
135.55079198439614	1	219.40371067614385	911.5985141583375	279	3	M+2H
144.56592504153417	1	30.159047999168923	908.5699189398541	286	3	M+H+NH4
144.06276160576917	1	15374.96494662361	912.8791906657731	287	3	M+H+NH4
144.5610328070962	1	251.81418443775775	909.4887669305222	288	3	M+H+NH4
155.5606775063709	1	146170.7971478404	914.5359269591358	290	3	M+ACN+2H
156.56333193902304	1	1275.9127835703387	910.2023005112598	291	3	M+ACN+2H
156.0631964119625	1	230.4732918242701	912.5527188175136	292	3	M+ACN+2H
157.06448330667808	1	179.280590157249	912.305950230868	294	3	M+ACN+2H
157.0657122285839	1	42.95748477557205	909.1317679916514	296	3	M+ACN+2H
156.0628639871754	1	16662.72351112868	916.0825308252998	297	3	M+ACN+2H
156.5610760443936	1	312.0491626343	911.3564841928829	298	3	M+ACN+2H
156.064132316948	1	263.762011510121	910.7993477882683	299	3	M+ACN+2H
177.0765138293629	1	1239.4261928018034	911.9014463684516	301	3	M+2ACN+2H
176.576413927072	1	251.66720240427546	910.064684724853	302	3	M+2ACN+2H
177.57809237176173	1	222.32963486375613	909.9438978987961	303	3	M+2ACN+2H
177.07735307238798	1	1354.7481892780008	906.5295912825761	304	3	M+2ACN+2H
176.5727367867998	1	3244.0119441552943	911.7169329944475	305	3	M+2ACN+2H
177.57952580988737	1	60.7192289151472	909.965409698925	306	3	M+2ACN+2H
177.074190598892	1	438.9161388716703	909.564579818682	308	3	M+2ACN+2H
176.57731323837638	1	310.93584167671213	907.6906357042939	309	3	M+2ACN+2H
269.0883065977597	1	134791.02037457254	910.4571261494485	310	3	M+H
271.0921969436431	1	1517.9093422065785	909.0281775433863	311	3	M+H
271.0961466074678	1	31.23202125029429	911.8439437615126	313	3	M+H
270.09166586649906	1	14012.219344373741	914.6157275038838	314	3	M+H
270.0854265836874	1	2173.550470211496	913.4337544019975	315	3	M+H
271.0949234754342	1	690.0203999540379	911.6940334591794	316	3	M+H
272.095679315858	1	137.88994953447155	912.290554053965	317	3	M+H
271.0884148393372	1	243.1219572680827	912.3650362328596	318	3	M+H
270.0944055189792	1	210.40452131384302	909.9866547195036	319	3	M+H
286.1144562804654	1	135428.22461428464	912.4432252195729	320	3	M+NH4
288.1189229745215	1	1499.6084762341345	905.6209142309007	321	3	M+NH4
288.1221961448406	1	27.064525496283963	910.1649127638442	323	3	M+NH4
287.11791661499836	1	13101.088341382921	908.462321840823	324	3	M+NH4
287.11214119686394	1	2758.296770893652	911.0626045627399	325	3	M+NH4
288.1157058176377	1	284.5952813409751	910.513847873752	328	3	M+NH4
291.06966184511367	1	129669.41932444349	912.2414700413373	330	3	M+Na
293.0742476423593	1	1431.8518973340908	908.2632815850031	331	3	M+Na
293.07788390069163	1	31.47717030967227	911.3470940758	333	3	M+Na
292.0666796417072	1	2488.968816963626	912.0216861405501	335	3	M+Na
293.0763610124728	1	684.866292306402	908.870642429198	336	3	M+Na
294.07771370099454	1	182.75230243532638	911.617697066652	337	3	M+Na
293.0705734620198	1	257.3029461792465	911.9956862731467	338	3	M+Na
292.076402595121	1	182.70169468753213	909.2689789297509	339	3	M+Na
303.118533458733	1	1939.930621474991	909.7790885329747	341	3	M+CH3OH+H
302.1186279726768	1	291.5169677167986	910.1070659169998	342	3	M+CH3OH+H
303.1217015102377	1	46.51927722332681	909.8597480959455	343	3	M+CH3OH+H
302.11804781459347	1	17562.342740140568	911.0845812726121	344	3	M+CH3OH+H
302.11155250729627	1	1970.3137592377996	910.8027761978249	345	3	M+CH3OH+H
311.11762661756325	1	16495.15350810318	908.1700311854423	354	3	M+ACN+H
311.111872296931	1	2497.6306582373704	910.2014424445802	355	3	M+ACN+H
312.120661770902	1	991.9398185100115	911.0511016384156	356	3	M+ACN+H
313.12205708582326	1	190.4192053428036	913.6521679550052	357	3	M+ACN+H
312.1150154402801	1	352.7885052073668	910.0668960479159	358	3	M+ACN+H
59.546767129155285	1	25786.651214380614	939.1775441850117	360	4	M+2H
60.548867870005466	1	91.62181446746057	939.047034365114	361	4	M+2H
60.04890409140771	1	16.514479888237837	944.5195795582757	362	4	M+2H
60.045273042694795	1	85.88688532344027	940.4494972194907	363	4	M+2H
60.55162302982862	1	1.8407677463792218	936.6830905325855	364	4	M+2H
60.049956232717015	1	35.83473216707208	938.9229768774169	365	4	M+2H
60.04841311858281	1	1244.4843760889592	940.3136456844278	366	4	M+2H
60.54682541257326	1	5.100068730958871	943.6910047397067	369	4	M+2H
68.06011097647607	1	24313.59929276217	941.5771716801713	370	4	M+H+NH4
68.55844722083113	1	152.71608053359552	942.3101837835405	373	4	M+H+NH4
69.06488920747124	1	1.998357432546235	940.2666561202961	374	4	M+H+NH4
69.06030294340079	1	8.737273850335656	937.7385560266407	375	4	M+H+NH4
69.56382737580972	1	4.78024568393442	937.2753857892699	379	4	M+H+NH4
80.06009093606446	1	26234.767472958876	936.7346227967885	380	4	M+ACN+2H
80.56223095013571	1	15.275371047202245	940.1157977550705	382	4	M+ACN+2H
80.55846123223158	1	185.65963773260918	940.5395979934225	383	4	M+ACN+2H
81.06482869885063	1	2.925753718265567	939.7085108614617	384	4	M+ACN+2H
81.0602815817443	1	15.326958236402028	944.9785404768403	385	4	M+ACN+2H
80.56322077297436	1	48.058452554391415	938.4688626810457	386	4	M+ACN+2H
81.06348804612294	1	56.309596951280675	940.1661157208895	387	4	M+ACN+2H
80.56178163561903	1	1919.2932570663388	939.9498298118834	388	4	M+ACN+2H
81.56379005805809	1	7.657874776396864	940.256422177897	389	4	M+ACN+2H
101.5756189434052	1	85.28833869606557	940.4154886012791	391	4	M+2ACN+2H
101.07549512699164	1	13.380421891662685	941.4480411035347	392	4	M+2ACN+2H
101.07199257665691	1	240.30117543836693	940.9479000821992	393	4	M+2ACN+2H
101.57817814229544	1	4.31609367829265	939.5281539968046	394	4	M+2ACN+2H
101.57341643937882	1	20.173296995350245	940.8374126660481	395	4	M+2ACN+2H
101.57677454657203	1	99.40944873645664	940.272189521689	397	4	M+2ACN+2H
102.07707692579373	1	9.81342202687571	941.5705076176083	399	4	M+2ACN+2H
120.09060544826042	1	93.60224396918424	939.5566963112947	401	4	M+H
119.09034950497654	1	18.256045918937964	939.6702121726887	402	4	M+H
119.08333634830886	1	95.63730525952295	939.3030686434005	403	4	M+H
119.09243203330837	1	33.833251148075995	943.4875006253955	405	4	M+H
119.08966104946253	1	1183.021901587012	944.1825119959985	406	4	M+H
121.09389061667423	1	4.430389813835927	940.7568255217724	407	4	M+H
120.09284805826621	1	22.605437757954295	943.3118322682526	408	4	M+H
137.11723759149237	1	89.579925088065	936.7886781439242	411	4	M+NH4
136.11711698000065	1	20.137848199122804	940.1734259860465	412	4	M+NH4
136.11011907501575	1	178.45578591463848	937.4428136022414	413	4	M+NH4
137.1224567324345	1	2.0331310891387133	939.7567350400232	414	4	M+NH4
137.11330264378333	1	8.959335759870358	939.4222840785702	415	4	M+NH4
136.11909017785922	1	40.60485543977439	939.5582656581836	416	4	M+NH4
137.1196825360761	1	27.417738769247034	939.291955733085	417	4	M+NH4
136.1161359285711	1	1131.0304504020637	941.4900295125846	418	4	M+NH4
138.12048511927838	1	4.604643006707011	937.1076592494219	419	4	M+NH4
140.06849209824173	1	24772.02045670584	940.4735846229617	420	4	M+Na
142.07241208527634	1	100.8309540008223	939.9106619092437	421	4	M+Na
141.06519405242219	1	83.25148719750416	940.702426113027	423	4	M+Na
141.0742420762434	1	28.934320777112738	936.9151985137473	425	4	M+Na
141.07162492516693	1	1152.9331764473727	943.4469058635999	426	4	M+Na
143.0758797343603	1	5.625846925459753	939.9560349201878	427	4	M+Na
142.07497519334615	1	24.888878320806402	937.3925610210226	428	4	M+Na
150.11249294187368	1	24757.27235839288	941.3573207306704	430	4	M+CH3OH+H
151.11682039481568	1	26.29216786874949	937.9424675604942	432	4	M+CH3OH+H
151.1093994378718	1	92.89709293335271	939.3888902339274	434	4	M+CH3OH+H
151.1190853623171	1	44.921739028576695	940.7778894107789	436	4	M+CH3OH+H
151.11591981674022	1	1606.7180007200375	940.7837233354882	438	4	M+CH3OH+H
153.11992560574086	1	9.843565824758777	942.7536145616726	439	4	M+CH3OH+H
159.1130523288653	1	23086.93116038797	940.6570490718899	440	4	M+ACN+H
160.11672703204349	1	19.230872121953478	936.5817162819742	442	4	M+ACN+H
160.1098820225766	1	202.41154160252205	938.7411048727988	443	4	M+ACN+H
161.12270906151917	1	3.2491684975648085	941.4860352553392	444	4	M+ACN+H
161.11964119430166	1	55.43850314681613	939.2114556017796	447	4	M+ACN+H
160.11641979182133	1	1546.2720612036746	940.9370170718369	448	4	M+ACN+H
162.12026805182452	1	6.876359781834779	939.7864280047784	449	4	M+ACN+H
55.04164336071228	1	44554.67223316087	872.060992185513	450	5	M+2H
56.03867960092414	1	0.6913486155258467	867.3707192788049	452	5	M+2H
55.54474339190384	1	56.1796710807871	868.1018124838879	453	5	M+2H
55.54332547421544	1	3493.567311296877	867.457239081158	454	5	M+2H
56.041883904187735	1	25.412353885225354	867.3496597955144	455	5	M+2H
56.04642876917992	1	4.346151990440806	866.4495068710656	456	5	M+2H
56.0450822256168	1	90.1140610468132	864.7164143603433	457	5	M+2H
56.54678950548887	1	1.213522673645227	871.3030281523406	459	5	M+2H
63.55491669178824	1	55570.84793355531	868.235720190852	460	5	M+H+NH4
64.05339916620919	1	585.5567330097401	866.308526136396	461	5	M+H+NH4
64.5521175595842	1	2.1089785255060702	863.9782796026639	462	5	M+H+NH4
64.55508942087087	1	35.774387996576245	864.3014553452655	466	5	M+H+NH4
64.55979987372177	1	4.465941031122097	866.8834316784856	467	5	M+H+NH4
64.55834418771197	1	93.3754430434381	866.1459837841369	468	5	M+H+NH4
65.05676991885476	1	1.092638523702059	869.5218402369549	469	5	M+H+NH4
75.5549976700326	1	53256.20113177054	867.8598814198533	470	5	M+ACN+2H
76.05346520420507	1	589.1661134722922	870.3934645797175	471	5	M+ACN+2H
76.05807592063184	1	66.89642836685806	870.1840239838928	473	5	M+ACN+2H
76.05673676845043	1	4820.615516571637	869.3724396852735	475	5	M+ACN+2H
76.55508142133434	1	45.055892510012946	867.8933888126592	476	5	M+ACN+2H
76.5597917841834	1	5.654030242307182	867.239146518169	477	5	M+ACN+2H
76.558309644816	1	165.33778447854436	867.3610985604145	478	5	M+ACN+2H
77.05664991804139	1	1.8256483811124513	870.1510526835607	479	5	M+ACN+2H
96.0682734100455	1	45595.2540033447	868.339116038673	480	5	M+2ACN+2H
96.56670326706985	1	688.0530675104745	869.8709590810893	481	5	M+2ACN+2H
96.57110267497049	1	77.38796583906185	869.84605565326	483	5	M+2ACN+2H
97.57331694451393	1	7.2307824616458145	867.7032092509002	484	5	M+2ACN+2H
96.5700317828061	1	5520.42900453566	867.4929987706482	485	5	M+2ACN+2H
97.06839093885672	1	81.91224066470188	866.2314771464512	486	5	M+2ACN+2H
97.07152879573988	1	316.4183845187546	866.7787905059063	488	5	M+2ACN+2H
97.57000878936431	1	3.5001643079371902	867.4312360394853	489	5	M+2ACN+2H
109.07610351361285	1	54104.07253929676	864.7087707459905	490	5	M+H
111.07006082613395	1	0.7069455915401749	867.280254868017	492	5	M+H
110.0821281068778	1	58.56498444510389	865.8564556693559	493	5	M+H
110.07949923870454	1	2632.8014328043555	866.3911312727275	494	5	M+H
111.0765326857122	1	21.19042985885043	866.0815034802486	495	5	M+H
111.08276381108281	1	89.910696472999	872.783264758449	497	5	M+H
112.07962760068985	1	0.6597885685037026	868.4059717293561	498	5	M+H
126.10262756944803	1	52589.666154650346	866.3049403383941	500	5	M+NH4
127.09963178063066	1	507.6609812089931	869.0900839669466	501	5	M+NH4
128.09674134705304	1	2.029275714335079	870.9541131722129	502	5	M+NH4
127.1088662599328	1	76.99081633641981	870.2430756571885	503	5	M+NH4
129.11270012378827	1	1.1821898480260415	869.8444080733037	504	5	M+NH4
128.10288327777292	1	31.527172322160308	869.4531827946241	506	5	M+NH4
128.11222762684315	1	5.529542556845667	864.9992324878007	507	5	M+NH4
128.10952139974103	1	87.38699862186246	866.0505213127906	508	5	M+NH4
132.0548364854976	1	350.3833240255976	867.380794582168	511	5	M+Na
133.0520347279154	1	0.7521889175277119	866.9548922744949	512	5	M+Na
132.06421301026748	1	41.46446283270783	865.4383785805974	513	5	M+Na
132.06131732934807	1	3323.69638666261	869.7989863405393	514	5	M+Na
133.05854714866757	1	21.916751043928617	868.1724588877428	515	5	M+Na
133.0675682085613	1	3.2630697713671695	867.3350352864541	516	5	M+Na
133.06464763781275	1	87.59829097531738	867.2753083304899	517	5	M+Na
134.06162685629687	1	0.6829769159248559	867.878314598131	518	5	M+Na
134.06824530388212	1	1.2812283764601604	868.9843498103942	519	5	M+Na
143.10629654127086	1	84.6712339641666	867.6090066804724	521	5	M+CH3OH+H
142.09901007755295	1	301.29764184245795	867.5731905971026	523	5	M+CH3OH+H
143.1118130894296	1	5.305122120509769	870.449925487988	524	5	M+CH3OH+H
142.10847340059775	1	80.38188433028651	863.9219930429111	526	5	M+CH3OH+H
143.10896991075907	1	136.60330418153217	866.6611923866344	527	5	M+CH3OH+H
142.1054894770548	1	3958.1286504526015	864.8209102837596	528	5	M+CH3OH+H
150.1022612576074	1	48668.008196861316	869.9132242611647	530	5	M+ACN+H
151.0995094335877	1	553.7967416243753	869.555291765386	531	5	M+ACN+H
151.105631744604	1	4770.077445704847	865.8199936964178	535	5	M+ACN+H
152.11217908071666	1	5.6232751057731125	865.9415197332355	537	5	M+ACN+H
152.10935195115488	1	143.8459706221754	868.5896943667982	538	5	M+ACN+H
153.1064150098147	1	1.945674846699267	866.0984727410423	539	5	M+ACN+H
117.06775899550048	1	45073.13224618051	977.778941567034	540	6	M+2H
118.07004323244288	1	165.73162513427025	982.4241997777966	541	6	M+2H
117.56999200394871	1	36.55935963401704	980.7915987533777	542	6	M+2H
117.57087407082547	1	85.50915194917415	981.6634178090619	546	6	M+2H
118.06790238094219	1	42.53128626531435	981.3602680333671	547	6	M+2H
117.56956334776967	1	5728.505063078056	976.3059804089928	548	6	M+2H
118.57155971237366	1	27.711845267868668	980.5998845582276	549	6	M+2H
125.58092146766569	1	38590.69160774515	983.963325756428	550	6	M+H+NH4
126.08307056032943	1	34.86513739231474	978.1903731595357	552	6	M+H+NH4
126.07985403926335	1	481.579698440943	981.62294626442	553	6	M+H+NH4
126.08426943291018	1	117.22697570277359	980.4586478314429	556	6	M+H+NH4
137.58100185273443	1	36888.20725183999	978.380234764049	560	6	M+ACN+2H
138.07965524854333	1	419.56054289330615	981.0436922242783	563	6	M+ACN+2H
138.58119403881187	1	90.45201975331098	983.410482723635	565	6	M+ACN+2H
138.58446644133275	1	473.14635068321144	981.3108284850849	567	6	M+ACN+2H
138.08275576003393	1	8367.840707835521	980.3161614380099	568	6	M+ACN+2H
139.08494852708824	1	32.350108787868415	981.9140106400578	569	6	M+ACN+2H
159.09638915734425	1	207.2842329805749	976.6548110133871	571	6	M+2ACN+2H
158.59656871021687	1	31.493521154926494	980.3854927247684	572	6	M+2ACN+2H
159.0946436454649	1	118.43045458798565	982.7815504963538	574	6	M+2ACN+2H
159.097673363153	1	698.225731054509	979.3072666387377	577	6	M+2ACN+2H
158.59582117960403	1	9701.038724612525	975.4968736653104	578	6	M+2ACN+2H
159.59836993075265	1	29.310821866690386	980.1018595961485	579	6	M+2ACN+2H
233.12876084536262	1	41933.636470343175	983.4705337361736	580	6	M+H
235.13300572054618	1	184.55659408470493	978.5811120402957	581	6	M+H
234.1256545580106	1	348.797376006777	979.3502468815501	583	6	M+H
236.13844614927342	1	17.147749725969216	979.8812177957543	584	6	M+H
235.13490293558647	1	408.8609831900017	980.0777811407327	585	6	M+H
234.13469673661808	1	90.68894338725684	981.8407092291071	586	6	M+H
235.12883369054927	1	43.406162964739266	979.5571173066403	587	6	M+H
234.13166187504333	1	7361.978224742845	980.8994926365493	588	6	M+H
236.1361516993409	1	24.224485384803575	978.6872769305953	589	6	M+H
250.15495203837665	1	41495.28301067555	977.9748081836696	590	6	M+NH4
252.15914043425028	1	195.9156351008459	981.6046100449462	591	6	M+NH4
251.15940952618192	1	27.725513445438413	982.1447765821425	592	6	M+NH4
251.15206239211557	1	522.4164060421635	981.5590161803253	593	6	M+NH4
253.16497806570845	1	17.650213035866322	979.9720279375937	594	6	M+NH4
251.16128315328663	1	103.85399660716075	982.2698033714742	596	6	M+NH4
252.16179404249596	1	452.960131627057	978.0635449361781	597	6	M+NH4
251.15825579928148	1	6561.963691328774	980.0604866775384	598	6	M+NH4
253.16272150286147	1	29.212429341533287	981.9826435676107	599	6	M+NH4
255.11015848534186	1	52487.59554704783	978.3121433861755	600	6	M+Na
257.1148565499196	1	215.53998086021733	979.4478130144834	601	6	M+Na
258.1205301258381	1	13.553854428836445	979.1920724451093	604	6	M+Na
256.11348910092335	1	7090.108216432565	981.9849749766261	608	6	M+Na
258.11842092185225	1	32.367217101516836	981.0356520402352	609	6	M+Na
265.1545125599321	1	57488.61871910979	983.4735035277049	610	6	M+CH3OH+H
266.158923648913	1	52.915998409970385	978.902083758183	612	6	M+CH3OH+H
266.15806863240033	1	6845.678591255517	983.3497736311671	613	6	M+CH3OH+H
266.1513952813232	1	299.4008636007185	979.585190769701	614	6	M+CH3OH+H
268.16266504363017	1	39.84161403118306	981.3155377793457	616	6	M+CH3OH+H
266.16054262584646	1	120.11371031230013	982.9896343023321	617	6	M+CH3OH+H
276.1595014324168	1	199.71264800211054	982.6241941610028	621	6	M+ACN+H
275.1589627649079	1	32.71921519601509	982.922250931418	622	6	M+ACN+H
275.1515978577123	1	423.9138710156503	979.2053041090921	623	6	M+ACN+H
277.16554807275236	1	28.128706063268233	983.2128639862848	624	6	M+ACN+H
276.16140899889933	1	521.2305528685216	979.3935231974016	627	6	M+ACN+H
277.1624852432661	1	30.91985794742169	979.8331596815935	629	6	M+ACN+H
94.04141679880583	1	73282.40593924979	1109.1308098369673	630	7	M+2H
95.04328055816757	1	275.01457267483335	1107.9121916690638	631	7	M+2H
94.54348875281372	1	46.15084052173725	1109.892753436036	632	7	M+2H
94.54434305445731	1	110.17859297793278	1111.0567180324097	633	7	M+2H
94.54289222833202	1	9662.43823531785	1108.820021815118	634	7	M+2H
95.54531970981743	1	35.29596973158976	1105.5688717495998	635	7	M+2H
95.0460712290975	1	11.782068964228923	1107.5232033357977	637	7	M+2H
95.0446577267093	1	530.6772201216961	1112.1945231515492	638	7	M+2H
95.5463870897779	1	21.050594659435518	1111.0566236871089	639	7	M+2H
103.0567995112	1	47.975296840905266	1108.7633016956306	642	7	M+H+NH4
104.05980777847444	1	19.38775196144826	1112.1366368676397	644	7	M+H+NH4
103.05774584166561	1	111.5838193640835	1110.475663770985	645	7	M+H+NH4
103.05601255391147	1	7090.425439524426	1106.1452612767469	646	7	M+H+NH4
104.05826859273293	1	34.517922407187946	1115.421755098628	647	7	M+H+NH4
103.55823126355615	1	570.5752204860735	1108.477020863463	648	7	M+H+NH4
103.55482952240976	1	31.31165752900511	1110.4756674690886	649	7	M+H+NH4
114.55456540787495	1	59289.671097848826	1111.1807034994076	650	7	M+ACN+2H
115.55661496638339	1	239.7862933566914	1111.959636988189	651	7	M+ACN+2H
115.05678547987496	1	51.534845056960656	1109.8015080106097	652	7	M+ACN+2H
115.0530856823484	1	244.92064361702361	1111.8005498071102	653	7	M+ACN+2H
116.0596785927168	1	26.48239767302669	1109.7319032032174	654	7	M+ACN+2H
115.0562917030259	1	10063.538219981272	1108.270990946685	656	7	M+ACN+2H
116.05858107113518	1	44.38571170896101	1113.6023535837476	657	7	M+ACN+2H
135.0679293609905	1	75928.09206112236	1113.507446979915	660	7	M+2ACN+2H
136.06971476490776	1	289.0653443386892	1109.4334834841986	661	7	M+2ACN+2H
135.570006702571	1	44.968288105512976	1111.8195235602484	662	7	M+2ACN+2H
136.57306376706197	1	43.65105281407178	1111.354565106318	664	7	M+2ACN+2H
136.07107667430563	1	962.2325651791234	1111.3276061191193	665	7	M+2ACN+2H
135.56962087071142	1	11423.164651885481	1108.4396501195558	668	7	M+2ACN+2H
187.07522601571864	1	68664.86577793446	1112.1717314132898	670	7	M+H
188.0795216331301	1	47.32223005937886	1105.5984438702387	672	7	M+H
188.08177121843502	1	77.69347391414405	1109.8262350048071	673	7	M+H
188.07861496229194	1	8834.255807631429	1113.8285199505553	674	7	M+H
190.0828964206119	1	41.88062173370831	1111.2026715482716	675	7	M+H
189.08298548054526	1	6.630017993545709	1108.0140620121067	676	7	M+H
189.08508714969292	1	10.064205388948906	1108.080101458948	677	7	M+H
189.082055451022	1	477.1504708598342	1111.8440994409752	678	7	M+H
204.10189563722105	1	65521.49086074548	1110.4041294199174	680	7	M+NH4
206.1062576494388	1	275.8521927263642	1112.6242516272941	681	7	M+NH4
205.10636903439018	1	42.12165227723281	1110.3451081153216	682	7	M+NH4
207.1117558616385	1	21.210637631652453	1113.5524912305325	684	7	M+NH4
205.10803552118077	1	103.76894109333178	1107.1192654826264	685	7	M+NH4
209.05729492612937	1	68077.40877911821	1109.9290502120296	690	7	M+Na
211.06131196962855	1	256.8352885052577	1107.2750528558329	691	7	M+Na
210.06172026270326	1	50.455206081267946	1108.1188642340069	692	7	M+Na
210.06361641768333	1	72.7537241985408	1108.5353525132175	693	7	M+Na
210.0609499066226	1	8862.010156765726	1112.010307975646	694	7	M+Na
212.06474675913327	1	43.49158630248307	1111.7808239435406	695	7	M+Na
211.0669603575061	1	12.69257207035156	1107.9774935054152	697	7	M+Na
211.06377939648718	1	493.57407875375657	1112.5501018044959	698	7	M+Na
220.1056429457693	1	80.8386318673966	1104.206691663219	702	7	M+CH3OH+H
222.11125281737236	1	21.221916599173262	1108.6785031886172	703	7	M+CH3OH+H
220.10510483568987	1	7940.277908026824	1114.3324318533348	705	7	M+CH3OH+H
222.10887884982014	1	57.1105899504496	1109.4849296074224	706	7	M+CH3OH+H
221.1087647794207	1	12.855838566425051	1104.96593607414	707	7	M+CH3OH+H
221.11134031747685	1	15.369614397438227	1105.9787399812983	708	7	M+CH3OH+H
221.10845827943066	1	778.1067100246548	1113.5951096000076	709	7	M+CH3OH+H
230.10602932384884	1	256.6518567034689	1111.3024273507485	711	7	M+ACN+H
229.09908528437612	1	252.2757510758719	1108.7652132976757	713	7	M+ACN+H
231.11186925808238	1	28.551982605566412	1108.6072989502693	714	7	M+ACN+H
230.10213210545714	1	33.72052683132998	1112.792546401432	719	7	M+ACN+H
111.55212492384366	1	524259.3332459202	607.7167779288059	720	8	M+2H
112.05431521613183	1	830.5548516573627	606.9421277502319	722	8	M+2H
112.5556177652686	1	1438.191246919891	604.3079504139209	723	8	M+2H
113.05588371149075	1	396.4866276662695	607.3592724261439	724	8	M+2H
112.05065972494543	1	1822.6168171242084	603.615963005643	725	8	M+2H
112.55237633656654	1	142.80434875622433	606.938961610174	726	8	M+2H
112.05548105222765	1	708.5150894295282	610.6230945881521	727	8	M+2H
120.56768977421719	1	828.7727777139393	602.3317306056048	732	8	M+H+NH4
121.06570856112901	1	300.47872475052066	607.4519480331016	733	8	M+H+NH4
121.56918178639653	1	441.8219721364575	610.0116416990959	734	8	M+H+NH4
120.5640192959877	1	2976.7378609108473	604.8397202017657	735	8	M+H+NH4
121.06888384301675	1	1231.7391401423904	609.2962151670068	738	8	M+H+NH4
120.56864180830847	1	859.5872843582625	606.9476203561826	739	8	M+H+NH4
132.06539692128226	1	419388.18041075824	605.3473133516634	740	8	M+ACN+2H
133.0674822126249	1	4369.438221618127	605.278926968332	741	8	M+ACN+2H
133.06584205768266	1	325.08062203630965	606.9215117621559	743	8	M+ACN+2H
133.56943752808004	1	553.1059504946644	608.9632361827731	744	8	M+ACN+2H
132.56408194274684	1	2661.4010672531303	607.786315867973	745	8	M+ACN+2H
133.07029135584594	1	99.98169182890842	606.1328676957849	746	8	M+ACN+2H
132.56721374113334	1	47409.680935939396	611.3081927265022	747	8	M+ACN+2H
133.06916017819978	1	1886.274815834574	606.6664399738378	748	8	M+ACN+2H
132.56855805554346	1	1023.1251962482773	611.2255269230144	749	8	M+ACN+2H
153.58095281477725	1	4241.554747806427	608.0669356220417	751	8	M+2ACN+2H
153.57904521605778	1	578.315649331835	606.5905067745213	753	8	M+2ACN+2H
154.082463734447	1	616.1347336251093	608.2015985272975	754	8	M+2ACN+2H
153.58359207049654	1	111.21037672054781	607.0372365316305	756	8	M+2ACN+2H
153.58234365111963	1	2730.0113024426983	605.6026214092806	758	8	M+2ACN+2H
153.0820497950671	1	1004.0206348534344	607.4862887549111	759	8	M+2ACN+2H
224.10162152377333	1	4707.207205550039	605.4623604724641	761	8	M+H
223.10155669011948	1	1187.5596942265252	607.8583682734409	762	8	M+H
224.10404704088143	1	1255.6271831865934	604.685715647097	763	8	M+H
224.1048886394679	1	81.24973462731222	610.8792521506732	764	8	M+H
223.0943013479786	1	1419.4128394174586	605.7404576377687	765	8	M+H
224.09798811782798	1	144.2025040617039	605.4022030445565	766	8	M+H
223.10342624225396	1	776.3968342273674	607.2937066902506	767	8	M+H
223.10065724296004	1	35128.330688113805	606.0977656134929	769	8	M+H
239.12394076720244	1	386264.6991794339	605.1505770332957	770	8	M+NH4
240.12798151856268	1	1168.5212633591632	605.3943714261302	772	8	M+NH4
241.1239481592281	1	265.9291470415982	610.3821447798489	773	8	M+NH4
240.12086545074175	1	2973.242264175463	610.5255346421069	775	8	M+NH4
241.1305379659279	1	1508.394134008397	605.190932470365	776	8	M+NH4
240.1271815790457	1	38351.635321237685	606.2378810109896	777	8	M+NH4
241.13152509929313	1	96.46526624580578	608.6400744734416	778	8	M+NH4
240.13033593428057	1	752.8954740413474	607.4075007920358	779	8	M+NH4
244.07911217574582	1	426959.33685642265	604.9393517433003	780	8	M+Na
246.08360822249963	1	5234.88803269498	609.5872043424671	781	8	M+Na
245.0834127439451	1	989.261064199232	605.5001549448957	782	8	M+Na
246.08671463721623	1	88.83173270034008	605.8476935264879	784	8	M+Na
245.07624289435836	1	1787.3779323700937	606.9475961664476	785	8	M+Na
246.07970124343396	1	131.23698581489865	609.1128388774318	786	8	M+Na
245.08515916563871	1	801.6120776399974	602.8210372996588	787	8	M+Na
247.0870292359283	1	420.08861713439654	606.6587442169925	788	8	M+Na
245.08261907450398	1	32318.259906317067	608.1155782231192	789	8	M+Na
254.12289499210058	1	431598.2084382456	607.4265437440365	790	8	M+CH3OH+H
256.1276397233003	1	4726.78940869433	607.0260433577046	791	8	M+CH3OH+H
255.12754173956984	1	939.7101053978635	608.7175543224654	792	8	M+CH3OH+H
256.13025456821447	1	1598.396528853732	605.8619652504788	793	8	M+CH3OH+H
257.1310116270336	1	640.0131336730315	609.5281408084627	794	8	M+CH3OH+H
255.12037225800708	1	1611.7664383828374	604.6602886006258	795	8	M+CH3OH+H
255.1272600058059	1	33794.94908911484	606.5230265336459	799	8	M+CH3OH+H
263.1234800858901	1	453718.9459478143	608.8152628870884	800	8	M+ACN+H
265.1283869888762	1	5203.485998451594	606.3615008940592	801	8	M+ACN+H
265.1245744964916	1	309.04329619059934	604.2353100502615	803	8	M+ACN+H
266.1310946085912	1	478.1405231601716	602.9376432095873	804	8	M+ACN+H
264.12695334568343	1	39849.295418582435	612.4803590840356	807	8	M+ACN+H
76.53194357060742	1	32119.940003522475	473.6040713448112	810	9	M+2H
77.53417756951082	1	63.49796812245413	475.7953865894975	811	9	M+2H
77.03406766138511	1	12.025480118210526	474.83074201632	812	9	M+2H
77.53536135381168	1	31.606790769502105	473.5201398659793	814	9	M+2H
77.03513104883359	1	22.422503377086823	472.81432435853355	816	9	M+2H
77.53221085870048	1	26.498419782587455	475.8590097098524	817	9	M+2H
77.03360134656016	1	1496.7155936570261	472.0591502035243	818	9	M+2H
85.04511159869276	1	31655.734448627845	473.1787527379631	820	9	M+H+NH4
86.04749713919809	1	61.15128908720655	473.8804628416604	821	9	M+H+NH4
85.54731283934179	1	8.989416361327994	474.0795457258127	822	9	M+H+NH4
85.54371819306695	1	639.0604875970622	472.73168638001755	823	9	M+H+NH4
86.0423152548499	1	6.596418154625841	475.86889789395997	825	9	M+H+NH4
85.54842335727547	1	30.63946779741095	476.83814141875035	826	9	M+H+NH4
86.54908723385525	1	3.0204346690447577	473.026744005304	829	9	M+H+NH4
97.04521302085395	1	26146.657137118094	474.1502882250366	830	9	M+ACN+2H
98.04727439229342	1	62.697795128284234	470.0723737963741	831	9	M+ACN+2H
97.54738659219034	1	10.904290771513226	470.94504682911474	832	9	M+ACN+2H
97.54367741050525	1	679.6242639769221	473.34932971945153	833	9	M+ACN+2H
98.04861672161357	1	76.03579114616504	474.42334359575966	834	9	M+ACN+2H
98.04218432704921	1	5.718852170309216	472.95580561329757	835	9	M+ACN+2H
97.5483165559443	1	33.870949751870974	475.23638402433284	836	9	M+ACN+2H
98.04536542308223	1	40.8413646846558	475.3153269863102	837	9	M+ACN+2H
98.54910857737543	1	3.740595363803113	478.1581807599592	839	9	M+ACN+2H
118.56180396387015	1	100.9122558017391	471.3017802643037	844	9	M+2ACN+2H
118.55573442128038	1	6.810726647332554	476.3762239064081	845	9	M+2ACN+2H
118.06177913860896	1	43.193196588486565	473.66175866318537	846	9	M+2ACN+2H
118.55871420653781	1	76.51422980337983	474.960661290892	847	9	M+2ACN+2H
119.06239196305752	1	5.830336519386466	472.6686256379568	849	9	M+2ACN+2H
152.0566022758945	1	26218.380401229977	472.0130938913217	850	9	M+H
154.06102820352876	1	58.570260124514185	473.8951449605733	851	9	M+H
153.0608510245091	1	10.286701392630778	475.0712391474583	852	9	M+H
154.06320085805942	1	35.119826691722416	474.52932078318935	854	9	M+H
154.05095859232878	1	3.403674354307704	476.7249750808059	855	9	M+H
153.06315164737666	1	18.87134215858909	474.39580895485363	856	9	M+H
154.05699248963126	1	26.66483202216091	473.7969198850779	857	9	M+H
153.0601042033366	1	1594.0572182454746	473.53506077891103	858	9	M+H
155.06435066343658	1	3.5468048541663095	469.57858952390814	859	9	M+H
169.08328451389943	1	30286.398381052437	470.3545390772162	860	9	M+NH4
171.08741814670404	1	52.85437835844811	474.8026467822	861	9	M+NH4
170.08027896911688	1	571.146388458046	472.18062906038705	863	9	M+NH4
171.09001227111597	1	31.89144365925291	470.2161668626238	864	9	M+NH4
171.07731196618673	1	6.020034435730616	471.7185501305819	865	9	M+NH4
170.08983258744934	1	28.985429411804176	476.192061505003	866	9	M+NH4
171.0833447815937	1	38.58614748137672	474.76458440731136	867	9	M+NH4
170.0866452505989	1	1682.7139872881746	475.8861780640219	868	9	M+NH4
174.03903019554286	1	25222.999042725525	474.20752216554325	870	9	M+Na
176.04287267778486	1	68.29459820364688	475.75599589098687	871	9	M+Na
176.04543098449247	1	32.169278233259064	474.7488487550012	874	9	M+Na
176.03263477659178	1	3.5784460704505237	472.9801005463067	875	9	M+Na
175.04492128279594	1	18.001896800858397	471.0508362070034	876	9	M+Na
175.04156292620087	1	1708.8201997667313	473.2626653325241	877	9	M+Na
177.0462432105981	1	3.1253819057095322	471.55875971055184	878	9	M+Na
184.08295619602754	1	26949.851962971432	472.28948081427836	880	9	M+CH3OH+H
186.08689015912068	1	104.95392731637038	473.16828693444774	881	9	M+CH3OH+H
185.08703809967707	1	22.163298210188827	474.0382191503274	882	9	M+CH3OH+H
185.0798363049448	1	498.0079864486533	470.569903239123	883	9	M+CH3OH+H
186.0896745394996	1	44.83645723162327	473.80830401492295	884	9	M+CH3OH+H
187.09020991494447	1	7.24864081314083	476.6040831151963	885	9	M+CH3OH+H
185.08917674653026	1	33.966168245398464	472.9492236008523	887	9	M+CH3OH+H
185.08647594985405	1	2052.8227241687855	474.8860652305691	889	9	M+CH3OH+H
193.08338116147698	1	27222.752449956104	471.07695828382043	890	9	M+ACN+H
195.08779931055005	1	53.44953764290882	474.6591433777782	891	9	M+ACN+H
194.0872939992169	1	10.638646846582064	476.72300531978954	892	9	M+ACN+H
194.0800958115131	1	598.4796710598105	473.4501350554605	893	9	M+ACN+H
195.09009848846455	1	66.6564733189288	472.1529450616738	894	9	M+ACN+H
195.07703245598913	1	5.1096624564279605	472.71701603489436	895	9	M+ACN+H
195.0836913613143	1	40.539806455933714	473.89288667722747	897	9	M+ACN+H
194.0865664293971	1	1797.9506789273992	472.3955329813095	898	9	M+ACN+H
85.54403806239283	1	35598.72302141111	800.3769932439156	900	10	M+2H
86.04629547583615	1	35.954736998521405	797.0273812527837	902	10	M+2H
86.54447197225274	1	13.048113777864074	795.7046536348474	903	10	M+2H
86.04745318341261	1	53.71745199168936	801.4317664686026	906	10	M+2H
86.04582129402485	1	3666.838701446726	798.9916637101745	907	10	M+2H
87.0479880365355	1	20.214806579406467	797.156562369976	908	10	M+2H
94.05739848979148	1	37743.298998839506	799.511200228997	910	10	M+H+NH4
95.05970803412981	1	230.5295574546382	800.4188338611297	911	10	M+H+NH4
94.55959744214222	1	43.756929925522876	798.9478086825656	912	10	M+H+NH4
95.5611949866383	1	19.277018775923626	798.6576159011995	913	10	M+H+NH4
94.55601323789513	1	275.12748474882085	794.9604252464311	914	10	M+H+NH4
95.05775458237393	1	22.335218610910005	799.9540720679448	916	10	M+H+NH4
94.56069369769537	1	71.807755652226	798.2249166050661	917	10	M+H+NH4
94.55923465954199	1	3486.7870433875264	800.4483858277462	918	10	M+H+NH4
95.06083869432271	1	123.42137455910283	795.6985884798909	919	10	M+H+NH4
107.56136130381107	1	23.25608005705188	797.6009693028842	923	10	M+ACN+2H
106.55597260105412	1	259.63973571633557	802.2925370916499	924	10	M+ACN+2H
106.56048045961583	1	56.50229201549814	800.4940631815515	927	10	M+ACN+2H
106.55930104943145	1	3043.3211524066737	801.0052640964578	928	10	M+ACN+2H
107.06075337747481	1	191.5431222308423	797.5412022906788	929	10	M+ACN+2H
126.57064990616931	1	30906.216445979724	800.0564495724211	930	10	M+2ACN+2H
127.5727602357343	1	223.35208266691558	796.1352708187834	931	10	M+2ACN+2H
127.07255147361067	1	4414.3623894024095	802.4999859322348	933	10	M+2ACN+2H
127.57575172401806	1	9.455532270986634	797.5721836605599	935	10	M+2ACN+2H
127.5708517461559	1	46.40788527978308	799.0240882000141	937	10	M+2ACN+2H
127.07412264467783	1	82.84582174201593	796.1933302998151	938	10	M+2ACN+2H
170.08125298418247	1	37116.35535234115	799.8974346668111	940	10	M+H
172.08559476169046	1	252.96945711333038	804.5806267284048	941	10	M+H
171.08545667928465	1	46.540300171936245	799.8723984613167	942	10	M+H
172.08156743644005	1	10.896230815649416	798.3166740887791	943	10	M+H
172.0909606931965	1	4.002423698627092	796.9005385319449	945	10	M+H
173.08868028033731	1	16.492474203943008	795.1635333632948	948	10	M+H
189.11205571984763	1	192.4629557260726	802.1880186163131	951	10	M+NH4
188.11194817395307	1	40.11462337473701	799.7708835606754	952	10	M+NH4
188.10494927663092	1	243.40283349683045	798.4597927313729	954	10	M+NH4
189.11762445594505	1	5.443755908782678	797.7447009062256	955	10	M+NH4
189.1079315078717	1	25.78383199157228	796.7138640909678	956	10	M+NH4
188.11402481278063	1	49.40656115535203	799.4875536943491	957	10	M+NH4
189.11453715117474	1	122.89314137714008	800.7213298501338	958	10	M+NH4
188.1109699168109	1	2881.507321585588	797.1228615525273	959	10	M+NH4
192.06310917972908	1	33733.89313244686	799.3473932205258	960	10	M+Na
194.06721159407888	1	237.86250353926948	795.4534003894543	961	10	M+Na
194.06357359640867	1	11.909182913220274	795.1070451755937	963	10	M+Na
194.07280485825999	1	3.5850682144495063	797.1999892063077	965	10	M+Na
193.06924921391513	1	45.19425703806716	797.573997415919	966	10	M+Na
193.06676838405085	1	3033.2822328448556	799.1745020270088	967	10	M+Na
195.0707856620347	1	17.427568350062117	796.4393555930504	968	10	M+Na
194.06973352077625	1	114.02830325174305	801.739652354711	969	10	M+Na
204.11138241902475	1	262.852347420993	796.5898341495065	971	10	M+CH3OH+H
203.11191782139016	1	46.65739969461116	797.9889648832401	972	10	M+CH3OH+H
204.10749878525823	1	14.069251842005642	794.9398646549334	973	10	M+CH3OH+H
203.10433457583548	1	140.2128184107123	798.5475887773499	974	10	M+CH3OH+H
204.11727499720388	1	6.424641644058837	799.3953161100875	975	10	M+CH3OH+H
203.1135996007314	1	64.93318054642889	798.0256147148895	976	10	M+CH3OH+H
204.11387216510383	1	149.92072190405048	800.5929139295738	977	10	M+CH3OH+H
205.1150504366714	1	32.723207002217606	796.9496727716574	979	10	M+CH3OH+H
211.10766034356763	1	30584.672438629823	795.8082731545907	980	10	M+ACN+H
213.11219923214318	1	224.9852855483272	801.2716491934469	981	10	M+ACN+H
212.11244143856825	1	45.695376226703694	798.3406535022211	982	10	M+ACN+H
212.10491201430423	1	203.9521551892598	797.1425792232816	984	10	M+ACN+H
213.1083471651566	1	29.26916424813313	798.5577519460476	986	10	M+ACN+H
212.11439624678482	1	57.55381646051845	798.8607224592935	987	10	M+ACN+H
213.11457777979754	1	166.75422850973825	798.5139762377556	988	10	M+ACN+H
212.11130196212156	1	3156.6961598384796	800.6199652504168	989	10	M+ACN+H
99.50502365133497	1	194875.57536472034	1278.326960246174	990	11	M+2H
100.50706673395781	1	709.0858653844386	1284.2423383647051	992	11	M+2H
100.00699577429056	1	136.36808793990062	1283.244687428434	994	11	M+2H
100.00659807032717	1	11996.020807919487	1280.3925243964634	995	11	M+2H
100.00348700017892	1	645.1950744533987	1277.2520162970582	996	11	M+2H
100.50827254675853	1	199.09686517649024	1279.7396934005963	997	11	M+2H
101.00687172486997	1	1501.11797482313	1283.6492584905798	998	11	M+2H
100.00819430193954	1	252.0735883696529	1285.4012480001747	999	11	M+2H
108.01832372633777	1	197048.09523938698	1281.305816952351	1000	11	M+H+NH4
109.02168675681045	1	245.5611351426389	1279.8792564943085	1003	11	M+H+NH4
108.51680345026827	1	1307.1121447226783	1281.2633474710715	1006	11	M+H+NH4
109.51697649010502	1	262.5783941389309	1281.0427037499574	1007	11	M+H+NH4
109.51995151306579	1	1829.0536237194826	1280.6928945339334	1008	11	M+H+NH4
108.52139637690925	1	302.33092290845815	1281.2826512481186	1009	11	M+H+NH4
120.0182368564516	1	222893.5882206213	1281.9933130160437	1010	11	M+ACN+2H
121.01829874515828	1	28653.326577905158	1282.4717605838457	1011	11	M+ACN+2H
121.02051927061336	1	708.4926796803868	1280.784022807933	1012	11	M+ACN+2H
121.02137898641907	1	473.8555955370809	1280.304818112284	1013	11	M+ACN+2H
120.51986808164709	1	16827.37166966485	1278.2071598952566	1015	11	M+ACN+2H
120.51665479436376	1	1429.8089895393186	1277.8706485738	1016	11	M+ACN+2H
121.51664595246697	1	241.5912050834889	1278.3528041445213	1017	11	M+ACN+2H
121.52003178921032	1	2681.9644711769324	1279.1294957392558	1018	11	M+ACN+2H
120.52142685799973	1	339.5728492369226	1283.451262379006	1019	11	M+ACN+2H
140.5313998628688	1	211756.03403669325	1282.6877596388038	1020	11	M+2ACN+2H
141.53356026217773	1	678.5403001348411	1282.4406852893462	1022	11	M+2ACN+2H
141.53188969125154	1	192.1578365350497	1278.9037440169218	1023	11	M+2ACN+2H
141.5349649724262	1	718.5462990216294	1280.7439461249862	1024	11	M+2ACN+2H
141.0333826684515	1	17071.990535362198	1283.6392934820767	1025	11	M+2ACN+2H
141.03474508990993	1	378.7485367094587	1275.628182693517	1029	11	M+2ACN+2H
198.00298423808377	1	173992.14757810935	1281.8163449866802	1030	11	M+H
200.0028143363898	1	34207.09901107823	1281.8599653694755	1031	11	M+H
202.00698787261845	1	144.0556953711047	1283.7545971464085	1033	11	M+H
199.0067010336656	1	136.90223734240797	1279.3886969670843	1034	11	M+H
199.00624640776306	1	12700.070137957771	1279.8941870542214	1035	11	M+H
198.99967006078003	1	696.3404250458001	1279.0074972057323	1036	11	M+H
200.00922291199936	1	212.11130394926252	1280.976916831493	1037	11	M+H
201.00623001530963	1	1751.3676874990858	1285.0751842873458	1038	11	M+H
215.02926922682212	1	162072.06098686604	1282.100444914056	1040	11	M+NH4
217.0295907292651	1	31818.891127692914	1278.6364002867435	1041	11	M+NH4
217.03370289895017	1	761.9441741878579	1282.60428093741	1042	11	M+NH4
217.03617145595112	1	190.20365483716785	1282.126034003522	1043	11	M+NH4
216.0336811052844	1	140.0716660437969	1280.0915283695572	1044	11	M+NH4
216.03252358816326	1	9264.091361471912	1279.2076640459495	1045	11	M+NH4
216.0263103690788	1	1282.569888372986	1283.5976686178496	1046	11	M+NH4
216.0357345218085	1	349.11460506641924	1282.0587410923827	1049	11	M+NH4
219.98457903217835	1	179916.72534304968	1278.906154341548	1050	11	M+Na
221.98482817747154	1	28634.13384915005	1281.1528537423662	1051	11	M+Na
221.9888942254249	1	815.0355797337186	1280.4345230422502	1052	11	M+Na
223.98905548342913	1	126.02982238288389	1281.1974903075013	1053	11	M+Na
220.98173998225633	1	703.375975106577	1277.6598670064889	1056	11	M+Na
221.9911119165018	1	210.0837793573398	1278.9598493977505	1057	11	M+Na
220.99108508800703	1	209.74810380156538	1278.889946380586	1059	11	M+Na
232.0334834265151	1	1197.1880102325679	1281.1142874398256	1062	11	M+CH3OH+H
234.0337122319899	1	200.3099913378703	1281.44481125265	1063	11	M+CH3OH+H
231.03323963930856	1	200.64975573953132	1278.7757713114834	1064	11	M+CH3OH+H
231.0321261150954	1	11510.980923641211	1282.0462382877365	1065	11	M+CH3OH+H
231.02567670433837	1	623.9152335404428	1278.8877884981175	1066	11	M+CH3OH+H
232.0355872045332	1	321.1309983404397	1277.7010312165323	1067	11	M+CH3OH+H
231.03528489176642	1	348.87584577577303	1279.152896568336	1069	11	M+CH3OH+H
241.02971572650657	1	26094.16839189674	1281.0108070328747	1071	11	M+ACN+H
241.0340300167867	1	777.9449124428913	1281.3457459358694	1072	11	M+ACN+H
241.0362696704121	1	404.3639146564704	1281.324750843231	1073	11	M+ACN+H
240.0335004523846	1	141.0004776577992	1279.8077134143034	1074	11	M+ACN+H
240.03243806149928	1	11692.023336040298	1283.058278457035	1075	11	M+ACN+H
240.02655206433346	1	1344.719903401204	1281.3186100020039	1076	11	M+ACN+H
242.03255749314104	1	2670.8962003408765	1283.4621795843293	1078	11	M+ACN+H
240.03529734049363	1	326.06087872169627	1283.358952190427	1079	11	M+ACN+H
75.53284939849088	1	117262.87845160416	1144.6770498698263	1080	12	M+2H
76.0323894888821	1	660.3959247984867	1142.4316451544646	1082	12	M+2H
76.53619843973406	1	100.2515651534468	1144.5010793637375	1083	12	M+2H
76.53499326526901	1	390.05082139700016	1140.832356753727	1084	12	M+2H
76.03448805812654	1	4913.82483444657	1139.7040550082947	1086	12	M+2H
76.03497717147135	1	63.21878175262859	1145.480367296736	1087	12	M+2H
76.03597440559804	1	140.75545048579585	1140.0987128889797	1088	12	M+2H
84.04610676168322	1	112015.4878417072	1141.4760505384224	1090	12	M+H+NH4
85.04385737724472	1	4760.593717482308	1143.0105410585265	1091	12	M+H+NH4
84.54590794713704	1	753.8472184277142	1136.2984515834185	1092	12	M+H+NH4
85.04802967210918	1	449.4815275991451	1146.0408783003395	1094	12	M+H+NH4
84.54769490572423	1	4975.861627956291	1140.9731773694132	1095	12	M+H+NH4
84.54922020191809	1	178.46367146129762	1145.0610452536973	1098	12	M+H+NH4
84.54447941939495	1	801.0379878396832	1142.679307869121	1099	12	M+H+NH4
96.04605870509644	1	92350.00771004525	1141.0621388453646	1100	12	M+ACN+2H
97.0438961005107	1	4816.569003420016	1141.2282710387915	1101	12	M+ACN+2H
96.54585539207375	1	606.0169065323954	1139.5927637623906	1102	12	M+ACN+2H
97.54558644419862	1	282.96579682798233	1141.2517171288248	1103	12	M+ACN+2H
97.04829712162105	1	384.02440898858396	1140.6587224652994	1104	12	M+ACN+2H
96.54755816284295	1	7544.320374017328	1142.5967297975767	1105	12	M+ACN+2H
97.04933264250127	1	230.89940246296894	1145.1123676998807	1106	12	M+ACN+2H
96.54801552076083	1	75.98441107600505	1146.104796596789	1107	12	M+ACN+2H
96.54915734986888	1	185.2257012932283	1143.3654182006305	1108	12	M+ACN+2H
96.54452386013375	1	555.2914080814835	1141.3400865128958	1109	12	M+ACN+2H
116.55929544884525	1	102574.1038455553	1141.135647079824	1110	12	M+2ACN+2H
117.55719268975962	1	3032.719268883296	1143.316510465871	1111	12	M+2ACN+2H
117.05910958000815	1	687.841882589701	1139.3876062178613	1112	12	M+2ACN+2H
118.05888264832977	1	418.781540000619	1143.331776190649	1113	12	M+2ACN+2H
117.56159559700971	1	404.2710866324813	1143.0348254227238	1114	12	M+2ACN+2H
117.06108255209506	1	8018.948984646869	1142.4498422126615	1115	12	M+2ACN+2H
117.56254992835137	1	420.47498244852596	1140.8147799669002	1116	12	M+2ACN+2H
117.06246233213383	1	246.36882860693188	1140.9415812355069	1118	12	M+2ACN+2H
117.05773830375473	1	1061.1557760783903	1143.7276259642078	1119	12	M+2ACN+2H
150.05821543674384	1	87469.72636291267	1141.4566297274425	1120	12	M+H
151.05752110776902	1	857.9395182277048	1141.4039270121268	1122	12	M+H
152.06274081470727	1	399.0696321474305	1142.6270469509466	1124	12	M+H
153.05753140705127	1	242.07056285885102	1139.4890186868122	1125	12	M+H
151.06264600423302	1	70.91376741713026	1143.2681505013084	1127	12	M+H
151.06447535681696	1	136.5685425205723	1141.0893333395538	1128	12	M+H
151.05564956486708	1	386.0591584778951	1140.5604413871329	1129	12	M+H
167.08474570714648	1	116082.94443955911	1141.73592937599	1130	12	M+NH4
168.08441701148018	1	866.891793579875	1140.4061451573582	1132	12	M+NH4
168.08812783086844	1	4278.703008721069	1143.6160512338938	1135	12	M+NH4
168.09149049304935	1	170.7395271859469	1141.5062070986614	1138	12	M+NH4
168.08184648448744	1	753.1387011950651	1136.934011115598	1139	12	M+NH4
172.04034417190002	1	110573.25105696631	1140.712540093974	1140	12	M+Na
174.0359069061059	1	3918.7827835539006	1140.8196661271518	1141	12	M+Na
173.03962942717757	1	1015.6273696466708	1143.5917357377932	1142	12	M+Na
174.04420078528562	1	342.2307871109636	1140.5066551753662	1144	12	M+Na
175.03937160451932	1	212.13824958529568	1142.678987814254	1145	12	M+Na
173.04311409364055	1	5603.089129090311	1142.7284272895274	1146	12	M+Na
173.03722784428797	1	416.912351119673	1138.20007766122	1149	12	M+Na
184.08016774302317	1	4956.484224962296	1142.3446980559875	1151	12	M+CH3OH+H
183.08352826335033	1	927.9468416010766	1135.9392332040043	1152	12	M+CH3OH+H
185.08364716943413	1	297.8293684918004	1139.572996350982	1153	12	M+CH3OH+H
183.08888543076915	1	91.55659290941658	1142.367809023217	1157	12	M+CH3OH+H
183.09110290805947	1	184.88095176624284	1141.279009258412	1158	12	M+CH3OH+H
191.08476840426508	1	78084.11264429543	1140.7485810182704	1160	12	M+ACN+H
194.08397913708572	1	301.0660011643679	1140.2384473292404	1163	12	M+ACN+H
193.08886283791384	1	397.6101090968685	1141.1546685208943	1164	12	M+ACN+H
193.09179286442776	1	218.31690657377894	1143.896656675646	1166	12	M+ACN+H
192.08908500659558	1	76.67150078129629	1144.9671303659145	1167	12	M+ACN+H
192.09108697638862	1	180.2987874651274	1145.849539574024	1168	12	M+ACN+H
103.55427161893707	1	165.92187550877543	944.0025128383039	1172	13	M+2H
104.5572206150183	1	48.19208316747044	943.3194069961568	1174	13	M+2H
104.05246584839065	1	218.53209172041272	943.4062581954465	1175	13	M+2H
103.55379910081342	1	31502.9565258667	946.7340426602555	1178	13	M+2H
104.55615164391394	1	108.81598487295763	944.2171676500453	1179	13	M+2H
112.56742131028072	1	968.1620644534834	947.1634845471102	1181	13	M+H+NH4
112.0675489240406	1	168.0913512563788	946.7280450522452	1182	13	M+H+NH4
112.56566341331431	1	264.2281516837069	945.8905111742805	1185	13	M+H+NH4
112.06876838303026	1	452.70335722203146	944.2837096714761	1186	13	M+H+NH4
112.06706277303675	1	26874.313190510627	946.1365190823961	1188	13	M+H+NH4
113.06944163285448	1	105.30331281003163	943.1446361498246	1189	13	M+H+NH4
123.56571583367433	1	277676.7804478481	943.5377042934417	1190	13	M+ACN+2H
124.56766950913652	1	904.5324355611654	943.9691787246517	1191	13	M+ACN+2H
124.06758429905753	1	194.72223684562098	945.279024063744	1192	13	M+ACN+2H
124.06396724984583	1	2973.5360583460183	947.2825709987543	1193	13	M+ACN+2H
124.56586984889775	1	409.710955467206	944.9113741876149	1195	13	M+ACN+2H
124.06853131007321	1	385.4600854505976	946.1453882044858	1196	13	M+ACN+2H
125.0694862406755	1	144.5325273294168	948.2765986146729	1199	13	M+ACN+2H
145.08072970611482	1	782.720359647553	944.5203203013536	1201	13	M+2ACN+2H
145.58390688406308	1	130.5486689749914	943.8992637363078	1205	13	M+2ACN+2H
144.58192275372122	1	512.1029087416667	944.227069198605	1206	13	M+2ACN+2H
145.08233849426676	1	2803.726141395283	947.3577281390853	1207	13	M+2ACN+2H
145.58254393388688	1	150.84148214039797	945.8020352735011	1209	13	M+2ACN+2H
205.09685867063178	1	247255.41823726252	942.4893827526181	1210	13	M+H
206.10108689702358	1	178.6508398889149	946.6800477126983	1212	13	M+H
206.09410786869552	1	1433.7648847298433	946.3587171876719	1213	13	M+H
208.10721389476356	1	58.27492895467323	943.0450241980401	1214	13	M+H
207.09789830491022	1	189.2296655594114	946.0298272578656	1215	13	M+H
206.103248744242	1	387.92143415511924	943.8930583133987	1216	13	M+H
206.10025824141937	1	26922.86509300927	944.8876720525141	1217	13	M+H
208.10503576485206	1	98.91575155330013	943.2879439253543	1218	13	M+H
207.10380010956828	1	1399.9518068985808	945.7623457615529	1219	13	M+H
222.12396335348797	1	271742.986496167	941.9679543192492	1220	13	M+NH4
224.1278051294097	1	841.8614519534506	947.4628278451906	1221	13	M+NH4
223.1280349758713	1	178.65227833657318	942.7351212827863	1222	13	M+NH4
223.12061768185285	1	2492.40987201664	944.443680166999	1223	13	M+NH4
224.13309855039853	1	44.71803771491263	946.1984546627233	1224	13	M+NH4
224.1244362252882	1	289.29598307011526	947.4960071167426	1225	13	M+NH4
224.13038470565223	1	1323.246485922296	943.3470727232229	1227	13	M+NH4
223.12689167733436	1	27550.422198240725	943.7326976301983	1228	13	M+NH4
227.0798208179931	1	222387.87326813806	945.4941610355284	1230	13	M+Na
228.0833136561417	1	177.04841710954818	943.915737381873	1232	13	M+Na
228.07617962666745	1	1949.339601352505	946.8906466798244	1233	13	M+Na
230.0888554065849	1	42.850995087095846	944.4628447816169	1234	13	M+Na
229.07925585503114	1	175.98584099297634	944.2862197478821	1235	13	M+Na
228.082781737043	1	27146.536923150983	944.2342264468933	1237	13	M+Na
230.0870418171621	1	132.1985201854735	945.5382452903198	1238	13	M+Na
229.08564301544234	1	1660.7925072417877	945.2527529825012	1239	13	M+Na
238.12771463678828	1	241.42088559250968	947.6143166890297	1242	13	M+CH3OH+H
240.13126063918415	1	207.3074987269351	944.4516926000535	1243	13	M+CH3OH+H
240.13361531461612	1	65.48670544892026	947.0000524878586	1245	13	M+CH3OH+H
239.12984127190228	1	1665.2062214241726	945.116956941426	1246	13	M+CH3OH+H
238.12955325498262	1	441.2110120287166	944.8869244836452	1247	13	M+CH3OH+H
238.12702557478013	1	25384.965708572643	944.6976447672719	1248	13	M+CH3OH+H
246.12382762203072	1	221355.35689370238	946.0613258077358	1250	13	M+ACN+H
248.1278627146889	1	865.8939120858179	946.9186952505189	1251	13	M+ACN+H
247.12803410043088	1	176.59512477604667	946.1584852188912	1252	13	M+ACN+H
248.12393221519	1	384.8045418029891	945.8665933873341	1255	13	M+ACN+H
248.13074941349308	1	2052.976749000739	943.3062456222206	1257	13	M+ACN+H
249.1310658085457	1	109.71225019462096	945.9439915479045	1259	13	M+ACN+H
77.54115948152234	1	346.41128272284783	1058.9856258861369	1261	14	M+2H
77.040973269945	1	60.04802047912697	1059.9836966246962	1262	14	M+2H
77.54378867159174	1	9.616841910095749	1064.16412426329	1264	14	M+2H
77.04038955143068	1	7252.396411083073	1059.683194653875	1266	14	M+2H
77.54218979094169	1	286.595348582122	1061.6847489081786	1268	14	M+2H
77.53905932066023	1	25.134632507127996	1063.5806222352821	1269	14	M+2H
85.05215359644178	1	72822.78523143972	1065.0462986126554	1270	14	M+H+NH4
86.05433586806981	1	382.1732163745354	1060.4056505236942	1271	14	M+H+NH4
85.5544736783975	1	63.95377533257696	1059.4982530820885	1272	14	M+H+NH4
85.55080512657966	1	611.3983857537222	1060.5944157509862	1273	14	M+H+NH4
86.0570973133062	1	11.253266122486203	1059.1791500257395	1274	14	M+H+NH4
86.05230025892114	1	54.84087320431093	1063.7018566305683	1275	14	M+H+NH4
86.05553721828576	1	285.1279737079156	1063.247824779087	1277	14	M+H+NH4
85.55365027606328	1	7338.525683386283	1062.7232347660067	1278	14	M+H+NH4
98.05439321981804	1	251.87428313116024	1061.0023206073581	1281	14	M+ACN+2H
97.55426577781233	1	53.11913374455601	1060.1370769010587	1282	14	M+ACN+2H
97.55072986781927	1	528.0774305852617	1064.0220577232406	1283	14	M+ACN+2H
98.05694124726101	1	14.888210183463965	1063.506137987206	1284	14	M+ACN+2H
98.05255770615787	1	63.78390339891443	1063.5551424992827	1285	14	M+ACN+2H
97.55547760361755	1	120.59674550639329	1062.2221192338277	1286	14	M+ACN+2H
98.05559470964167	1	408.5080747154375	1060.6805824349772	1287	14	M+ACN+2H
117.56560078275696	1	84345.92844189028	1059.666894718771	1290	14	M+2ACN+2H
118.06399625525516	1	952.0485219914112	1065.85602053219	1293	14	M+2ACN+2H
119.07058255567254	1	22.043548682032057	1061.6421446655156	1294	14	M+2ACN+2H
118.5688096739137	1	564.9206550399913	1065.2045911780995	1297	14	M+2ACN+2H
119.06903678283796	1	36.46013928211842	1063.9548456899834	1299	14	M+2ACN+2H
152.07044822934316	1	85778.76409429156	1065.9665481182417	1300	14	M+H
154.0747533893828	1	333.0668979546429	1062.1450109331543	1301	14	M+H
154.0803457496068	1	8.843971003019563	1056.331497291645	1304	14	M+H
153.0767313536567	1	95.059718854241	1060.722380090406	1305	14	M+H
153.07372923453755	1	6967.589569293877	1062.0040743194381	1306	14	M+H
155.07812575997764	1	29.685119816769962	1060.440954579338	1307	14	M+H
154.07087384528552	1	25.69763625475188	1061.7551052981262	1309	14	M+H
169.09713893993901	1	78112.00005608432	1067.116090272113	1310	14	M+NH4
170.1013057375156	1	55.690695702568185	1058.5816797147882	1312	14	M+NH4
170.09400474530335	1	648.5668271341339	1063.954041798442	1313	14	M+NH4
171.09753968937196	1	48.32888629730522	1061.3946323612158	1315	14	M+NH4
170.1006077633091	1	6629.488504015172	1063.7803565583552	1317	14	M+NH4
172.10465518267898	1	31.521253562766308	1062.9011565399014	1318	14	M+NH4
174.0524816052481	1	76110.30019944518	1063.4013836930696	1320	14	M+Na
175.05672052438243	1	71.39580580804781	1062.0693849784457	1322	14	M+Na
175.04959038088793	1	304.4504275744808	1060.9291265401978	1323	14	M+Na
176.0621172132602	1	9.610309272479018	1061.7128019473885	1324	14	M+Na
175.0590024468152	1	77.35715348468179	1062.5996896618974	1325	14	M+Na
184.0968436123126	1	83562.9456872647	1059.4897070450859	1330	14	M+CH3OH+H
186.09727113157248	1	31.402252213745594	1061.2838826478237	1333	14	M+CH3OH+H
185.09339827525213	1	294.3607663359535	1063.5214156500374	1334	14	M+CH3OH+H
186.1066035214563	1	13.766036698849534	1063.2969724517616	1335	14	M+CH3OH+H
185.10335072029656	1	115.74914630143768	1063.2708356240787	1336	14	M+CH3OH+H
187.1048647329367	1	50.86665182786628	1062.8006471501583	1338	14	M+CH3OH+H
186.10333587471735	1	398.02101692690684	1059.615195843283	1339	14	M+CH3OH+H
193.09708976696638	1	79978.0110683734	1064.0215016350014	1340	14	M+ACN+H
194.10119654085324	1	58.175045051839206	1064.037602241674	1342	14	M+ACN+H
194.09418218062507	1	684.6655963832412	1060.6847205370195	1343	14	M+ACN+H
194.10060741168965	1	10733.262273728791	1062.1504929436803	1347	14	M+ACN+H
196.10493082842902	1	39.17639120051691	1066.391329159333	1348	14	M+ACN+H
195.1038003307458	1	440.7286065707099	1062.8332510560003	1349	14	M+ACN+H
83.54682109702922	1	227567.5436056401	1443.9606469138334	1350	15	M+2H
84.04909577129216	1	165.27299645654008	1445.4606025537928	1352	15	M+2H
84.04516466360727	1	767.0394471837004	1446.804963784548	1353	15	M+2H
84.55163483359874	1	34.91825555626262	1444.0291426040578	1354	15	M+2H
85.05059639919124	1	80.41911514632208	1444.4942739413632	1357	15	M+2H
84.55015954352838	1	868.3730295392071	1445.0128294050405	1358	15	M+2H
84.54698557518952	1	94.15963993348063	1442.2244440491666	1359	15	M+2H
92.06007416661927	1	211978.8862057066	1442.9312461289423	1360	15	M+H+NH4
93.06207335452297	1	848.2161716301001	1440.8523552874187	1361	15	M+H+NH4
92.56221415612194	1	140.2750524592954	1441.2124645362203	1362	15	M+H+NH4
92.55860638988301	1	1661.7545701751098	1443.7956298473378	1363	15	M+H+NH4
93.06502265667613	1	34.45038854881814	1441.3631060225637	1364	15	M+H+NH4
93.06347068450852	1	1063.7409200856348	1443.2640153077812	1367	15	M+H+NH4
92.56165877426822	1	19679.937492059995	1442.419530297081	1368	15	M+H+NH4
93.56377012423052	1	93.75490623815467	1442.5383009430263	1369	15	M+H+NH4
104.0597559755775	1	227066.8950307622	1442.6233555423498	1370	15	M+ACN+2H
105.06216581798498	1	688.6667384360206	1442.684617023872	1371	15	M+ACN+2H
104.55845859263678	1	1380.627520674138	1441.9880947922913	1373	15	M+ACN+2H
105.06014289261196	1	197.21678781258737	1443.4776015749526	1375	15	M+ACN+2H
105.06347415175127	1	1221.6470207871282	1443.1661464234658	1377	15	M+ACN+2H
104.56173874525935	1	23861.840752693526	1445.2230943698592	1378	15	M+ACN+2H
124.57377263469631	1	180729.10323439832	1446.2161957896556	1380	15	M+2ACN+2H
125.57559261063612	1	797.6161880391977	1441.5908402394214	1381	15	M+2ACN+2H
125.07560141619874	1	163.60454714534472	1445.1100773350356	1382	15	M+2ACN+2H
125.07166087394562	1	1915.8607225122666	1444.8787120317222	1383	15	M+2ACN+2H
126.0782810485598	1	75.58680115446141	1446.8765549270054	1384	15	M+2ACN+2H
125.07643301748219	1	457.08268958501884	1442.5078122821565	1386	15	M+2ACN+2H
125.57677532583395	1	1626.2467560626399	1441.7676257054945	1387	15	M+2ACN+2H
125.07497905245621	1	24132.2943125114	1443.8224837215757	1388	15	M+2ACN+2H
126.07711728244684	1	138.97471333466123	1442.275329914784	1389	15	M+2ACN+2H
166.08613279662907	1	209466.48449829174	1443.6689911256003	1390	15	M+H
168.09035267181787	1	1018.3361694962642	1446.9173545240565	1391	15	M+H
167.09041515331108	1	168.28475916967545	1444.5033417599386	1392	15	M+H
167.08301163405406	1	751.9110286053965	1444.7162043973537	1393	15	M+H
167.08970477325283	1	17421.565357617023	1443.0463469508852	1396	15	M+H
169.09400663543153	1	100.9284597456379	1441.5870475924785	1397	15	M+H
168.09319700929322	1	840.0974085006516	1443.1129304143647	1398	15	M+H
168.08678363814025	1	65.73677868026805	1443.5922343564673	1399	15	M+H
183.11270640820857	1	218060.31357343876	1441.391143924211	1400	15	M+NH4
185.11687145454434	1	828.2543689394583	1443.1592827985676	1401	15	M+NH4
185.1223050046859	1	37.58820501351168	1443.5109978652688	1404	15	M+NH4
184.11910838296154	1	372.3950795467836	1442.1394432419163	1406	15	M+NH4
185.11973487441	1	1009.5369930597083	1444.5975017048654	1407	15	M+NH4
184.1161994073213	1	24144.776797278486	1441.7358930526286	1408	15	M+NH4
189.07246105811072	1	150.19845975441044	1442.9822567688225	1412	15	M+Na
189.06498940230423	1	741.9635421220618	1441.9063084893085	1413	15	M+Na
190.0776209419551	1	27.640373057099026	1444.6282244602949	1414	15	M+Na
189.0746364089974	1	311.9430592629577	1440.479705502697	1415	15	M+Na
190.07484544557082	1	1064.938449197285	1440.1134658703409	1418	15	M+Na
190.06846723390427	1	78.29027878090153	1442.2561215107983	1419	15	M+Na
198.1119637517042	1	191467.73023630193	1444.1543833138296	1420	15	M+CH3OH+H
200.1168336106551	1	1131.9183445491929	1440.8620210865117	1421	15	M+CH3OH+H
200.1127904957356	1	82.29951212267433	1442.1954564806517	1423	15	M+CH3OH+H
201.11999902445913	1	147.15584312227801	1439.4848676997492	1429	15	M+CH3OH+H
207.11293625595624	1	240349.12695768167	1443.8327627518768	1430	15	M+ACN+H
208.11694031624168	1	161.83621738211312	1444.6494802501056	1432	15	M+ACN+H
208.10974947698202	1	1652.5711146829433	1444.956885547092	1433	15	M+ACN+H
210.12272707567507	1	50.59487825624612	1441.3145840851744	1434	15	M+ACN+H
209.11295642586563	1	159.88445715151346	1443.051150709864	1435	15	M+ACN+H
208.11939161679803	1	364.3241811566677	1442.9588683267123	1436	15	M+ACN+H
209.11958816009366	1	1442.4025006723998	1443.245027151666	1437	15	M+ACN+H
208.11637067700713	1	23482.788611335505	1445.2208555626798	1438	15	M+ACN+H
66.55451250315868	1	66647.51057556218	921.5801107298909	1440	16	M+2H
67.05665507850168	1	52.81999115740651	920.7609146437825	1442	16	M+2H
67.0531058858294	1	299.5148644650495	921.930289972528	1443	16	M+2H
67.55948107539143	1	8.060070515550269	920.4751272269723	1444	16	M+2H
67.05776988660564	1	115.52668143964767	923.0618304212175	1445	16	M+2H
67.05628207465833	1	4888.180288827426	920.1651395981343	1446	16	M+2H
68.05845698435402	1	23.856008053966324	922.4127536520255	1447	16	M+2H
67.55782955522554	1	123.29915869918723	920.6159058722794	1448	16	M+2H
67.55478914354144	1	15.21238112928076	922.0633000441003	1449	16	M+2H
75.06777847712856	1	91464.3366945785	925.1962903584564	1450	16	M+H+NH4
76.0699210784399	1	288.0369333391878	923.2332343000759	1451	16	M+H+NH4
75.57002253979704	1	61.2175032938318	922.470751069295	1452	16	M+H+NH4
75.5665016641305	1	614.4525357654206	921.2844230344035	1453	16	M+H+NH4
76.07127191996905	1	112.22387820868109	924.1059348052694	1455	16	M+H+NH4
75.57093238441324	1	133.26308097919474	925.0737101062891	1456	16	M+H+NH4
76.06793903757227	1	33.36991701718987	923.6089240094944	1457	16	M+H+NH4
75.56970237237127	1	4862.983499598595	924.9163723301266	1458	16	M+H+NH4
76.5716126009528	1	21.86172857647234	919.8290908452138	1459	16	M+H+NH4
87.06781784884596	1	67496.05099175213	919.000154633732	1460	16	M+ACN+2H
87.57005281323157	1	51.92091928499781	922.3674454814559	1462	16	M+ACN+2H
87.56643412911741	1	550.7810381076694	924.3121143619628	1463	16	M+ACN+2H
88.07264239093715	1	15.320045970204172	918.870507182094	1464	16	M+ACN+2H
87.56952507190044	1	6905.423431577453	921.4747819045078	1468	16	M+ACN+2H
88.57171578674874	1	24.81828841595529	919.3012184106872	1469	16	M+ACN+2H
107.58122739647557	1	61290.10748611695	922.6043257479306	1470	16	M+2ACN+2H
108.5832894369849	1	348.51340285915916	919.5224894703077	1471	16	M+2ACN+2H
108.0831434609212	1	47.59809161796952	925.6051325833531	1472	16	M+2ACN+2H
108.58603973324303	1	18.723432112470658	925.130457564815	1474	16	M+2ACN+2H
108.58127280327892	1	78.73662071409257	922.1902627689817	1475	16	M+2ACN+2H
108.08437401247208	1	155.42351999571412	922.1283835638209	1476	16	M+2ACN+2H
108.08284364099369	1	7060.4786765449735	918.3690618472951	1478	16	M+2ACN+2H
109.08500850932963	1	37.8286283470983	921.9202866833768	1479	16	M+2ACN+2H
132.10191809857494	1	73319.7041874827	925.5867727163105	1480	16	M+H
134.10611280604047	1	344.2544612124027	921.3530614184119	1481	16	M+H
133.0991164301943	1	277.68944135130755	918.5119855783461	1483	16	M+H
133.1081365626126	1	129.4813246249163	924.3276453131083	1485	16	M+H
133.10549760104487	1	4678.363376420478	924.6081274103342	1486	16	M+H
134.10872414052085	1	97.34629403733481	921.3081883931603	1488	16	M+H
134.10219808334725	1	17.290128281029904	922.4959625875374	1489	16	M+H
151.1327230504772	1	291.8288435629798	924.7917665287501	1491	16	M+NH4
150.1327546399905	1	53.20845304455012	923.7228012046465	1492	16	M+NH4
150.12571582428947	1	467.0753742870875	923.8490842946733	1493	16	M+NH4
151.13791818286097	1	9.262678333770127	920.5042668292816	1494	16	M+NH4
151.13512410981104	1	119.78705738973387	921.6028181445894	1495	16	M+NH4
150.1316974180433	1	5048.4011384405385	920.4044332130502	1498	16	M+NH4
152.13592407651888	1	17.20480161436779	923.0672097751544	1499	16	M+NH4
154.08380957907153	1	74529.5896185014	920.8185027612464	1500	16	M+Na
155.0879904323795	1	43.77732209818975	919.3389235991676	1502	16	M+Na
155.08087067610563	1	337.777588392076	921.3811716292458	1503	16	M+Na
156.093398830538	1	6.638138425706381	923.3235293959689	1504	16	M+Na
155.08708258554807	1	5027.508600510925	922.6794054441448	1506	16	M+Na
157.09169872326595	1	18.55184109506298	921.4410451729824	1507	16	M+Na
156.0841295313868	1	19.51042951162173	923.656138818568	1509	16	M+Na
164.1281509286036	1	66761.99759763546	924.2978695234225	1510	16	M+CH3OH+H
166.13247072440572	1	434.54492969573215	923.6185586796785	1511	16	M+CH3OH+H
165.132719368036	1	73.48985268450377	923.2448906673557	1512	16	M+CH3OH+H
166.1348370283423	1	177.53018835200552	922.472703972871	1513	16	M+CH3OH+H
165.12496517283478	1	292.3814483851255	921.8160424641892	1514	16	M+CH3OH+H
165.13444444731425	1	152.43121540259148	921.8235128280542	1516	16	M+CH3OH+H
166.12848973410524	1	21.19423501549722	924.5485380964527	1517	16	M+CH3OH+H
165.13158781539408	1	4093.3642697105506	920.6401499329025	1518	16	M+CH3OH+H
173.12872711897944	1	69994.64050486723	919.752205170919	1520	16	M+ACN+H
175.13238877568915	1	264.04321049441205	924.7601915183104	1521	16	M+ACN+H
174.13309279793057	1	62.51380543473001	923.4613778501938	1522	16	M+ACN+H
174.1256341866675	1	622.7706656822746	919.2144629162134	1523	16	M+ACN+H
175.1350480404907	1	224.05076990702983	922.9419227725542	1525	16	M+ACN+H
174.1345743721291	1	147.3989107476012	924.6845333107339	1526	16	M+ACN+H
175.12864022917333	1	47.87139915956846	925.9562219102056	1527	16	M+ACN+H
174.1319662314433	1	6120.631172834306	922.5969454493389	1528	16	M+ACN+H
176.13600219386709	1	24.591897698493316	926.2799168070076	1529	16	M+ACN+H
189.07625467813074	1	166514.04749760768	990.80706395505	1530	17	M+2H
190.0787604721331	1	1959.3886351989881	990.3578181511301	1531	17	M+2H
189.5784806474155	1	363.4471890404029	990.3233440162757	1532	17	M+2H
190.0800848741595	1	2740.348903151767	988.6903146003416	1533	17	M+2H
189.5750527717058	1	2739.656666475021	988.6158177168543	1535	17	M+2H
190.5814756045085	1	174.70375290057115	992.7446255368078	1536	17	M+2H
190.0769901072097	1	440.2430016781868	988.4119708221275	1538	17	M+2H
198.59177893772352	1	1900.43852986789	988.5779374032229	1541	17	M+H+NH4
198.09195235814323	1	425.88420338347316	991.0980047455972	1542	17	M+H+NH4
198.59334224985736	1	2605.7402980404836	988.8664338568861	1543	17	M+H+NH4
198.09105055488916	1	24862.231254208702	990.9442900629201	1547	17	M+H+NH4
198.5897973042838	1	526.6566012876635	986.3416620835219	1548	17	M+H+NH4
198.0929004067096	1	480.15154350589364	991.8396317443751	1549	17	M+H+NH4
209.5896007870834	1	153998.53722957638	990.4721325888978	1550	17	M+ACN+2H
211.09366979442174	1	438.6580237694833	989.1576155494416	1554	17	M+ACN+2H
210.08798015520364	1	3254.056483335354	990.150498021261	1555	17	M+ACN+2H
210.09094037351588	1	31395.257766400686	987.45074121285	1557	17	M+ACN+2H
210.58989742201845	1	610.2420496863924	993.1919696872883	1558	17	M+ACN+2H
210.0932839082469	1	531.7536290255098	992.0151629155829	1559	17	M+ACN+2H
230.10303771415394	1	151743.71540860934	990.2947128234676	1560	17	M+2ACN+2H
231.10527299168814	1	1903.237462587822	987.7997657384867	1561	17	M+2ACN+2H
230.60504882389932	1	386.48111589372866	986.1216038058778	1562	17	M+2ACN+2H
231.60669093524888	1	456.57489996315616	988.3382212096135	1563	17	M+2ACN+2H
230.6017377036411	1	3907.882520031277	987.3988751454347	1565	17	M+2ACN+2H
231.10268136109065	1	833.6064237893193	989.9955566010736	1568	17	M+2ACN+2H
377.14589353729946	1	172535.2688479937	991.3535537613922	1570	17	M+H
379.1501395500678	1	2048.746668464664	989.5878544121999	1571	17	M+H
378.14958255063345	1	404.71148748562126	988.395092852855	1572	17	M+H
380.15343981154194	1	333.83416869204495	987.7743231432851	1574	17	M+H
380.15534584576193	1	125.2500113167347	989.8225001679123	1576	17	M+H
378.15147377276094	1	455.7944846609172	992.8584151514116	1579	17	M+H
394.17264060398844	1	173031.74869979057	987.8416615103989	1580	17	M+NH4
396.1763751120722	1	2060.6282898364348	989.5177973826189	1581	17	M+NH4
395.16895847346024	1	3207.1997145899877	992.9388797961687	1585	17	M+NH4
395.17518746488884	1	31461.567499226774	992.3389870133987	1587	17	M+NH4
395.1783524578826	1	423.86268566746134	992.7435056971992	1589	17	M+NH4
399.1274581346636	1	162811.00818397885	988.7292124815001	1590	17	M+Na
401.1324404495894	1	2056.098101583376	986.103740993282	1591	17	M+Na
400.1308927810491	1	325.7780100527888	989.1252557663342	1592	17	M+Na
401.1339237927809	1	2327.6934508255977	986.4912305379991	1593	17	M+Na
402.13511495337843	1	359.63154340718165	988.2178744383463	1594	17	M+Na
400.1247225987742	1	3017.7258555844587	988.2597505603517	1595	17	M+Na
400.1310931391973	1	39371.81874640165	991.8555009777659	1597	17	M+Na
401.12826862552805	1	409.9618967038578	989.0137901513021	1598	17	M+Na
400.1337024034525	1	406.6702449693432	989.9985702561214	1599	17	M+Na
409.1720752226689	1	161208.11753592236	990.4867888409774	1600	17	M+CH3OH+H
410.1759766420049	1	442.2740195365884	991.690978983906	1602	17	M+CH3OH+H
411.17176934874385	1	503.1344766231208	990.9576874251069	1603	17	M+CH3OH+H
410.17497653589874	1	31233.1416111964	990.522583730312	1604	17	M+CH3OH+H
410.1680711166827	1	2543.2511292774316	989.4024454766974	1605	17	M+CH3OH+H
412.18268676130896	1	178.81942811388086	990.9606603447153	1606	17	M+CH3OH+H
411.17826352913113	1	3144.919494181383	989.3637572718364	1608	17	M+CH3OH+H
410.1785463118095	1	481.6663799646094	992.1268080542735	1609	17	M+CH3OH+H
420.1765434880704	1	2348.656652298248	986.6343225528813	1611	17	M+ACN+H
420.17898480314716	1	3856.9404125206056	990.0181028015205	1613	17	M+ACN+H
421.1798030548318	1	487.81290067626816	990.9481751216941	1614	17	M+ACN+H
421.1824283651544	1	184.35481713123625	990.9092778862162	1616	17	M+ACN+H
419.17497705603597	1	34302.920472254176	993.3492735460933	1617	17	M+ACN+H
420.1727820739608	1	795.4965307435152	988.9701908638763	1618	17	M+ACN+H
62.52333310296055	1	708309.2476312175	1212.910154533521	1620	18	M+2H
63.52533624631338	1	3229.9079656696167	1213.2323965361313	1621	18	M+2H
63.025384762906725	1	638.8571706880258	1216.2878172379524	1622	18	M+2H
63.02175643805915	1	2400.771935632937	1212.5946249160352	1623	18	M+2H
63.52817375111371	1	36.360310954953576	1212.7647247073592	1624	18	M+2H
63.02643139796985	1	540.5588067720289	1212.583324422838	1625	18	M+2H
63.02502925192854	1	41748.87176845844	1215.9756370577766	1626	18	M+2H
63.526579344323395	1	1423.3744226316248	1215.495040404018	1628	18	M+2H
72.03867499017383	1	3005.908661553801	1214.02641970824	1631	18	M+H+NH4
71.53876684201305	1	436.693589073295	1212.5946833127896	1632	18	M+H+NH4
71.53512013188337	1	5437.1728313224185	1214.8984131983984	1633	18	M+H+NH4
72.04132652744164	1	38.92019966172741	1212.3845603270208	1634	18	M+H+NH4
72.03679941104942	1	342.68015173908407	1216.5371338289228	1635	18	M+H+NH4
71.53958963855165	1	1095.3758841887723	1213.6489180286617	1636	18	M+H+NH4
71.5382105381444	1	52528.072968533976	1214.4967560419843	1637	18	M+H+NH4
72.03989796262226	1	1207.288366055739	1216.8663416650695	1639	18	M+H+NH4
84.03859667816805	1	2337.834387165482	1212.6216241391307	1641	18	M+ACN+2H
83.53878163168994	1	488.12189700693057	1213.8678054465445	1642	18	M+ACN+2H
83.53505436211752	1	4397.655407320203	1214.2002871184259	1643	18	M+ACN+2H
84.04138399107957	1	78.19721230096431	1216.641726269105	1644	18	M+ACN+2H
83.53846530380552	1	69131.64616485605	1211.4975764610201	1647	18	M+ACN+2H
84.54033382592863	1	244.34298192728468	1213.9232830363462	1648	18	M+ACN+2H
104.55184582261201	1	3029.070953590628	1215.6713795798346	1651	18	M+2ACN+2H
104.04824046229356	1	6267.072750051154	1215.7489429850793	1653	18	M+2ACN+2H
104.05299512902953	1	1047.5632740895094	1215.175469660073	1656	18	M+2ACN+2H
104.55327098545207	1	3586.1246827609434	1214.4425322547118	1657	18	M+2ACN+2H
124.03927184643601	1	709074.7677897321	1210.9738177550337	1660	18	M+H
125.04353675687565	1	507.2998375381467	1213.6428431910615	1662	18	M+H
125.03648622572295	1	2305.714465212257	1213.747421641032	1663	18	M+H
126.04610047736209	1	1182.9072705473918	1215.5227599200716	1664	18	M+H
125.04559659949055	1	445.05025177581723	1215.4023978681682	1665	18	M+H
125.04270251270249	1	43631.112579121334	1216.2827508404098	1666	18	M+H
127.04690405564213	1	181.46368340720156	1216.3123976611232	1667	18	M+H
126.04686560518049	1	36.705604271216124	1213.2343587446983	1668	18	M+H
126.03966069431743	1	181.0864709288139	1214.9602492637835	1669	18	M+H
141.06589397664837	1	864830.9617755014	1211.3749998523588	1670	18	M+NH4
143.06994231164538	1	3033.7950565048927	1214.3330272989756	1671	18	M+NH4
142.07020764185117	1	619.3108074643912	1215.1501882867506	1672	18	M+NH4
142.0629878259037	1	5002.131090132446	1215.3874724240006	1673	18	M+NH4
143.06605580610218	1	398.11818153569055	1215.0674662639283	1675	18	M+NH4
142.07207227431067	1	690.1608063592755	1208.5416559786997	1676	18	M+NH4
142.06946343278798	1	40333.53831417407	1216.5835971127399	1677	18	M+NH4
144.07343832191594	1	219.14185887731614	1216.0515669775364	1678	18	M+NH4
146.0211463903356	1	845478.3420569141	1216.9556180143143	1680	18	M+Na
148.02565691145347	1	2987.8015099431004	1207.3702549233883	1681	18	M+Na
147.01815899436255	1	2104.954002757544	1213.8890877189601	1683	18	M+Na
148.02801417056423	1	1312.515645616653	1216.0203612089906	1684	18	M+Na
147.02760761792123	1	426.42932066609984	1211.3371273862333	1685	18	M+Na
149.0291471894901	1	184.38875276402118	1218.5890905718343	1687	18	M+Na
148.02898895883973	1	34.40735951974555	1214.1415395650267	1688	18	M+Na
148.02162463630373	1	177.39226679166447	1215.7255687046036	1689	18	M+Na
156.06566502862674	1	742957.4757540054	1212.9327701953373	1690	18	M+CH3OH+H
158.06986281101553	1	4200.247103323263	1215.4348567790053	1691	18	M+CH3OH+H
157.06962387844973	1	756.1116990402351	1212.27812979194	1692	18	M+CH3OH+H
158.06574745150078	1	185.12559806746702	1215.0064457919063	1693	18	M+CH3OH+H
157.0624728098326	1	2764.4838589447368	1212.8616925325844	1694	18	M+CH3OH+H
158.07491614515857	1	67.50514788331672	1215.6953971400878	1695	18	M+CH3OH+H
157.06895807480632	1	41521.172898513	1219.7755649165038	1697	18	M+CH3OH+H
159.07314852727023	1	344.82697937643536	1211.8705600914645	1698	18	M+CH3OH+H
158.07207474739945	1	1868.1537743657861	1214.7265000510733	1699	18	M+CH3OH+H
167.0699567245427	1	3427.2939706067614	1216.7286109465324	1701	18	M+ACN+H
166.07018775372052	1	560.1115613387633	1213.664844388819	1702	18	M+ACN+H
167.07548651425748	1	63.73456318471943	1211.3859837152374	1704	18	M+ACN+H
167.06628691080073	1	460.9904727630089	1214.7289081042238	1705	18	M+ACN+H
166.07195330483722	1	852.4549355169635	1214.7501905962818	1706	18	M+ACN+H
166.06924253752766	1	53151.51341329712	1214.2243042022224	1707	18	M+ACN+H
168.07384805529773	1	243.1806518361192	1213.9592476154364	1708	18	M+ACN+H
167.0728009965971	1	2728.017974900429	1213.662702867499	1709	18	M+ACN+H
69.53123801140238	1	95856.81015207365	826.3390310370786	1710	19	M+2H
70.53332916723875	1	339.56018874705524	823.3548290294857	1711	19	M+2H
70.03317167017599	1	69.75627477703635	827.9761537436264	1712	19	M+2H
70.02963988726688	1	343.45586942970925	825.4960838767992	1713	19	M+2H
70.03421876504568	1	91.4597094684858	827.9157137545594	1715	19	M+2H
71.03499909488073	1	23.985116596274878	828.3050012745748	1717	19	M+2H
70.53454585270306	1	215.22886896115324	827.8922733479582	1718	19	M+2H
70.53112421010512	1	25.503331553730984	823.9166970205193	1719	19	M+2H
78.0443711267379	1	67183.60880861543	827.7924829771379	1720	19	M+H+NH4
78.54289441015133	1	691.8400917981052	825.749428514307	1723	19	M+H+NH4
78.54613869604658	1	7238.829604855411	829.783981869144	1727	19	M+H+NH4
79.54817380226477	1	25.323385241364075	828.4964895184778	1728	19	M+H+NH4
91.04643858905104	1	319.88243020468644	826.0301330789981	1731	19	M+ACN+2H
90.54657122237938	1	59.305111400963945	828.524540972509	1732	19	M+ACN+2H
91.0444630697534	1	69.65871086374459	825.4191196863517	1735	19	M+ACN+2H
90.5476203723989	1	118.18744479756856	825.9311209880367	1736	19	M+ACN+2H
90.54610073246674	1	8384.74651878162	824.126759143532	1737	19	M+ACN+2H
91.04779672379313	1	349.68834014285005	825.2841742352124	1739	19	M+ACN+2H
110.55770562518227	1	73752.04898143778	824.4056561645777	1740	19	M+2ACN+2H
111.55983664818264	1	301.41072179916375	824.3060963433949	1741	19	M+2ACN+2H
111.05627336154018	1	975.9605868558089	830.9367334280073	1743	19	M+2ACN+2H
112.06269948867045	1	21.85712605402971	825.7090563743087	1744	19	M+2ACN+2H
111.5578032580963	1	132.72514690898083	825.146242025077	1745	19	M+2ACN+2H
111.06070197390036	1	142.58789074421384	826.3167467691223	1746	19	M+2ACN+2H
111.56108366545878	1	457.53191935771747	825.2853507476893	1747	19	M+2ACN+2H
111.05925244705887	1	10250.371548024326	825.2287561210508	1748	19	M+2ACN+2H
112.06152124867356	1	39.16992115937524	823.918613106388	1749	19	M+2ACN+2H
140.05924480710942	1	461.3809354665458	822.217920640614	1751	19	M+H
139.05911289764092	1	73.44725330451857	825.9482194923988	1752	19	M+H
139.0518493628696	1	325.4644599243772	827.0866588356396	1753	19	M+H
139.05815532180887	1	6925.582247480377	827.875287942244	1756	19	M+H
140.06170660110865	1	187.19134196086324	826.056659371921	1758	19	M+H
140.0552804199703	1	23.177829839886908	828.0612867077518	1759	19	M+H
155.08131484353058	1	93332.48307155156	827.9719305665516	1760	19	M+NH4
156.0857909530932	1	69.51046325712693	825.5470952308259	1762	19	M+NH4
156.0781075144321	1	642.1094106878525	825.0429963019839	1763	19	M+NH4
157.0819474272575	1	49.537821422776894	827.9280616833681	1765	19	M+NH4
156.08800714742725	1	108.47653780249273	823.2328844535456	1766	19	M+NH4
156.08488167208762	1	7056.775675621643	825.7513786903686	1767	19	M+NH4
158.08905264793927	1	34.13945900755499	825.7934107204114	1768	19	M+NH4
157.08804630694095	1	256.74948867693047	825.9793292943325	1769	19	M+NH4
162.0412680793701	1	377.3046042482143	826.1046850052006	1771	19	M+Na
161.0409724832147	1	62.72029010624232	825.1800771039524	1772	19	M+Na
161.03407540947697	1	327.16602351330073	827.2773094144633	1773	19	M+Na
162.0465806483261	1	6.037046066869081	828.1942020898135	1774	19	M+Na
161.043132434984	1	64.04921018002878	825.1368929697392	1775	19	M+Na
161.04022460097235	1	7174.360831797187	826.6321872899861	1776	19	M+Na
163.04470424522384	1	28.40950637202675	824.0781833407685	1777	19	M+Na
162.04369054232154	1	179.9159910516324	825.3324910776832	1778	19	M+Na
172.0855238849685	1	565.92439662018	829.6849975259902	1781	19	M+CH3OH+H
172.08116276938162	1	25.81326931114278	824.1537057118837	1783	19	M+CH3OH+H
171.07825602045986	1	305.7553599610165	823.6986815304391	1784	19	M+CH3OH+H
172.09089966570937	1	10.443569054937512	828.4591505882851	1785	19	M+CH3OH+H
173.08890992409516	1	43.51307449614471	827.6022340417928	1788	19	M+CH3OH+H
172.08800281716108	1	298.0584980321426	827.1746941500987	1789	19	M+CH3OH+H
179.08171192935546	1	86190.30014901505	828.878877011801	1790	19	M+ACN+H
181.08545054038672	1	318.6895651457249	824.2062031052604	1791	19	M+ACN+H
180.08567830373383	1	70.24749542692004	830.3237789148374	1792	19	M+ACN+H
180.0785771442814	1	605.9740868173807	825.6985629498026	1793	19	M+ACN+H
181.0910998570803	1	11.492906787076762	827.662174387299	1794	19	M+ACN+H
181.08182924996476	1	58.08557670718009	830.9221984627821	1795	19	M+ACN+H
180.0879502505641	1	107.00525129124718	827.2278087032417	1796	19	M+ACN+H
182.0893406306535	1	36.9144775212935	826.7649837423397	1798	19	M+ACN+H
181.08841834690193	1	354.46337773775247	824.1165202896683	1799	19	M+ACN+H
