100.11201766726663	1	2.2070112E7	827.531982421875
102.03385953728922	1	1.9983478E7	2127.9599609375
102.03385107650132	1	1.2539385E7	2183.7099609375
102.03384515179482	1	8035042.5	2257.0
166.086225228782	1	7916746.0	753.1619873046875
167.0128023365424	1	7746964.5	2127.9599609375
122.54710664192527	1	6547574.5	2126.4599609375
102.03384461671587	1	6029128.5	2325.219970703125
114.06617855104751	1	5824748.0	1054.0400390625
102.03384125517137	1	5227854.0	2361.18994140625
298.0969938258933	1	5089331.5	594.89599609375
102.03384144585948	1	4905360.0	2384.659912109375
202.14373375248795	1	4840945.5	880.4819946289062
233.12849932657215	1	4606176.0	331.89599609375
102.03384199658835	1	4513984.0	2405.110107421875
170.08103952798606	1	4321519.0	984.1439819335938
102.03384134841379	1	4306586.0	2425.610107421875
124.03931196992504	1	4211610.5	448.7510070800781
309.18434472659584	1	3922009.25	827.531982421875
137.04574445908952	1	3834337.25	617.3880004882812
136.06176106974416	1	3730082.25	910.968017578125
116.07056620601327	1	3641553.5	950.5020141601562
102.03384324000677	1	3619460.5	2460.3701171875
132.1018549354562	1	3578135.5	791.7780151367188
265.1118347566462	1	3556940.5	1813.72998046875
102.03383825254278	1	3463801.75	2487.4599609375
269.08807450949075	1	3442637.25	617.3880004882812
102.03385202373138	1	3413845.0	77.09940338134766
102.03383799866717	1	3207199.75	2505.0400390625
217.17988529713202	1	3143088.75	311.7919921875
167.01278817533682	1	3097508.5	2230.85009765625
102.033834059436	1	2957382.75	2543.469970703125
118.08621164200272	1	2951643.5	890.1480102539062
102.03384051952109	1	2762998.25	2021.3499755859375
151.0352482913488	1	2722970.5	2069.989990234375
102.03383784557762	1	2714680.5	2000.469970703125
102.03382505375701	1	2713210.25	2063.909912109375
102.03383511948961	1	2607221.25	1937.4100341796875
144.06548193078316	1	2577473.75	561.9530029296875
102.03383065480912	1	2548450.0	2642.860107421875
133.0594709141457	1	2472289.75	1813.72998046875
189.12328452492628	1	2451715.25	1082.6500244140625
167.01278558796506	1	2398124.0	2264.719970703125
81.52048174527164	1	2370033.75	2127.9599609375
127.05019670540293	1	2282167.0	996.3359985351562
102.0338489019762	1	2169246.75	1818.3900146484375
199.1692449141116	1	2092120.625	308.54901123046875
94.54585462450467	1	2084769.0	2069.989990234375
102.03384336484673	1	2046268.125	1801.300048828125
167.01278265537522	1	1980585.75	2304.97998046875
102.03383058453849	1	1977561.0	1775.4100341796875
365.105655745883	1	1951059.375	757.93798828125
255.11034670791904	1	1877884.375	331.89599609375
268.11794805482236	1	1861580.0	707.6160278320312
245.06326052930805	1	1840149.5	505.447998046875
129.12735077349802	1	1803606.75	310.1629943847656
170.01192812930475	1	1781510.125	991.781982421875
102.53534587078275	1	1744861.125	2127.9599609375
132.06548667100174	1	1717052.25	1000.9000244140625
111.11675648430798	1	1672079.875	310.1629943847656
234.1336003028717	1	1541951.125	761.093994140625
167.01277735902448	1	1531259.125	2370.56005859375
101.11520904668464	1	1451428.375	827.531982421875
95.04372201736028	1	1427096.625	2074.570068359375
125.9861693570504	1	1369487.625	2127.9599609375
210.07944193010835	1	1350393.875	833.3939819335938
205.097094689361	1	1314508.125	796.4340209960938
263.073732389213	1	1279915.0	787.0499877929688
138.05493177574985	1	1271393.625	352.2909851074219
167.0127814578257	1	1267902.75	2405.110107421875
245.07620578422458	1	1244473.375	542.0130004882812
90.97661687469173	1	1233365.0	1277.1800537109375
122.5470805626341	1	1224143.75	77.09940338134766
347.09504806113586	1	1203556.75	543.5859985351562
182.98516780281392	1	1201457.0	25.203500747680664
114.55832385118019	1	1185061.25	2074.570068359375
244.09283634912848	1	1162338.25	1180.4100341796875
152.0705288057647	1	1135604.125	812.2860107421875
150.05830167304748	1	1104822.0	834.8759765625
167.01278249315894	1	1081536.625	2433.510009765625
148.06035321041267	1	1075184.75	1028.56005859375
120.06545567253438	1	1057129.125	1054.0400390625
122.54706858872497	1	1052320.0	2000.469970703125
122.54706903778558	1	1048079.5625	2019.739990234375
355.0637076278949	1	1037588.625	290.53900146484375
330.05994114479347	1	1032275.875	907.7999877929688
245.06371259837104	1	1011845.125	558.9149780273438
122.54707443584003	1	1007341.75	1935.800048828125
263.07375795090013	1	995707.75	821.6339721679688
122.54707526008704	1	970296.875	1906.6600341796875
167.01274843757494	1	953179.25	2063.909912109375
122.54707458391208	1	951223.5	2495.43994140625
400.1288027044847	1	938190.25	433.8949890136719
81.52046597062937	1	932115.1875	2238.510009765625
226.95144802311677	1	927115.5	1275.5899658203125
208.0393857418481	1	892720.4375	2126.4599609375
127.05015088334707	1	888630.5	414.0169982910156
227.1250333347043	1	884402.1875	1052.3900146484375
120.08076618945731	1	882649.5625	753.1619873046875
113.03448312189857	1	872633.6875	542.0130004882812
198.00273697827984	1	865966.5	820.1220092773438
365.10562064403774	1	863340.9375	801.1019897460938
182.98515742250342	1	855790.1875	2063.909912109375
208.03938247985266	1	843065.125	2142.93994140625
111.03909720206423	1	842377.25	2130.949951171875
324.12905761928914	1	838471.375	762.6719970703125
174.1025324804193	1	838408.0625	365.0830078125
79.02122131575385	1	834514.5	488.4639892578125
191.10257544187982	1	829590.25	1432.6199951171875
90.05495475519922	1	823091.9375	1128.4300537109375
237.11349024022945	1	820935.8125	659.6220092773438
122.54708124677616	1	808615.75	1798.1500244140625
102.53533355861127	1	802919.0	2230.85009765625
243.09760436947641	1	799219.875	414.0169982910156
147.07634473462812	1	798540.6875	1092.9000244140625
167.08938857819933	1	789359.6875	753.1619873046875
122.54706972757681	1	787664.0625	1772.1199951171875
245.13594674782135	1	785920.3125	352.2909851074219
106.04984986642111	1	774764.875	1124.9599609375
94.0651197137576	1	768572.4375	614.2739868164062
175.1189226472167	1	759233.625	1611.0400390625
220.11794323948982	1	755699.25	855.35400390625
122.54706599731638	1	744806.4375	2626.780029296875
244.0792118176633	1	738373.25	712.5
208.03935024472227	1	724443.625	2118.949951171875
167.01277670825536	1	719267.1875	77.09940338134766
123.0486786399033	1	715723.6875	2126.4599609375
258.1101808787069	1	708019.9375	1199.2099609375
76.07570475858604	1	705823.125	16.43269920349121
102.53534058948229	1	694883.9375	2253.909912109375
73.53176619249264	1	689894.875	2066.949951171875
167.01278087493594	1	688819.875	2021.3499755859375
377.14577159895913	1	675945.5	455.031005859375
167.0127776602811	1	658526.1875	1997.260009765625
133.06069777718048	1	653624.25	1121.469970703125
234.13171114136253	1	632167.875	331.89599609375
365.1056173536291	1	625542.8125	697.5360107421875
132.00314592071612	1	622742.5625	1275.5899658203125
122.54707090399101	1	616815.9375	1669.4599609375
299.099967289542	1	614533.9375	594.89599609375
117.1385820166702	1	601287.375	2014.9100341796875
537.1691107669454	1	598852.5625	617.3880004882812
167.0338642026621	1	584529.0	344.5639953613281
134.0447124832368	1	578180.5	1057.3599853515625
167.0127796372535	1	573229.5	66.6498031616211
81.52047689529262	1	570371.625	2370.56005859375
102.03383762154326	1	569644.5625	1183.81005859375
81.52047678813443	1	565550.5625	2381.530029296875
160.086899600824	1	562686.5625	341.47900390625
170.081125543062	1	551941.75	1082.6500244140625
81.52048515507184	1	549481.9375	2400.39990234375
204.08667995902474	1	548977.5625	707.6160278320312
208.03935610000715	1	547985.125	2176.10009765625
222.09721058782065	1	547417.4375	710.8679809570312
255.9441353492706	1	543524.6875	2127.9599609375
296.97081982882787	1	540873.1875	2126.4599609375
122.54706577138964	1	539617.875	1590.93994140625
86.09636120619903	1	539391.5	793.3319702148438
252.09000555461063	1	535295.0	801.1019897460938
176.10288350545542	1	534724.375	1151.75
125.98616443304174	1	534390.0625	2214.18994140625
203.14701851880108	1	525120.4375	883.7160034179688
112.05043819959128	1	524487.0	1180.4100341796875
102.53534550576921	1	522494.59375	2323.659912109375
126.02193849793456	1	520805.75	979.427978515625
167.01277440329167	1	516653.75	1815.280029296875
83.08549533715734	1	515450.0625	826.073974609375
304.17556792610856	1	515367.75	888.5399780273438
472.14627058357394	1	510126.09375	830.4600219726562
81.52049964481425	1	509849.90625	2441.389892578125
310.18759404792445	1	509554.40625	830.4600219726562
144.06548119512553	1	505601.4375	368.34100341796875
240.18050116787927	1	502977.5625	350.7309875488281
170.15389043232196	1	498456.59375	311.7919921875
286.1649522895792	1	496418.25	863.7899780273438
158.9639923216497	1	495368.59375	1277.1800537109375
72.08084578484166	1	492125.8125	890.1480102539062
151.0352489125259	1	491542.40625	2176.10009765625
177.10207415595988	1	491382.40625	993.2999877929688
229.08195752449717	1	487301.21875	456.5929870605469
81.52050426039952	1	482006.03125	2487.4599609375
102.53534975226238	1	478305.59375	2350.2099609375
266.1149731146701	1	464180.78125	1813.72998046875
111.03907742473261	1	458347.28125	2244.669921875
81.52051153571959	1	458279.21875	2505.0400390625
213.01816383651155	1	457477.15625	2142.93994140625
104.0300833303484	1	456207.40625	2126.4599609375
89.5067483097017	1	448690.34375	32.50579833984375
232.06138178352472	1	446143.3125	834.8759765625
102.53536223146344	1	442750.96875	2384.659912109375
275.0736974743083	1	438134.9375	561.9530029296875
151.03525272644248	1	435119.21875	2205.0400390625
271.10531248923655	1	425274.625	357.0469970703125
219.08390087629743	1	423126.84375	561.9530029296875
349.05451878627696	1	419869.6875	888.5399780273438
81.52053249520655	1	418270.25	44.2849006652832
218.18309916282956	1	414187.65625	311.7919921875
205.07073595797448	1	412085.78125	561.9530029296875
151.03524751189624	1	411243.46875	2224.8701171875
227.05257584002928	1	408976.5625	442.2760009765625
125.98616673344972	1	406722.8125	2269.330078125
196.0035295373368	1	405259.21875	820.1220092773438
149.02330643987665	1	404998.46875	346.10101318359375
383.09505265048415	1	400881.0625	253.8459930419922
280.09211982728056	1	394872.53125	1199.2099609375
130.15900449318997	1	394426.8125	685.0260009765625
111.03906843027123	1	388865.9375	2303.419921875
270.0912641124369	1	387363.625	617.3880004882812
291.0700096847431	1	381512.34375	617.3880004882812
111.03905627209926	1	380714.3125	2450.85009765625
113.03450081603518	1	378441.28125	456.5929870605469
171.08424446291122	1	374430.375	984.1439819335938
536.1657224048334	1	370465.9375	293.85699462890625
111.03905844283686	1	369274.3125	2350.2099609375
294.9390255406317	1	365449.3125	1278.77001953125
122.07127646793141	1	359497.3125	1810.6400146484375
151.0352377624303	1	353177.875	2280.159912109375
273.0944882894996	1	350528.34375	378.27801513671875
111.0390559922143	1	350030.59375	2398.840087890625
117.05459286223412	1	345335.53125	456.5929870605469
238.0934875020486	1	344755.6875	715.7940063476562
111.03904853964403	1	344618.46875	2492.239990234375
202.18004955037208	1	344215.9375	948.822021484375
141.13850472773925	1	341978.125	826.073974609375
152.05661740990055	1	341753.8125	868.9080200195312
168.01598286616067	1	338898.65625	2135.449951171875
153.03267930019496	1	337583.15625	2071.510009765625
467.1375599970679	1	334111.125	749.9459838867188
287.1001913091642	1	333612.71875	391.6960144042969
185.02329987226983	1	332414.1875	2130.949951171875
246.09711794977773	1	330938.6875	561.9530029296875
249.09448711810492	1	329408.125	645.3660278320312
90.97663750474126	1	327546.125	1395.2099609375
185.02328804867565	1	324275.90625	2151.9599609375
151.03524291763847	1	323697.15625	2314.330078125
133.5610259726396	1	322906.5	1813.72998046875
95.0438367258788	1	322472.84375	2156.47998046875
125.98616807135592	1	320119.09375	2309.659912109375
111.03905077548106	1	315427.375	2519.419921875
324.05930732427345	1	314525.21875	1187.219970703125
156.07674663067218	1	314252.4375	1543.6199951171875
102.53535632918322	1	311865.46875	2487.4599609375
151.03524320376235	1	309737.25	2325.219970703125
325.15080896709634	1	309327.71875	915.7979736328125
513.2480605816843	1	306301.15625	840.9180297851562
249.12338669710303	1	303428.09375	361.8699951171875
102.53539544135585	1	303362.375	77.09940338134766
76.03931079648476	1	301819.09375	1119.7099609375
265.0156345684764	1	297238.75	2073.0400390625
179.08144884453912	1	297017.09375	352.2909851074219
305.08425184231106	1	294711.75	618.9420166015625
233.0919716509636	1	294552.0	827.531982421875
125.98616488398038	1	294345.34375	2315.889892578125
151.03524240899637	1	291874.875	2347.090087890625
151.03523443763405	1	290803.59375	2370.56005859375
362.92647051261764	1	290035.21875	1272.4100341796875
192.06163563339595	1	288513.09375	2074.570068359375
111.03905344664648	1	287699.1875	2565.889892578125
125.9861650573982	1	287080.96875	2334.580078125
94.54560852044305	1	285095.59375	2154.969970703125
254.10221165880384	1	285073.21875	799.5360107421875
152.03600371089297	1	284777.90625	2069.989990234375
102.53536082811874	1	284307.3125	2505.0400390625
467.1374751194896	1	282758.28125	690.4320068359375
208.03931811521056	1	282462.90625	2250.820068359375
125.98616638435759	1	281561.78125	2358.050048828125
125.04250917700458	1	280810.625	448.7510070800781
111.03905443928336	1	280637.59375	2597.89990234375
94.54560117975231	1	280506.03125	2138.449951171875
465.250124749851	1	279573.75	343.0260009765625
111.03904696518052	1	273944.125	2613.909912109375
165.05460784297372	1	264877.40625	331.89599609375
151.03523538689024	1	263937.96875	2386.239990234375
269.12120624364	1	263505.0	707.6160278320312
226.9514395871848	1	261920.21875	1348.780029296875
188.07052887085518	1	261579.78125	796.4340209960938
122.54707104367253	1	259424.265625	1224.3499755859375
200.17252924185357	1	256840.453125	310.1629943847656
94.54564810791726	1	256523.875	2223.340087890625
103.05021654321104	1	256360.78125	2066.949951171875
169.04564353348215	1	254476.921875	2073.0400390625
102.53540433496471	1	254139.1875	50.20930099487305
102.53536390110193	1	253903.03125	2000.469970703125
102.53233642645115	1	253586.6875	2124.9599609375
366.10891168638153	1	253154.53125	761.093994140625
279.1340503142027	1	252740.921875	1151.75
256.11359985048875	1	251981.859375	331.89599609375
147.1127398327425	1	251831.203125	1624.2900390625
115.06936908604655	1	251420.3125	1052.3900146484375
125.98616672110977	1	250301.625	2379.949951171875
160.07567316110845	1	249531.25	991.781982421875
90.52591124997949	1	249026.6875	2127.9599609375
95.04381693833693	1	248684.984375	2290.989990234375
114.55832657431272	1	246057.953125	2177.6201171875
208.03932155323253	1	245016.859375	2272.419921875
102.53537334594431	1	244874.6875	2024.5400390625
94.54566171420657	1	244637.765625	2238.510009765625
130.0974752853902	1	244361.65625	969.3599853515625
95.04381597898582	1	243731.0625	2314.330078125
102.5354233673429	1	243354.9375	25.203500747680664
111.03904437730482	1	240757.359375	2741.0
104.03008372594044	1	238881.421875	2200.4599609375
72.08086180164025	1	238342.59375	2002.0699462890625
141.95856714210413	1	237702.515625	31.04680061340332
133.1050716902424	1	237211.25	791.7780151367188
94.54564982106922	1	236392.96875	2264.719970703125
467.1374760425422	1	236392.75	722.5380249023438
159.0239613045056	1	235635.484375	2109.8701171875
125.98616845469634	1	235241.234375	2395.679931640625
125.9861656339137	1	235043.265625	2425.610107421875
151.03523759720048	1	234444.71875	2431.93994140625
102.53535534761926	1	233416.796875	1969.77001953125
417.19810901792795	1	233411.609375	796.4340209960938
102.53534757031176	1	233279.375	1937.4100341796875
102.53536604998791	1	233013.3125	2623.550048828125
111.03902978023882	1	232461.734375	6.186359882354736
111.03904895243485	1	232243.671875	2681.5
95.04381417727376	1	231023.046875	2329.889892578125
266.0747552274303	1	230048.953125	1182.1099853515625
146.49941151264764	1	228828.625	2127.9599609375
102.53536817955296	1	225417.53125	2720.139892578125
94.54565060022603	1	223942.78125	2286.35009765625
144.98208101532185	1	223394.40625	724.2540283203125
223.15401240126138	1	223328.71875	353.864013671875
339.0164068761608	1	222541.46875	991.781982421875
300.0925239148163	1	221881.28125	594.89599609375
185.02328164855194	1	221779.390625	2177.6201171875
102.53233600179921	1	221644.171875	2138.449951171875
174.09132143572006	1	221240.09375	331.89599609375
110.52130894391246	1	220809.3125	195.14199829101562
125.9861730706896	1	219033.234375	2433.510009765625
151.03523578816842	1	218556.265625	2458.760009765625
102.05485214467576	1	217277.03125	1148.1600341796875
111.03901063611339	1	210215.578125	59.135101318359375
117.07378070528931	1	210105.3125	950.5020141601562
190.12648187167844	1	209961.84375	1079.300048828125
356.06694009104086	1	208906.09375	292.1990051269531
94.54564861446366	1	208583.0625	2329.889892578125
110.5213038920032	1	208522.71875	216.8350067138672
335.0949097403647	1	207763.65625	677.72998046875
246.02157735060476	1	206897.09375	287.1719970703125
508.2029470674091	1	206706.96875	756.35400390625
158.00281519908293	1	206354.171875	2630.0
430.9140348443113	1	206329.15625	1280.3599853515625
236.11825891082756	1	202945.203125	654.27001953125
138.04896919521835	1	202636.46875	617.3880004882812
205.07074219402944	1	202162.5	783.822021484375
70.0652276307501	1	201394.46875	948.822021484375
125.9861727724199	1	201374.03125	2479.4599609375
102.535382441158	1	200073.4375	1869.43994140625
151.03522818185263	1	199412.359375	2487.4599609375
152.03598213563393	1	198359.703125	2086.860107421875
104.03008583872622	1	198281.703125	2233.89990234375
95.04380969529629	1	197772.6875	2383.090087890625
160.1079584904515	1	197054.8125	791.7780151367188
307.1288157024219	1	196329.84375	773.9219970703125
185.02328015722023	1	195615.6875	2191.330078125
178.03989993281073	1	193675.828125	2050.110107421875
110.52157507721994	1	193517.125	2051.659912109375
187.08648241348348	1	193206.203125	820.1220092773438
137.0649274386036	1	192182.6875	909.3839721679688
159.96904903226275	1	191247.0	31.04680061340332
102.53538935365441	1	189417.34375	1801.300048828125
125.98617240441645	1	188398.515625	2503.449951171875
222.0971541965222	1	188294.1875	1003.97998046875
142.02635734858276	1	188018.203125	1188.9200439453125
185.02326050740746	1	187070.46875	2252.360107421875
208.03929664303715	1	186760.484375	2315.889892578125
151.03521417943708	1	186509.453125	68.14859771728516
123.04022546225943	1	185536.359375	2074.570068359375
94.54564423025121	1	185067.09375	2364.31005859375
151.03522165494408	1	184211.46875	2548.280029296875
102.53231892880709	1	183048.984375	2164.010009765625
117.0545544770006	1	182970.328125	414.0169982910156
467.13742874189825	1	182426.859375	670.416015625
135.04393710364084	1	181922.75	812.2860107421875
280.9931699321104	1	180866.46875	2111.389892578125
195.08762476659055	1	180514.90625	358.6549987792969
94.54564038845271	1	178209.390625	2392.52001953125
151.03521571029148	1	178192.15625	2565.889892578125
111.02013369121171	1	177958.65625	2045.43994140625
130.04981740144825	1	177508.015625	435.58099365234375
204.08666924338158	1	177171.890625	805.8480224609375
125.98617111621544	1	177072.453125	2538.64990234375
185.02326803053836	1	176994.703125	2209.60009765625
115.5570468688103	1	175179.96875	2074.570068359375
151.03522163159369	1	174719.078125	1.7975200414657593
211.03821830242936	1	174328.0	988.739990234375
130.04986038879437	1	172800.203125	1094.6199951171875
104.03007925745291	1	172589.453125	2250.820068359375
208.0392898459484	1	172201.921875	2328.320068359375
99.04404725619507	1	171825.875	456.5929870605469
282.27915772411257	1	171722.921875	303.739013671875
329.0844071962993	1	171437.875	425.5509948730469
357.1421478241515	1	171416.78125	358.6549987792969
125.986172802557	1	171100.296875	2561.090087890625
151.03522602496037	1	169849.0625	2757.06005859375
205.07061145189306	1	169445.25	826.073974609375
325.04313943840435	1	168476.8125	826.073974609375
110.52137802255143	1	168427.34375	237.4340057373047
89.50681799572142	1	168083.5625	2062.389892578125
151.0352197585288	1	167165.765625	2718.52001953125
159.0239639265693	1	167027.140625	2147.449951171875
151.0352208581484	1	166613.90625	2575.47998046875
152.0705618337246	1	166411.15625	982.5900268554688
125.98617716907003	1	166369.46875	2581.8701171875
246.06648275671827	1	166285.875	502.0570068359375
151.03521822679312	1	165889.59375	2734.60009765625
90.52587841122691	1	165349.015625	2501.860107421875
123.04866035333698	1	165090.828125	2412.969970703125
104.03008542284587	1	164959.40625	2275.52001953125
145.06869601649916	1	164651.296875	561.9530029296875
81.03352615726122	1	164480.78125	456.5929870605469
235.13681750700002	1	164227.765625	764.25
151.03521825047497	1	163967.21875	2692.77001953125
95.04381457510404	1	163941.59375	83.07959747314453
100.11503810920773	1	163483.984375	826.073974609375
151.03521962830214	1	163284.21875	2625.159912109375
137.04571299753354	1	163100.328125	890.1480102539062
342.11846978661725	1	162992.0625	412.38299560546875
151.03522357397034	1	162473.71875	2610.7099609375
348.0982308741353	1	162066.109375	537.2360229492188
151.03522182607566	1	161952.34375	2650.8798828125
148.09669952688816	1	161491.265625	915.7979736328125
263.0737565873895	1	161423.015625	583.7630004882812
263.07388183595367	1	161233.671875	634.97998046875
109.02259524804606	1	160920.71875	195.14199829101562
151.03521749077404	1	160392.515625	2666.989990234375
199.02933393265246	1	157505.328125	86.10299682617188
232.08149156940917	1	157410.78125	448.7510070800781
291.10500485874917	1	157329.6875	505.447998046875
206.10035547637733	1	157249.171875	796.4340209960938
307.12886647239105	1	156904.9375	877.22998046875
180.0865512791928	1	156744.25	1398.6199951171875
537.1661027669593	1	156270.375	293.85699462890625
144.06540804724233	1	155199.578125	827.531982421875
119.08950832882545	1	154719.921875	890.1480102539062
498.90136202066395	1	154242.0625	1272.4100341796875
125.98617501601245	1	153210.8125	2655.7099609375
94.54562871340252	1	153168.109375	77.09940338134766
151.08653208104383	1	152862.921875	344.5639953613281
401.1320957051297	1	152615.5625	433.8949890136719
199.98783036582083	1	150971.03125	1.7975200414657593
130.13067973997227	1	150773.078125	311.7919921875
185.02326329875243	1	149923.625	2303.419921875
125.98617311965003	1	149783.265625	2679.889892578125
102.53232524603	1	149754.65625	2194.3701171875
124.08691462022348	1	148372.703125	855.35400390625
130.533265548537	1	147940.625	174.156005859375
168.01595126097772	1	146696.734375	2206.550048828125
348.09823891774715	1	146050.953125	554.3670043945312
280.99316784860855	1	145263.515625	2151.9599609375
400.1287594821067	1	145098.203125	903.030029296875
136.04807099318063	1	144862.640625	1055.7099609375
213.01812969767585	1	144783.609375	2292.5400390625
114.55830034978386	1	144230.796875	87.60359954833984
311.17988971888974	1	144163.1875	828.9959716796875
102.53537492555625	1	143831.71875	1684.5
109.02244395038647	1	143708.359375	23.738800048828125
267.10738700511524	1	143354.78125	1810.6400146484375
109.0224059784467	1	143236.5	2048.56005859375
158.00280253713274	1	141554.765625	19.363100051879883
116.10693534892138	1	141546.875	338.3479919433594
250.0920773356834	1	140467.390625	977.8079833984375
102.03070569473869	1	139427.125	2145.93994140625
130.53325356772513	1	139412.546875	198.69500732421875
273.1232809832914	1	139339.65625	818.5919799804688
291.1550187526946	1	138975.5	1128.4300537109375
90.5258696323698	1	137892.09375	66.6498031616211
115.05868401144093	1	137479.71875	2074.570068359375
158.00280108450085	1	137067.390625	38.37730026245117
280.9931689431428	1	136717.171875	2161.0
90.52586623881908	1	136702.15625	28.128999710083008
192.08653708520953	1	136493.75	1171.68994140625
366.1089084394256	1	135855.25	734.7059936523438
90.97667178523398	1	135576.78125	1749.0699462890625
153.57268607925	1	135501.0625	1812.18994140625
95.04380378106403	1	135353.21875	2487.4599609375
123.04866767567071	1	135059.21875	78.58560180664062
263.07386913256323	1	135008.953125	606.2459716796875
220.1542133712654	1	134569.90625	885.323974609375
159.07634476158762	1	134472.09375	1151.75
194.00540330249189	1	133915.453125	821.6339721679688
112.12004447352604	1	133829.421875	308.54901123046875
144.98211894847327	1	133400.46875	1015.1300048828125
151.03521390388204	1	132950.25	2000.469970703125
124.54344144140848	1	132380.03125	2150.4599609375
171.00542534500232	1	132152.375	2123.4599609375
225.03192869487722	1	131668.59375	308.54901123046875
73.53186129669825	1	130704.09375	2171.56005859375
208.0392663484366	1	130541.828125	2373.68994140625
222.0971217244238	1	130266.46875	807.4500122070312
144.98199494215143	1	129762.6484375	580.5700073242188
242.9254049080604	1	128902.703125	1266.010009765625
90.97666430789162	1	128805.328125	1794.989990234375
95.04380346285032	1	128645.1796875	2509.85009765625
105.04229625328429	1	128160.2421875	1277.1800537109375
185.02325485802004	1	127989.78125	2281.7099609375
158.00278705437384	1	127732.125	81.5718002319336
449.1704004617374	1	127407.0703125	764.25
119.08150148515968	1	127021.9375	1597.6800537109375
216.09785874565608	1	126630.5	1121.469970703125
335.09488641965777	1	126475.4921875	714.1380004882812
365.105452535026	1	126174.984375	666.8099975585938
104.03008318211084	1	126100.4921875	2354.919921875
391.15004751326256	1	125936.859375	609.510009765625
170.0811129657126	1	125889.1796875	1151.75
200.00279466846655	1	125822.5078125	820.1220092773438
246.09714736717692	1	125652.3046875	826.073974609375
73.53185198661124	1	125437.84375	2201.989990234375
89.10732504400845	1	125372.4609375	1992.4100341796875
124.08691811158754	1	125220.1953125	772.27197265625
213.0181250388773	1	125181.6328125	77.09940338134766
103.0315688663333	1	123842.3515625	2142.93994140625
272.0433712961839	1	122153.984375	984.1439819335938
116.52411545251415	1	121936.890625	22.28059959411621
143.99671161204958	1	121927.8671875	2127.9599609375
82.02226632517323	1	121808.8203125	2144.43994140625
95.54530346355735	1	121337.9296875	2068.469970703125
168.0159562367195	1	121335.6796875	2236.969970703125
231.99167463468643	1	121230.625	2126.4599609375
95.04381918995949	1	121089.78125	31.04680061340332
95.04382649527355	1	121089.78125	31.04680061340332
303.00629269514405	1	120980.53125	346.10101318359375
95.04380267914786	1	120444.390625	2577.070068359375
123.04865674849354	1	120425.234375	90.63420104980469
238.1166525581108	1	120408.4765625	657.8400268554688
95.04380484615864	1	120397.625	2529.0400390625
102.53538708793964	1	120344.703125	1630.93994140625
111.0390313791001	1	119844.34375	1958.4200439453125
185.02323554908168	1	118838.125	2350.2099609375
94.54559103796743	1	118559.828125	47.243900299072266
159.02387611385188	1	118242.7421875	2066.949951171875
347.0950172754141	1	118224.5546875	656.0579833984375
185.02324263837394	1	117939.1171875	2320.550048828125
102.03052169385097	1	117599.5234375	2161.0
143.9967376249757	1	117244.953125	68.14859771728516
144.98202757898244	1	116543.8359375	2073.0400390625
90.9766728026283	1	116332.875	1843.6600341796875
200.07581398796083	1	116251.71875	1802.8599853515625
94.54562768107918	1	116178.9609375	2517.840087890625
90.52590289680326	1	116114.5234375	2252.360107421875
149.080767656776	1	115990.1796875	398.50799560546875
100.1076516774426	1	115668.9296875	824.60400390625
111.03902847651813	1	115077.625	1919.5699462890625
217.10462456981347	1	114876.171875	414.0169982910156
441.1338606180572	1	114589.1015625	834.8759765625
213.0181302043235	1	114577.4140625	2325.219970703125
109.0224477338751	1	114242.3671875	86.10299682617188
144.06544588020628	1	114013.96875	785.4420166015625
144.04767771455917	1	113999.7578125	1812.18994140625
125.98617271227326	1	113958.75	66.6498031616211
185.02325535209488	1	113822.5234375	2450.85009765625
195.00607077987428	1	113641.8828125	820.1220092773438
109.02259312506453	1	113542.46875	253.8459930419922
102.53230291101926	1	113249.9140625	2238.510009765625
185.02325541194347	1	112914.5	2419.280029296875
152.14329993892923	1	112587.234375	308.54901123046875
246.0799379930901	1	112396.65625	543.5859985351562
131.55231450928298	1	112238.9609375	2132.43994140625
291.1049551886167	1	112181.7890625	513.8690185546875
73.53184986423942	1	112106.6015625	2273.969970703125
171.99161872815878	1	111893.6875	13.497900009155273
538.1727843715983	1	111548.3203125	617.3880004882812
128.05345086076414	1	111361.828125	996.3359985351562
100.11773686241666	1	111206.421875	824.60400390625
245.09603039368858	1	111159.921875	1182.1099853515625
104.03009214674965	1	110740.4609375	2389.3701171875
95.04379554234396	1	110646.7421875	2729.77001953125
185.0232513569127	1	110535.3125	2386.239990234375
409.16074200189394	1	110328.015625	782.1840209960938
102.53537438083312	1	110185.3671875	1587.550048828125
426.1608500807816	1	109664.875	736.4459838867188
124.0868857985421	1	109631.9140625	432.2200012207031
131.53342820394343	1	109583.046875	2047.0
144.9821188583793	1	108354.78125	1094.6199951171875
95.04381056949894	1	108330.8671875	1801.300048828125
185.02324302911893	1	108155.0703125	2401.969970703125
109.52159010910393	1	107587.359375	2097.6201171875
171.99157656654933	1	107507.390625	32.50579833984375
359.1305516670786	1	107412.828125	836.364013671875
319.1000411295998	1	107297.84375	522.2509765625
411.21617223696114	1	107211.9140625	880.4819946289062
102.53537253960177	1	107019.6015625	1568.949951171875
123.04557600252906	1	106963.8046875	2123.4599609375
168.01596587673396	1	106206.953125	2253.909912109375
180.08656742113084	1	106175.4375	1427.5999755859375
100.08506124245174	1	106029.3203125	826.073974609375
108.57638894159992	1	105960.96875	1611.0400390625
124.08692232560124	1	105897.078125	614.2739868164062
143.99674614253547	1	105831.53125	17.902099609375
94.54561605198685	1	105796.703125	2573.889892578125
566.888624575357	1	105628.25	1272.4100341796875
197.59306264698006	1	105579.3984375	313.4360046386719
319.10002953296305	1	105526.8046875	554.3670043945312
125.98615664816151	1	105478.7578125	2057.81005859375
124.08691300190472	1	105347.609375	285.4280090332031
134.05723190074715	1	104591.0	1813.72998046875
213.0181101917642	1	104428.234375	2376.81005859375
519.1393816032888	1	104164.8125	295.5140075683594
94.5455703463262	1	104020.7890625	31.04680061340332
104.03009212671748	1	103437.8984375	2405.110107421875
378.14911850414614	1	103284.921875	453.4700012207031
89.506775071105	1	103105.5625	2508.25
239.96644998044601	1	103090.1328125	2111.389892578125
82.53708471627041	1	103020.1796875	2066.949951171875
238.09333782030782	1	102551.5	1069.1199951171875
89.50678448035471	1	102253.109375	2473.070068359375
89.50677805459455	1	102166.90625	2487.4599609375
243.11277164201718	1	102009.4453125	759.52197265625
279.13395948208137	1	101671.5078125	1185.52001953125
208.03925228335794	1	101329.2109375	2398.840087890625
264.0769547165015	1	101288.890625	787.0499877929688
282.11838551294744	1	101147.140625	1391.800048828125
151.03517796545498	1	101040.7265625	1807.5400390625
146.9802350493719	1	100469.703125	725.9760131835938
70.06522508183662	1	100423.125	378.27801513671875
399.1276693924843	1	100126.84375	455.031005859375
95.04379916653538	1	100047.0390625	1775.4100341796875
637.3047623611004	1	99831.9296875	293.85699462890625
100.10564571551812	1	99824.34375	824.60400390625
296.1969328449407	1	99723.9140625	1906.6600341796875
136.06177852382277	1	99333.1640625	596.489990234375
94.57327044143544	1	99100.1640625	1624.2900390625
246.09720981420472	1	98890.1640625	783.822021484375
334.14963661287925	1	98798.6484375	425.5509948730469
94.5456076307099	1	98695.296875	2630.0
111.03903249129309	1	98281.0078125	1877.5400390625
347.0949921683095	1	98247.8125	677.72998046875
111.03905157442607	1	98227.3125	1827.77001953125
185.0232312474976	1	97652.4453125	2495.43994140625
124.08692723873396	1	97368.84375	358.6549987792969
104.03009135506022	1	97289.4609375	2425.610107421875
366.1088652082787	1	97049.4765625	802.6799926757812
94.54561083196005	1	96817.3203125	2741.0
348.098218912715	1	96687.8984375	566.5189819335938
213.01812443653873	1	96482.3984375	2408.260009765625
185.02323474660054	1	96357.5	2476.27001953125
153.07379050656772	1	96092.515625	812.2860107421875
94.54560704851588	1	96011.15625	2729.77001953125
409.160714841477	1	95999.6875	591.718994140625
94.54561518410307	1	95866.953125	2610.7099609375
125.98617266255535	1	95320.65625	14.967700004577637
94.5456151205812	1	95110.4765625	2707.25
73.53184024210759	1	95080.3515625	2354.919921875
184.98542445139344	1	94881.34375	10.579500198364258
123.04866431745869	1	94369.65625	54.67279815673828
139.05819102135789	1	94117.8515625	352.2909851074219
146.98020855884866	1	94103.328125	668.6099853515625
325.1323235300202	1	93832.9609375	764.25
190.04976001515539	1	93796.6015625	346.10101318359375
335.16012788383983	1	93774.0078125	358.6549987792969
151.03519971870273	1	93479.515625	1775.4100341796875
130.53326723913594	1	93274.8125	295.5140075683594
213.01812728811333	1	93074.9375	2442.9599609375
94.54560339431823	1	93056.34375	2665.3701171875
84.04438561867764	1	92506.171875	563.4730224609375
487.2320443243432	1	91948.6328125	330.27801513671875
124.08691443439756	1	91916.3359375	929.3460083007812
331.06306509618844	1	91599.6015625	907.7999877929688
174.03854663685047	1	91351.421875	865.4940185546875
348.07047475983256	1	91307.4453125	1023.47998046875
223.09775223962092	1	90964.5390625	670.416015625
94.04719862713777	1	90884.34375	2073.0400390625
363.0897038423118	1	90648.6328125	569.5900268554688
507.3539017363839	1	89886.953125	826.073974609375
261.0943753862566	1	89612.34375	491.864990234375
102.03945582859312	1	89279.2421875	2161.0
363.0896911239164	1	89232.7109375	561.9530029296875
106.9505305963246	1	89183.9296875	1262.739990234375
265.1183224688967	1	88988.3828125	390.0010070800781
348.0982407481928	1	88653.0546875	481.5790100097656
325.1506993368957	1	88433.71875	994.8179931640625
465.1694512809608	1	88305.59375	712.5
467.13753758481056	1	87539.2265625	631.6500244140625
81.03352412543269	1	87428.3203125	415.6400146484375
260.03726329575187	1	87238.4375	255.64300537109375
312.9431033394929	1	87134.9765625	2147.449951171875
99.0440386335157	1	87096.890625	414.0169982910156
174.99881446886843	1	86789.2578125	2135.449951171875
123.04867782452487	1	86716.25	31.04680061340332
547.2137669869763	1	86665.9296875	796.4340209960938
109.02237082316194	1	86233.9296875	2099.159912109375
538.1626130884252	1	86109.3359375	293.85699462890625
102.04173543041573	1	86106.4453125	2123.4599609375
208.03920589138076	1	85938.78125	2074.570068359375
100.12107888730307	1	85865.234375	826.073974609375
282.1183704743729	1	85828.09375	1412.300048828125
370.14969362888405	1	85802.0	683.2080078125
281.1066239193101	1	85746.140625	745.02001953125
73.53184394525506	1	85579.609375	2471.47998046875
104.03010175850409	1	85507.03125	2454.0400390625
244.0791439592281	1	85219.703125	807.4500122070312
505.3569108552105	1	85168.0390625	826.073974609375
296.9654596339217	1	84963.8515625	2063.909912109375
102.05492003193139	1	84938.7421875	1054.0400390625
180.03036402563578	1	84844.484375	507.1369934082031
509.16081511277525	1	84776.6953125	1180.4100341796875
73.53184095177181	1	84644.828125	2441.389892578125
449.1267652615141	1	84368.09375	558.9149780273438
384.09829119225094	1	83959.5859375	253.8459930419922
101.07094866300318	1	83811.7109375	929.3460083007812
175.10581490053528	1	83666.609375	365.0830078125
185.02322392117637	1	83367.7421875	2524.219970703125
124.54344220402162	1	83204.125	2194.3701171875
130.0498405671908	1	83163.609375	1030.25
138.51063959795255	1	82800.796875	2109.8701171875
360.15012009791695	1	82648.6484375	762.6719970703125
137.0133311723791	1	82369.609375	2047.0
74.06007152576191	1	82354.4609375	1054.0400390625
474.218373906912	1	82335.7578125	796.4340209960938
81.04474818265606	1	82177.109375	996.3359985351562
178.0398138364414	1	81729.96875	2099.159912109375
133.06871360362018	1	81433.765625	1000.9000244140625
174.99881205905203	1	81352.578125	2176.10009765625
102.5323025551163	1	80603.1484375	2312.77001953125
95.04378962762195	1	80292.3671875	1629.27001953125
100.12244194506893	1	80217.3125	826.073974609375
116.56815837888901	1	80172.8828125	1434.2900390625
100.09961163899575	1	80152.8125	826.073974609375
95.0437924421182	1	79898.7109375	1654.3900146484375
185.02321966892507	1	79856.359375	2546.679931640625
235.1933866698448	1	79628.859375	826.073974609375
102.0265368430406	1	79562.1015625	2135.449951171875
73.53184353621319	1	79495.953125	2461.969970703125
244.10080572556055	1	79327.0	414.0169982910156
336.1652817445235	1	78958.0234375	734.7059936523438
208.0392360908946	1	78221.4921875	1968.1600341796875
104.03009652069696	1	78208.2890625	2487.4599609375
634.8756113985316	1	78085.78125	1272.4100341796875
154.99000183872275	1	78033.8203125	2051.659912109375
291.1049707645046	1	77950.234375	472.8940124511719
73.53184481832636	1	77733.28125	2527.449951171875
398.22889954578534	1	77511.5078125	1858.1099853515625
246.06646806893923	1	77397.3203125	554.3670043945312
305.0842944256312	1	77282.4765625	702.6719970703125
211.08261612869904	1	77262.125	831.9240112304688
168.9895390007337	1	77203.78125	868.9080200195312
133.03165212546935	1	77175.5703125	836.364013671875
176.01331260501462	1	77026.5390625	23.738800048828125
104.03015729235413	1	77009.46875	80.07420349121094
88.06313889027162	1	76779.125	1609.3800048828125
110.00877627637074	1	76624.9609375	2076.10009765625
172.09427390426399	1	76316.21875	1157.1400146484375
98.51206852216936	1	75839.8125	36.903099060058594
100.12379972466175	1	75722.625	826.073974609375
151.0352041601027	1	75396.4921875	1682.8399658203125
233.06309553900155	1	74944.3046875	685.0260009765625
238.09333976336353	1	74932.4296875	1110.7099609375
366.1088459850445	1	74524.5390625	699.2760009765625
375.12637550232495	1	74438.4765625	396.7929992675781
94.04297736699657	1	74297.21875	2076.10009765625
73.53184175008307	1	74048.2421875	2601.110107421875
73.53183605440738	1	73783.3203125	2705.6298828125
261.13076446502987	1	73754.015625	414.0169982910156
130.53323467933765	1	73626.0234375	87.60359954833984
94.04847617529249	1	73617.234375	2082.25
168.0159458418078	1	73405.328125	2323.659912109375
168.0653961487682	1	73391.578125	910.968017578125
208.0392550665936	1	73364.03125	2000.469970703125
73.5318591169205	1	73361.359375	69.64199829101562
321.13218525967545	1	72715.7421875	325.3580017089844
130.5216558947531	1	72338.71875	170.72999572753906
104.03009700848634	1	72180.8671875	2513.050048828125
208.0392265066002	1	71628.453125	81.5718002319336
151.03518983012592	1	71382.2734375	1654.3900146484375
94.04112624586199	1	71314.5546875	2074.570068359375
102.041730541581	1	71262.8125	2144.43994140625
137.01334257651192	1	71246.4453125	32.50579833984375
130.52167044615706	1	71215.4375	193.37899780273438
76.07568003937945	1	71172.125	1135.47998046875
180.97604529471937	1	71145.5625	818.5919799804688
116.52409236532264	1	70647.1640625	175.86599731445312
190.03848415244437	1	70612.8359375	414.0169982910156
203.11774225444344	1	70453.0625	927.593994140625
102.53230459238331	1	70354.8359375	2339.260009765625
89.5068198646156	1	70302.6328125	2168.5400390625
133.0759438390907	1	70235.984375	749.9459838867188
130.53326194527034	1	70226.6328125	358.6549987792969
287.1681863987105	1	69870.0859375	863.7899780273438
213.08444927216166	1	69850.2890625	1434.2900390625
208.0392407189122	1	69829.90625	1908.280029296875
172.00716345915373	1	69553.3671875	991.781982421875
347.09499104542994	1	69510.6484375	707.6160278320312
104.03009836927667	1	69255.6328125	2548.280029296875
130.52164355014688	1	69198.7421875	162.1750030517578
246.13918145584861	1	69177.875	352.2909851074219
393.13681107776483	1	69070.78125	455.031005859375
74.53061321704865	1	68966.7890625	2074.570068359375
180.0379811632383	1	68954.921875	2051.659912109375
320.19694738090277	1	68942.5	343.0260009765625
275.10004487892076	1	68796.5625	378.27801513671875
213.01806931466334	1	68791.2421875	2569.10009765625
137.08144879240254	1	68733.5703125	1432.6199951171875
90.09134935115304	1	68618.5234375	4.720680236816406
267.01300456041326	1	68591.734375	2071.510009765625
94.04962415268393	1	68550.875	2071.510009765625
105.04225180535437	1	68330.4296875	77.09940338134766
304.1002909421043	1	68256.7265625	1390.0799560546875
176.01329377889024	1	68216.3203125	50.20930099487305
130.52186715016623	1	67931.5625	2074.570068359375
109.02251210070771	1	67725.9296875	316.7900085449219
101.07104781787717	1	67637.21875	1596.0
100.10093817130799	1	67553.046875	826.073974609375
70.04812175419416	1	67397.5703125	1002.4400024414062
302.19618386871065	1	67356.0078125	780.5399780273438
84.95971683663156	1	67130.125	2127.9599609375
241.12936223893473	1	67031.0625	1333.4000244140625
121.0840499610818	1	67021.5234375	753.1619873046875
304.10031490394977	1	66930.5078125	1414.010009765625
189.55858485239307	1	66629.2734375	1200.9200439453125
190.97914225229113	1	66516.984375	2088.389892578125
161.01107873523148	1	66450.15625	448.7510070800781
104.03012171060695	1	66266.03125	2024.5400390625
177.07963522923484	1	65985.3125	313.4360046386719
375.126293377223	1	65785.2578125	381.60699462890625
228.05344005966674	1	65525.91015625	1023.47998046875
105.04224964497564	1	65340.44921875	31.04680061340332
95.04379737424286	1	65190.4921875	1585.8699951171875
130.53320314880335	1	65187.8359375	2048.56005859375
375.155118718688	1	65073.328125	818.5919799804688
109.022472189091	1	64959.76953125	331.89599609375
226.9513934498258	1	64570.25	1531.75
172.13305620975197	1	64533.8125	865.4940185546875
89.05966530770783	1	64468.10546875	311.7919921875
204.08658049599305	1	64353.62890625	1003.97998046875
94.54367840865817	1	64333.5390625	2100.699951171875
278.1862512170561	1	64026.89453125	343.0260009765625
473.14971335330927	1	63972.69921875	827.531982421875
124.54343707332609	1	63941.4453125	2240.050048828125
210.4792385745011	1	63643.296875	2138.449951171875
208.0392400176595	1	63542.875	1816.8399658203125
487.1787291127363	1	63516.52734375	1182.1099853515625
213.01808132459277	1	63332.81640625	2554.679931640625
104.03010457875655	1	63262.0625	2577.070068359375
221.12116113210828	1	63232.02734375	853.697998046875
202.0684524965288	1	63220.1015625	1396.9100341796875
168.0159570655523	1	63213.50390625	2350.2099609375
102.04172069941382	1	63161.20703125	2173.080078125
249.10710415417708	1	63126.0859375	1050.72998046875
94.0505465093918	1	63093.640625	2066.949951171875
367.1436668967554	1	63011.3203125	1770.489990234375
346.1110278868198	1	62895.19921875	762.6719970703125
345.1340121030833	1	62878.42578125	909.3839721679688
213.01813521331863	1	62853.45703125	2506.639892578125
158.00275043617324	1	62817.05859375	2454.0400390625
89.50680548409797	1	62683.42578125	2253.909912109375
102.53230299227738	1	62358.1171875	2381.530029296875
114.55828448028	1	62290.1484375	26.669200897216797
335.09485032239286	1	62079.9765625	749.9459838867188
153.0405687775602	1	62067.17578125	520.572998046875
278.1346515506553	1	61737.0234375	1183.81005859375
346.124538330765	1	61718.85546875	877.22998046875
178.03984052971583	1	61706.09375	32.50579833984375
305.17876589030715	1	61702.2109375	890.1480102539062
100.12511043056183	1	61684.94140625	826.073974609375
514.2516212827903	1	61130.21484375	840.9180297851562
103.05012527304677	1	61039.95703125	2452.449951171875
85.57362329924112	1	61037.2578125	1612.68994140625
144.0654560250357	1	60979.609375	670.416015625
264.07695209888965	1	60843.4609375	823.1220092773438
74.03226163320709	1	60765.6328125	2069.989990234375
158.0027388846417	1	60684.7421875	2441.389892578125
545.2003745348582	1	60597.9375	743.333984375
104.03010343176092	1	60093.63671875	1934.18994140625
431.2138134041423	1	60055.140625	731.2020263671875
130.52162493642422	1	59978.29296875	150.34300231933594
111.54073267178458	1	59832.85546875	2123.4599609375
192.1057714051419	1	59679.71875	1432.6199951171875
375.1526528779414	1	59666.46484375	409.04400634765625
429.19049280363487	1	59452.84765625	850.4219970703125
131.55229295734586	1	59209.5546875	2252.360107421875
195.99332780817315	1	59107.55078125	26.669200897216797
94.03959391294015	1	59042.04296875	2074.570068359375
104.03010061454194	1	59034.609375	2630.0
104.03011418038388	1	58925.625	2002.0699462890625
559.1508302430358	1	58880.62890625	622.0499877929688
228.12827723301118	1	58784.4609375	1052.3900146484375
377.10552735194875	1	58751.68359375	572.6890258789062
173.0783478834714	1	58722.28125	425.5509948730469
356.1315961892943	1	58672.92578125	418.8999938964844
104.0301025156826	1	58247.83203125	2675.070068359375
141.95849513180022	1	57799.34375	2065.429931640625
137.05853758974237	1	57745.35546875	907.7999877929688
130.08617159562718	1	57728.1171875	311.7919921875
186.075947559126	1	57579.53125	712.5
280.993077859774	1	57549.19921875	2289.43994140625
240.08651497009706	1	57516.01171875	386.6199951171875
137.04573946029694	1	57376.37109375	560.4329833984375
205.07900593796782	1	57224.703125	560.4329833984375
167.04861668500902	1	57108.359375	981.0239868164062
169.00869491111482	1	57006.95703125	2135.449951171875
74.06008298202161	1	56627.46484375	1622.6199951171875
226.95137454053418	1	56407.9296875	1562.1800537109375
158.00274099539732	1	56209.00390625	2398.840087890625
468.14085979930087	1	56114.6171875	749.9459838867188
466.25360317115866	1	56063.12890625	343.0260009765625
238.07103815964365	1	55810.0234375	525.6119995117188
164.06667684642312	1	55462.2109375	2074.570068359375
138.51063370437055	1	55426.88671875	2183.7099609375
162.07594004545123	1	55358.9375	1396.9100341796875
271.91642772068735	1	55325.55859375	2115.929931640625
167.09293709830453	1	55095.921875	987.2160034179688
104.03010057412628	1	55089.10546875	1917.949951171875
111.54072507192669	1	54915.3046875	2138.449951171875
279.10497628675904	1	54896.34375	731.2020263671875
158.96120827222927	1	54809.54296875	29.587299346923828
104.05268563386193	1	54794.0390625	836.364013671875
168.01592111687455	1	54597.91796875	2397.260009765625
146.9800917834307	1	54201.67578125	580.5700073242188
180.98961339744886	1	54174.3984375	32.50579833984375
200.99548705685484	1	53975.1484375	26.669200897216797
702.8622147240559	1	53897.16796875	1280.3599853515625
166.0911263583241	1	53814.3125	754.7639770507812
174.9988177324866	1	53778.3046875	2047.0
178.07083182311516	1	53710.640625	1107.0699462890625
176.07049268652628	1	53629.3046875	812.2860107421875
363.0896899626204	1	53525.15234375	593.3060302734375
103.03691296482224	1	53477.56640625	2142.93994140625
235.09233884011482	1	53446.88671875	1072.5400390625
266.53481574375564	1	53446.7109375	287.1719970703125
245.08235991129914	1	53445.95703125	709.2420043945312
310.9128351317095	1	53365.6875	1264.3800048828125
271.084200456321	1	53360.625	331.89599609375
102.53229564697898	1	53164.15625	2444.530029296875
258.1184161192525	1	53080.86328125	783.822021484375
208.08141825746185	1	53058.80859375	1086.030029296875
158.00275135752153	1	52837.78515625	2364.31005859375
115.06301187573477	1	52784.33203125	1052.3900146484375
213.0180746773433	1	52674.56640625	2630.0
610.1837290162094	1	52575.33203125	293.85699462890625
419.15185822608277	1	52397.796875	831.9240112304688
296.1128170717807	1	52361.94140625	352.2909851074219
153.03266523372696	1	52275.80859375	2150.4599609375
254.06341941368362	1	52110.45703125	453.4700012207031
229.1410699934595	1	52089.38671875	336.75299072265625
111.54071104825549	1	51932.64453125	2165.52001953125
254.08827849276727	1	51571.30078125	844.02001953125
356.0952071519976	1	51114.8828125	453.4700012207031
209.04254866591768	1	50987.1015625	2126.4599609375
103.05009559946883	1	50850.71875	2425.610107421875
396.1588569572235	1	50848.0078125	826.073974609375
225.99566322548557	1	50841.52734375	1.7975200414657593
122.54394948934582	1	50841.19921875	2121.9599609375
84.95971265835996	1	50645.1015625	2161.0
81.03351033708103	1	50554.2578125	591.718994140625
199.21668262371782	1	50453.640625	827.531982421875
307.2127464371262	1	50451.65625	331.89599609375
307.10241782152207	1	50449.58984375	761.093994140625
102.53542433419123	1	50338.6875	1166.199951171875
293.1341856061712	1	50295.36328125	1359.0799560546875
132.07653623036924	1	50195.0703125	1015.1300048828125
103.05006353416601	1	50062.08984375	2309.659912109375
124.00634449308392	1	50006.62890625	991.781982421875
