100.11201423800121	1	4.0955968E7	822.6240234375
102.03386511285039	1	2.7653774E7	2102.659912109375
102.03385909939588	1	1.6411196E7	2182.3701171875
102.03386099813517	1	1.5762003E7	2195.739990234375
298.09696378071453	1	1.459453E7	588.4099731445312
102.03385697675371	1	1.4324863E7	2210.6298828125
166.08625221320185	1	1.4120136E7	748.4039916992188
94.04512842759479	1	1.3244019E7	2043.1800537109375
102.03386054189498	1	1.2135162E7	2247.919921875
110.02001816807307	1	1.19804E7	2016.25
114.06619175110171	1	1.0997532E7	1020.8300170898438
102.03385828817441	1	1.0832991E7	2279.3798828125
167.0127816442923	1	1.0666063E7	2102.659912109375
102.03385523491772	1	9378655.0	2334.919921875
170.08109592639985	1	9363905.0	904.9619750976562
122.54710554204402	1	9078407.0	2102.659912109375
102.03385547024513	1	8905995.0	2351.4599609375
202.1437522474631	1	8884426.0	855.7919921875
116.07059584884783	1	8627683.0	930.0239868164062
137.04578249025695	1	8305846.5	613.0139770507812
102.03385891890258	1	8144253.0	2362.0
269.0880894439375	1	7601657.0	613.0139770507812
233.1285039971914	1	7511820.0	339.0220031738281
133.0594909892731	1	7511134.0	1806.030029296875
102.03386328607891	1	7378798.0	2402.889892578125
268.1179679574158	1	7197183.0	700.2899780273438
102.03385897631095	1	7128765.5	2419.580078125
265.1118022248916	1	6951047.5	1804.550048828125
309.1842783010415	1	6644846.5	825.43798828125
189.12332226793606	1	6583211.0	1056.97998046875
132.10188053632172	1	6561318.0	785.177978515625
102.03386037396564	1	6504587.5	2450.0
234.1336160893438	1	6331380.0	755.68798828125
167.0127748591358	1	6139776.0	2188.31005859375
102.0338630812032	1	6094216.0	2463.7099609375
122.54709554443359	1	5675303.5	2188.31005859375
124.03932364901641	1	5548286.0	447.1099853515625
102.03386874449441	1	5281339.5	2512.719970703125
102.03386965162444	1	5267555.5	2537.27001953125
102.03385188540007	1	5002267.0	2017.760009765625
102.03386988814451	1	4981333.5	2543.389892578125
122.54709620362405	1	4916261.0	2218.090087890625
132.06550361287654	1	4907124.0	993.4140014648438
102.03387064570086	1	4697743.0	2589.429931640625
182.98512697779074	1	4669101.0	2016.25
144.06551345801157	1	4643884.0	555.3619995117188
102.03387407673573	1	4614116.5	2874.68994140625
127.05019123344643	1	4604959.0	961.416015625
102.03386254493033	1	4545838.5	2624.72998046875
102.03387492545157	1	4522059.5	2801.02001953125
167.01277344144734	1	4471216.0	2250.909912109375
81.52052081058143	1	4345820.5	2107.06005859375
102.03387097115231	1	4317907.0	2746.06005859375
122.54709586164913	1	4277779.5	2241.969970703125
102.03385809429825	1	4113009.75	37.79240036010742
102.03384249837227	1	3958831.75	1969.0999755859375
245.0633326430967	1	3932653.75	499.3970031738281
122.54709662939078	1	3888511.25	2259.8798828125
167.01277232577235	1	3875594.0	2277.8798828125
151.03521856547576	1	3858713.25	2043.1800537109375
170.01177796766308	1	3835794.75	987.719970703125
258.11018050690325	1	3810017.5	1184.1700439453125
122.54709657366149	1	3792453.75	2277.8798828125
122.54709572867216	1	3722499.0	2298.889892578125
167.01276804261113	1	3691370.0	2298.889892578125
244.092815535477	1	3423962.5	1166.0400390625
191.10257372639882	1	3410908.5	1427.489990234375
102.03385117456028	1	3347229.0	1843.7900390625
136.06180526166807	1	3293931.0	893.3579711914062
122.54709601379669	1	3285345.75	2313.889892578125
167.01277458940913	1	3233692.75	2327.389892578125
210.07940222228882	1	3137348.25	825.43798828125
330.0599236219243	1	3096379.25	904.9619750976562
175.11888832180037	1	3086754.5	1601.739990234375
349.05448711506665	1	2952273.5	878.9400024414062
245.07593949821126	1	2917353.0	538.2109985351562
355.0636137473579	1	2846622.25	298.26300048828125
411.2161920548407	1	2819329.25	848.4600219726562
94.54586801520384	1	2801921.0	2043.1800537109375
101.11520934705048	1	2730186.0	822.6240234375
205.09710061858857	1	2629572.5	790.9739990234375
148.0603519072428	1	2605550.0	1016.4199829101562
170.08101714959753	1	2549906.0	993.4140014648438
255.11032148772043	1	2519743.5	334.6130065917969
400.1286684423126	1	2514913.75	435.447998046875
118.08622307684377	1	2498241.5	867.4439697265625
167.01277921939902	1	2428821.75	2389.25
125.98615771612342	1	2418055.5	2117.340087890625
347.0950140271336	1	2408816.5	538.2109985351562
120.06550644958102	1	2396573.5	1041.9000244140625
134.0447226730658	1	2389094.0	1049.449951171875
102.53535229063229	1	2357521.0	2102.659912109375
199.16923730277443	1	2351447.25	313.17401123046875
217.1798769617995	1	2348850.0	310.1570129394531
227.1250601397279	1	2345772.25	1020.8300170898438
122.5471040478641	1	2332927.25	2393.780029296875
167.01278688745128	1	2299935.0	2402.889892578125
365.10559057515184	1	2270430.5	754.2360229492188
113.0345077230497	1	2251999.5	538.2109985351562
150.0582747292362	1	2221605.5	831.083984375
90.9766335430976	1	2209010.75	1241.969970703125
252.0900289685171	1	2192980.5	796.7639770507812
152.0705415898006	1	2167984.25	806.9459838867188
106.04985499200075	1	2135425.5	1117.1800537109375
147.0763528098245	1	2133008.25	1084.6600341796875
111.11679841596732	1	2125253.0	313.17401123046875
220.11791980590792	1	2091705.25	842.60400390625
324.1290010055729	1	2072223.125	758.5919799804688
117.13855525482167	1	2069333.5	2011.760009765625
133.0607157965947	1	2002618.875	1112.5699462890625
95.0437377108979	1	1974835.5	2047.6800537109375
129.12733849039708	1	1972270.125	314.697998046875
122.5471043126057	1	1941265.125	2430.2099609375
167.01279098529778	1	1931296.875	2433.260009765625
89.50673342564849	1	1809495.75	2017.760009765625
122.5470572284741	1	1805086.875	2011.760009765625
299.0998795300382	1	1766611.25	589.85498046875
112.05050563821277	1	1737246.125	1167.550048828125
168.98968497166604	1	1715431.0	867.4439697265625
167.0127949458251	1	1685452.0	2463.7099609375
347.09506693764297	1	1683416.75	472.1300048828125
324.0592481450865	1	1681612.25	1175.0799560546875
226.95145199486106	1	1676240.125	1241.969970703125
122.54707741474836	1	1660586.5	1969.0999755859375
122.54706935811413	1	1653835.25	1986.050048828125
146.16516079522447	1	1619421.375	2746.06005859375
291.15505356777555	1	1613880.625	1111.0400390625
222.09720526061088	1	1599084.125	997.6799926757812
237.11355278197485	1	1589291.375	650.6820068359375
537.1690254565019	1	1585131.375	613.0139770507812
122.5470794077856	1	1579012.5	51.41600036621094
377.1456836045838	1	1563503.75	450.00799560546875
90.05497077300096	1	1536830.5	1107.969970703125
120.08079455039528	1	1505136.75	748.4039916992188
487.17847911491634	1	1497384.0	1169.06005859375
114.55832388490084	1	1486980.625	2038.68994140625
280.0920894009417	1	1486406.375	1190.280029296875
73.53179658153785	1	1443466.5	2046.1800537109375
174.10255753277622	1	1426594.5	384.4540100097656
122.54707953822654	1	1410896.0	1849.949951171875
94.04511338903686	1	1401449.875	57.52009963989258
167.08941133510967	1	1381843.625	748.4039916992188
365.10554897891024	1	1367084.375	796.7639770507812
79.02124571876688	1	1361596.875	487.2950134277344
102.53534688841567	1	1331566.0	2195.739990234375
127.0501859595982	1	1314280.5	414.5299987792969
204.08674150889345	1	1296628.125	704.7000122070312
263.07372566805964	1	1286224.75	780.7919921875
176.10294193847162	1	1272969.875	1139.199951171875
122.54711278591375	1	1271071.0	2514.260009765625
125.98615284589327	1	1256792.75	2215.10009765625
222.0972407529824	1	1255032.875	707.6519775390625
122.54708119141937	1	1243055.5	1780.5799560546875
167.01276218663662	1	1238460.125	37.79240036010742
244.0792448883843	1	1238176.0	704.7000122070312
325.1507625799738	1	1232598.875	873.2100219726562
137.0457714872428	1	1230288.375	878.9400024414062
325.0431982289168	1	1213028.0	842.60400390625
167.01280726261322	1	1200198.25	2554.169921875
198.0027145411598	1	1179701.375	815.5560302734375
138.05493893672633	1	1177734.25	356.4639892578125
156.07673224248617	1	1161887.75	1539.2099609375
122.54711138387668	1	1149978.75	2554.169921875
182.98516532517894	1	1148634.5	30.25950050354004
81.52057383014046	1	1145929.125	21.179800033569336
167.01274963943044	1	1145585.875	51.41600036621094
208.0393832981047	1	1142997.25	2102.659912109375
167.01280701109644	1	1142939.5	2589.429931640625
254.1021734470438	1	1141293.875	793.8660278320312
122.54711518399208	1	1086538.75	2589.429931640625
125.9861598807286	1	1071018.375	2228.530029296875
83.08549830431522	1	1069849.5	822.6240234375
208.03937471957317	1	1068375.75	2107.06005859375
167.0128034013293	1	1067274.0	2618.60009765625
86.09639667676315	1	1065717.25	786.6300048828125
167.0128142182114	1	1065442.25	2874.68994140625
167.01280031245514	1	1063200.5	2762.860107421875
123.04868985308927	1	1061137.75	2102.659912109375
269.121182783774	1	1060089.875	700.2899780273438
234.13170725651716	1	1053218.25	339.0220031738281
513.2477860561671	1	1050233.25	832.5
125.98615807676356	1	1049422.375	2246.43994140625
167.01280336694248	1	1038136.9375	2746.06005859375
167.01280517549944	1	1033249.25	2787.2900390625
232.08157342971302	1	1025674.8125	447.1099853515625
149.02332873664722	1	1017461.375	346.2699890136719
243.0976233888045	1	1008747.0625	416.0409851074219
122.54710900045382	1	1002536.125	2624.72998046875
238.09351306365124	1	994988.125	712.1220092773438
147.11272729916084	1	992975.5625	1618.8800048828125
102.53535574177502	1	990254.5625	2261.3798828125
110.52151397668386	1	983208.1875	2016.25
250.09216988652764	1	978900.5	965.927978515625
122.54712039746872	1	976851.4375	2802.550048828125
273.09447655256736	1	968302.875	382.9849853515625
203.14700439687468	1	963801.75	858.719970703125
202.1800606304478	1	962969.4375	903.510009765625
167.01275897007	1	961574.3125	1905.739990234375
122.54711287630893	1	955748.5625	2822.510009765625
133.56100993701364	1	954305.375	1806.030029296875
102.53535817767619	1	951566.0	2283.8701171875
122.54710978301814	1	950850.9375	2698.550048828125
167.0127870558963	1	940733.9375	25.70170021057129
125.98616069256906	1	940352.9375	2273.389892578125
123.04868913035946	1	937853.5625	2117.340087890625
160.0869100119385	1	934890.0	347.718994140625
263.0737051791143	1	931887.0625	811.27197265625
167.01276090157182	1	925254.4375	1874.75
310.18756459345434	1	920876.8125	825.43798828125
325.1507542009122	1	915039.4375	955.3619995117188
339.0164428593011	1	905524.75	990.5700073242188
279.1340706072576	1	903945.6875	1131.239990234375
158.9640233306834	1	903715.0	1241.969970703125
151.035232552434	1	898103.0625	2136.510009765625
383.0949015164832	1	896951.5	256.0539855957031
76.03932143058701	1	894126.6875	1107.969970703125
102.53535857965113	1	892154.5	2298.889892578125
282.118388323046	1	877650.75	1385.3599853515625
208.03936669032808	1	875684.9375	2136.510009765625
266.11497009807715	1	872409.875	1804.550048828125
167.0127615682357	1	871936.5625	1808.989990234375
167.0127627127991	1	870732.125	1843.7900390625
465.24993785252553	1	864616.4375	343.3760070800781
151.0352327335978	1	857248.0	2177.93994140625
167.01275910395077	1	856597.9375	1797.1400146484375
102.53536139778133	1	849595.25	2334.919921875
102.53535616491875	1	845564.75	2322.889892578125
167.03385124126999	1	842247.0	349.1709899902344
296.1969884292562	1	839430.1875	1905.739990234375
171.08430942149678	1	834343.4375	904.9619750976562
123.0486733289649	1	829390.5	2136.510009765625
208.03936906974292	1	828962.375	2166.06005859375
245.13592703483178	1	823909.125	353.5379943847656
365.10559146557296	1	822652.25	694.3619995117188
205.07075396791453	1	813184.1875	559.635009765625
270.09127524802153	1	812967.125	615.8939819335938
125.98616551553411	1	803608.75	2318.389892578125
304.175567845804	1	799485.6875	857.2559814453125
304.1755716759236	1	794574.1875	836.7899780273438
142.02638226075183	1	791782.4375	1167.550048828125
192.08660390155572	1	786844.125	1158.3499755859375
272.0434451594273	1	782393.9375	983.447998046875
208.08154605731693	1	779053.8125	1070.75
109.02249989467232	1	773183.625	2019.27001953125
417.1980982562569	1	769650.0	792.4199829101562
130.0974691650511	1	754612.125	927.0540161132812
125.98616771563603	1	743429.75	2352.969970703125
132.00316922962793	1	740290.875	1234.4200439453125
275.0737225701755	1	739805.3125	556.7860107421875
277.08946944742604	1	728697.875	571.1179809570312
165.05461891136244	1	716953.25	333.114013671875
151.03523531931143	1	712516.125	2250.909912109375
125.98618522831826	1	711819.6875	2374.110107421875
208.03936430773464	1	711394.0625	2177.93994140625
467.1373091724472	1	710882.0	686.77197265625
102.53536260467786	1	706103.625	2362.0
449.1702737993746	1	706099.6875	755.68798828125
235.13682388794106	1	697053.4375	755.68798828125
122.0713071913766	1	695204.4375	1801.5899658203125
204.08668298152503	1	694523.6875	996.2579956054688
229.08202007208027	1	691139.75	455.81298828125
111.03910011485351	1	690256.0	2120.2900390625
126.02201984957219	1	689547.9375	971.8800048828125
255.94412780226116	1	687776.6875	2102.659912109375
72.08086665293918	1	685045.75	2011.760009765625
243.097616724432	1	683625.3125	402.34698486328125
102.53537068425254	1	680692.375	2402.889892578125
238.09340102051547	1	680082.75	1046.43994140625
200.0758873166486	1	678968.0	1797.1400146484375
238.09340512254553	1	674189.0	1084.6600341796875
113.03453276726309	1	671275.5	457.2699890136719
89.50677697204425	1	670624.375	30.25950050354004
219.08394184754152	1	668268.125	556.7860107421875
144.06551235674345	1	660817.1875	381.5169982910156
249.094514374921	1	659358.875	639.7919921875
151.0352321976996	1	655762.3125	2291.3701171875
216.09790927207288	1	649798.9375	1097.0799560546875
123.04867797490557	1	635809.25	2191.280029296875
300.0924639628685	1	635610.8125	588.4099731445312
235.0924948120549	1	633898.75	1066.1300048828125
296.9707846266734	1	632546.8125	2102.659912109375
472.1461423500935	1	631757.4375	818.3939819335938
141.95853929504412	1	627162.75	2013.25
130.15904890891605	1	624309.3125	677.4180297851562
102.03385428427438	1	620489.875	1202.68994140625
151.0352411626636	1	615059.5	2327.389892578125
294.9389861567849	1	613360.125	1238.93994140625
151.0352343026047	1	612420.25	2342.429931640625
70.06521625077514	1	611791.6875	931.5059814453125
208.03935502138495	1	611536.3125	2197.219970703125
117.05462586297158	1	608559.9375	454.3599853515625
356.0667620677674	1	607876.6875	298.26300048828125
123.04868092731719	1	600295.875	2200.2099609375
104.03008558141453	1	597067.3125	2102.659912109375
465.19817948546904	1	595627.9375	700.2899780273438
296.97078933365543	1	594334.0	2108.5400390625
111.02006789011429	1	591542.3125	2011.760009765625
104.0300883161377	1	583275.625	2117.340087890625
151.03523577051985	1	582551.0	2351.4599609375
167.0127653618022	1	579518.8125	1708.0400390625
144.06550871887282	1	570614.375	372.6669921875
104.03008623644968	1	567675.3125	2123.239990234375
94.54564247786251	1	567646.4375	2092.3798828125
508.20276377151777	1	567205.125	748.4039916992188
277.15073726676945	1	561744.5625	1508.6800537109375
233.09196547797134	1	559839.125	821.2139892578125
190.126522273419	1	556122.5625	1053.969970703125
205.07082591703335	1	551961.375	779.322021484375
304.1003355860396	1	547202.5	1385.3599853515625
170.15387287531271	1	546918.5625	314.697998046875
305.08417228197624	1	544687.0	618.780029296875
271.1052912060104	1	542932.25	356.4639892578125
287.1002144600606	1	541226.9375	387.3949890136719
151.03523432604095	1	538904.75	2380.14990234375
196.00352880880456	1	536980.5625	815.5560302734375
412.21954111667003	1	536537.5625	848.4600219726562
467.1373343396109	1	535365.0	658.5180053710938
123.04867524577791	1	534627.1875	2218.090087890625
94.06514348401795	1	534120.625	615.8939819335938
249.12338562724705	1	534011.4375	357.9280090332031
293.13428974611605	1	533341.0	1351.6700439453125
188.07055406554676	1	531077.9375	792.4199829101562
151.03524529982977	1	526331.0	2402.889892578125
240.18047497111436	1	525031.125	352.0799865722656
141.13851421860508	1	524742.1875	824.0339965820312
130.04988888455108	1	522475.53125	1084.6600341796875
125.98621730901942	1	520799.0	2560.300048828125
391.14998901565343	1	518549.09375	598.5609741210938
153.57273505838614	1	514927.0	1804.550048828125
234.09725190170604	1	513239.96875	952.3560180664062
167.01276367952292	1	511321.53125	1671.47998046875
335.0949354580494	1	510093.5625	669.5460205078125
151.0352437254078	1	508879.3125	2418.050048828125
95.04386290295231	1	503141.125	2120.2900390625
108.57636523418734	1	501678.71875	1601.739990234375
362.9264217000657	1	499806.6875	1246.510009765625
296.97076479039725	1	496684.6875	2092.3798828125
95.04384398001793	1	495535.15625	2174.97998046875
304.1003406294689	1	495347.875	1409.0400390625
95.04385381275125	1	494779.84375	2124.7099609375
249.1080908384251	1	494199.21875	1020.8300170898438
95.04385323032984	1	492968.5	2149.77001953125
117.0738238701353	1	491768.6875	932.9879760742188
431.2138303375044	1	490117.75	727.385986328125
281.1066791332774	1	487729.0625	735.0360107421875
125.98621502385554	1	486146.40625	2627.800048828125
467.1373299334871	1	485585.59375	713.6220092773438
102.53539019987124	1	485027.0	2489.719970703125
153.0326614071246	1	483615.21875	2043.1800537109375
125.98622652449048	1	482394.0625	2828.669921875
467.13737553819664	1	480886.625	741.030029296875
125.98622474994627	1	480675.9375	2816.3701171875
174.0913332993643	1	480045.90625	341.9280090332031
115.06937561198599	1	478957.4375	1020.8300170898438
125.98621742004838	1	478838.25	2595.580078125
307.12887749885067	1	478330.53125	771.8759765625
102.535376375348	1	475556.59375	2515.81005859375
296.9707664940863	1	473468.09375	2126.179931640625
109.52161502307298	1	472462.0	2068.659912109375
102.53539225091605	1	470582.5625	2537.27001953125
104.03008906896409	1	468918.375	2155.68994140625
125.98621624982019	1	468793.8125	2603.27001953125
177.10213884522847	1	464360.3125	946.3619995117188
125.98622284436463	1	460991.65625	2782.719970703125
125.98622276512822	1	460991.65625	2782.719970703125
210.01611415684778	1	460931.25	867.4439697265625
119.08150547361282	1	457172.21875	1593.949951171875
429.19026419984664	1	456659.875	839.6939697265625
125.98622405022715	1	456277.375	2736.8798828125
95.04383419136273	1	455186.15625	2227.0400390625
125.98622463186817	1	454887.3125	2750.639892578125
125.98622065737096	1	454375.4375	2704.699951171875
154.99006946297052	1	453599.53125	2008.77001953125
72.08086257940478	1	450376.59375	865.9979858398438
125.98621769238774	1	448109.8125	2644.669921875
94.54564496975152	1	445959.8125	2112.93994140625
637.3044192483347	1	445463.46875	290.6409912109375
102.53539297160316	1	439883.5625	2567.93994140625
133.10511311151424	1	439330.09375	786.6300048828125
102.05493364317915	1	439246.375	1121.81005859375
168.0160084693356	1	438579.71875	2118.820068359375
125.98622603009328	1	437687.84375	2686.239990234375
273.1232626526937	1	435380.5625	811.27197265625
125.98622179656704	1	434420.625	2653.929931640625
123.04868057057435	1	433640.4375	2262.8798828125
102.53545021818263	1	433603.96875	2013.25
171.09913078754585	1	430365.125	6.168960094451904
138.0489771417948	1	430355.4375	615.8939819335938
95.04383494538529	1	430326.21875	2253.889892578125
204.08671377248865	1	429852.5625	802.583984375
94.54565738499804	1	429620.25	2170.52001953125
151.0352465636203	1	427469.6875	2463.7099609375
90.52591697944084	1	422891.40625	2828.669921875
90.52591318611127	1	421702.59375	2816.3701171875
95.04383203069045	1	419496.0	2288.3798828125
89.10734098224476	1	418971.21875	1984.510009765625
158.00286605705986	1	418827.875	2673.929931640625
232.06135720862738	1	417644.6875	825.43798828125
104.03008311774984	1	417074.0625	2173.489990234375
90.52591432294284	1	414622.90625	2560.300048828125
259.0789016972149	1	412680.6875	382.9849853515625
218.10229378993006	1	412579.53125	941.8980102539062
94.54565883682018	1	410868.40625	2227.0400390625
90.5259158056804	1	409946.65625	2526.570068359375
191.1389262408604	1	409722.25	1986.050048828125
130.53323982797485	1	409283.75	2016.25
90.52591268708339	1	407722.0	2627.800048828125
90.52591691411617	1	407504.78125	2879.280029296875
90.52591236534694	1	406977.71875	2492.780029296875
171.0990816350897	1	406793.625	55.994598388671875
401.1320225629364	1	406128.0	432.4989929199219
102.53539409153817	1	405313.21875	2801.02001953125
94.54565336764432	1	404295.0625	2249.419921875
152.03600431896177	1	403613.15625	2043.1800537109375
192.0616567239964	1	403504.9375	2044.6800537109375
102.53539492399891	1	403496.28125	2627.800048828125
90.52591670640977	1	403321.28125	2854.77001953125
102.53540175368549	1	401780.25	2770.510009765625
125.98620003447483	1	400012.25	28.736799240112305
90.52591481317323	1	399921.96875	2598.659912109375
208.03934334317847	1	399871.9375	2267.389892578125
95.04382858349719	1	399366.40625	2303.389892578125
90.52590961744376	1	399098.6875	2770.510009765625
90.52591007333272	1	394143.125	2750.639892578125
178.0709388059138	1	393781.875	1097.0799560546875
90.52591514618847	1	393107.4375	2732.300048828125
90.52591370438786	1	392438.90625	2695.47998046875
370.1497086006419	1	392388.46875	674.2680053710938
226.07094723693984	1	389832.0625	977.7000122070312
334.14969290593666	1	389639.46875	426.5469970703125
227.05261448079236	1	389632.59375	438.3800048828125
90.52591099798795	1	388002.46875	2486.659912109375
190.0708666186142	1	387286.34375	1070.75
95.04382265135517	1	386979.9375	2315.389892578125
248.1969298722348	1	385935.28125	2779.669921875
123.04867930315092	1	384353.53125	2312.389892578125
90.52591500801975	1	383435.625	2673.929931640625
137.08147668420204	1	383010.0625	1427.489990234375
95.0438237178474	1	382327.09375	2334.919921875
90.52591121874492	1	380456.65625	2644.669921875
116.56820807160557	1	378394.6875	1427.489990234375
73.531867831325	1	377089.8125	2130.610107421875
151.03526246725062	1	376749.96875	2515.81005859375
151.03525841087864	1	376749.96875	2515.81005859375
359.1304998348475	1	376516.40625	829.6680297851562
151.03526377796817	1	376068.0	2537.27001953125
278.1347308301999	1	373056.5	1169.06005859375
430.9139323676628	1	372305.5625	1243.47998046875
94.57328664513821	1	371992.6875	1618.8800048828125
159.023969231817	1	368834.5625	2074.639892578125
211.03826954224996	1	367020.34375	987.719970703125
151.03527039896804	1	366537.5625	2877.75
151.0352283961971	1	365003.9375	2772.0400390625
141.95860831513946	1	364298.96875	28.736799240112305
246.09708028238597	1	363397.5	555.3619995117188
125.98615354277956	1	363360.9375	2035.699951171875
125.04255845815739	1	363069.125	447.1099853515625
135.04393239345555	1	361915.375	806.9459838867188
236.11832409928962	1	361817.71875	646.0079956054688
336.1653310889155	1	361303.5625	727.385986328125
171.09909330908707	1	360931.6875	36.28820037841797
426.16078471327285	1	359954.1875	732.0
102.53537333414974	1	359695.28125	1989.1099853515625
213.01815044983763	1	359351.21875	2107.06005859375
213.01815312681424	1	359351.21875	2107.06005859375
102.53539915178945	1	358987.5	39.30339813232422
151.03525437446925	1	358321.9375	2560.300048828125
70.06524107535807	1	357190.375	384.4540100097656
95.04382708162385	1	356134.15625	2355.97998046875
151.03525569247745	1	354117.53125	2820.969970703125
151.03525395668996	1	353955.34375	2595.580078125
346.1245249287314	1	353687.375	1169.06005859375
151.0352631124901	1	352504.65625	2845.550048828125
226.95145953063366	1	351411.1875	1319.22998046875
152.07057336556315	1	351225.71875	903.510009765625
246.06650308262292	1	351112.125	496.375
151.03523069175407	1	348628.9375	2727.7099609375
253.1294524441034	1	346986.59375	1047.93994140625
256.1135511622734	1	346472.65625	333.114013671875
493.1817805402838	1	346197.65625	543.9609985351562
151.03525526187352	1	346019.9375	2618.60009765625
90.52588281462555	1	345312.90625	21.179800033569336
95.04382315683321	1	345270.46875	2366.530029296875
116.10696929692324	1	343807.09375	349.1709899902344
73.53186216811581	1	342906.25	2186.820068359375
146.4994411301804	1	342823.28125	2108.5400390625
100.11493826184926	1	341719.28125	819.8040161132812
291.070099265518	1	341393.65625	615.8939819335938
104.03008829621159	1	339892.0	2209.14990234375
278.13469751937174	1	337770.1875	1087.75
73.5318637642107	1	337588.21875	2195.739990234375
259.1133794890342	1	337456.40625	1185.699951171875
81.03352304899866	1	335195.59375	565.3569946289062
130.04981206103406	1	335110.0	433.9750061035156
125.98615441602578	1	333805.4375	2020.77001953125
298.09685340344646	1	333095.0625	1801.5899658203125
265.1183494653303	1	329647.03125	382.9849853515625
335.16014773688676	1	328801.28125	357.9280090332031
180.08659995536274	1	328517.375	1391.6700439453125
205.07060584994463	1	328230.5	825.43798828125
245.09604091733684	1	328033.21875	1166.0400390625
73.53186685608894	1	327109.0	2173.489990234375
296.970731306433	1	326009.0	2176.4599609375
134.05719548839707	1	325889.03125	1804.550048828125
213.0845202679463	1	324564.59375	1427.489990234375
205.07074682152907	1	322392.21875	503.9360046386719
122.54708126451825	1	321651.40625	1198.010009765625
131.53343278493733	1	321337.75	2002.75
73.53186901561737	1	321126.5	2819.43994140625
102.53537128998096	1	321018.3125	1894.9200439453125
125.98616531831199	1	320787.28125	2013.25
151.0352138235776	1	320101.4375	30.25950050354004
265.0155676393605	1	319777.875	2050.669921875
331.0630816814539	1	318919.5	906.4199829101562
254.06347800110396	1	317698.5625	450.00799560546875
291.1050296297825	1	317079.75	503.9360046386719
73.53185663226388	1	316673.71875	2249.419921875
73.53186548812481	1	315672.625	2873.169921875
151.03525580630892	1	315498.125	2672.389892578125
85.57363926560981	1	315443.25	1603.2900390625
350.057744125944	1	315409.75	877.5059814453125
263.07388552263706	1	314887.96875	632.1119995117188
206.10039937463435	1	314009.03125	790.9739990234375
348.07045104355404	1	313316.21875	1007.7100219726562
73.53186701368335	1	313123.75	2535.75
88.0631275515844	1	310370.3125	1604.8399658203125
218.18310244333813	1	309839.96875	313.17401123046875
90.52591316179458	1	309452.90625	2120.2900390625
114.55835383375809	1	309191.125	2252.409912109375
160.10798849841473	1	308984.53125	783.719970703125
102.53537299181123	1	308590.53125	1873.2099609375
296.9707354709243	1	308429.3125	2191.280029296875
73.53186235326271	1	307942.875	2479.0
348.09820894105826	1	306584.9375	530.9290161132812
95.04383282011163	1	306524.125	2415.010009765625
143.99682886657334	1	306475.75	2874.68994140625
146.4994328889331	1	306159.21875	2126.179931640625
99.04406859037249	1	306015.53125	454.3599853515625
263.0737797806874	1	304158.375	574.010009765625
547.2134120384796	1	304151.6875	792.4199829101562
102.53538781590706	1	303400.84375	1843.7900390625
73.53187179756415	1	303130.625	2854.77001953125
73.53185812370626	1	302487.78125	2422.60009765625
73.53186830207143	1	302144.75	2515.81005859375
143.9968160507744	1	302069.78125	2578.68994140625
73.53186973234753	1	302013.8125	2750.639892578125
143.9968128645141	1	300999.65625	2537.27001953125
73.53185618197878	1	300939.09375	2407.449951171875
357.1420488971527	1	300511.90625	357.9280090332031
566.1775345940486	1	300287.71875	607.2479858398438
145.06873936251833	1	300055.4375	556.7860107421875
73.53186355464852	1	299896.375	2491.25
73.53186328181759	1	299330.34375	2469.830078125
159.0763796146146	1	298630.96875	1140.800048828125
143.99683547137064	1	298610.78125	2801.02001953125
414.1443019992335	1	298148.09375	832.5
81.03352957391189	1	297568.1875	454.3599853515625
498.9011814364987	1	296650.375	1243.47998046875
208.03932753168846	1	296433.65625	2313.889892578125
73.53186775699615	1	295365.875	2782.719970703125
538.1725413038185	1	294752.5	613.0139770507812
143.99681205536874	1	294514.03125	2567.93994140625
73.53186778623255	1	294033.5625	2801.02001953125
136.06183066639892	1	293946.125	591.302001953125
73.53186305475164	1	293807.4375	2445.43994140625
143.99682676285045	1	293426.125	2819.43994140625
123.04868851695913	1	291192.625	2380.14990234375
375.1262693476934	1	289474.1875	387.3949890136719
200.1725125137582	1	289306.65625	313.17401123046875
143.99681423844427	1	287863.375	2627.800048828125
223.1539978773184	1	287033.34375	356.4639892578125
73.53186814730441	1	285455.8125	2727.7099609375
73.53185265766399	1	285011.0	2378.639892578125
409.16068620524624	1	282017.46875	578.3400268554688
242.92541682279548	1	281423.09375	1225.2900390625
73.53185739424968	1	280969.53125	2389.25
158.00286059325742	1	280748.6875	2572.550048828125
73.5318652949974	1	280114.90625	2567.93994140625
246.07992871821153	1	280047.625	538.2109985351562
94.54566138845239	1	279518.90625	2404.409912109375
102.53543537780585	1	279421.65625	1811.9599609375
95.04382979762579	1	278810.6875	2453.0400390625
143.99680488218314	1	278012.71875	2497.389892578125
102.53542899230212	1	277699.71875	1792.6700439453125
143.99680888973225	1	277535.15625	2633.93994140625
100.11630210810328	1	277180.5	826.8480224609375
328.10275143442476	1	277121.28125	909.3300170898438
73.53186770445781	1	276687.96875	2618.60009765625
366.10884492881087	1	276108.4375	755.68798828125
222.09714928424273	1	275851.0	802.583984375
488.1819798600702	1	273220.0	1169.06005859375
143.9968140584888	1	272405.5625	2709.31005859375
73.53185439842468	1	272367.375	2354.469970703125
73.5318551849905	1	272298.78125	2304.89990234375
73.53185476002737	1	271934.125	2325.8798828125
143.99677502114406	1	271469.375	21.179800033569336
73.53186753716885	1	270606.5625	2664.68994140625
361.1105217411309	1	270562.5625	387.3949890136719
267.1073806514853	1	270462.28125	1804.550048828125
280.99311298288853	1	269568.90625	2085.02001953125
147.07072653262335	1	267049.375	1354.8800048828125
365.1055263819694	1	266979.1875	943.385986328125
73.53186706369334	1	266878.9375	2687.77001953125
293.1706910046483	1	265657.9375	1950.5799560546875
286.1649128404942	1	264156.125	844.0679931640625
73.53186985684837	1	263457.96875	2627.800048828125
102.53537946670195	1	262406.4375	1780.5799560546875
159.02398174118275	1	261775.03125	2136.510009765625
419.1518100695097	1	261466.84375	826.8480224609375
133.06873234149418	1	261368.46875	989.1480102539062
73.531857982321	1	257793.96875	27.214099884033203
123.04869804011116	1	257492.390625	2404.409912109375
236.07641972111392	1	257474.0	1034.31005859375
159.0239766297626	1	256883.953125	2177.93994140625
90.97667178124823	1	256787.453125	1461.22998046875
244.05842867232184	1	256630.921875	1162.989990234375
296.96543670381385	1	256531.875	2026.72998046875
102.53231989977265	1	255215.40625	2167.550048828125
378.1490700309676	1	255123.25	450.00799560546875
311.1798658219574	1	254312.4375	825.43798828125
192.10576305808058	1	253767.828125	1427.489990234375
128.05341552303182	1	253283.90625	959.9039916992188
151.08652979437	1	253012.046875	349.1709899902344
307.1288623967969	1	252456.65625	854.322021484375
95.04383359386077	1	252418.96875	2460.669921875
697.1002919301675	1	252164.953125	877.5059814453125
100.1176514935615	1	251960.109375	819.8040161132812
335.0948752153688	1	251718.9375	704.7000122070312
117.05461015633713	1	251678.140625	414.5299987792969
238.09342713552326	1	251092.1875	1139.199951171875
171.09899860920518	1	247759.90625	2298.889892578125
112.01776511614108	1	246335.625	2010.260009765625
290.09979375389366	1	246080.90625	700.2899780273438
220.1542028735418	1	245681.125	860.177978515625
224.01155218655805	1	245489.265625	2019.27001953125
241.09694428638193	1	245360.921875	341.9280090332031
171.0990595320708	1	245120.0	1936.6700439453125
322.14962101510315	1	244787.765625	804.0419921875
367.1436564367227	1	244242.984375	1766.5799560546875
171.09896743637907	1	244000.21875	2192.77001953125
171.09908220016746	1	243928.984375	1757.1500244140625
428.1600192075388	1	243915.390625	792.4199829101562
190.0497957188224	1	243872.90625	347.718994140625
268.0848888297341	1	243146.671875	1026.77001953125
474.21830421612896	1	242698.671875	788.0819702148438
325.13228805283956	1	242126.265625	758.5919799804688
348.09819722846845	1	241848.859375	548.2440185546875
151.0352126319116	1	241457.296875	1928.9300537109375
180.08663089033897	1	240808.359375	1422.8900146484375
465.16946597309084	1	240022.28125	704.7000122070312
90.97667076703569	1	239305.484375	1436.8599853515625
329.0843936612923	1	239218.59375	423.5589904785156
160.07564779001257	1	238769.25	947.8499755859375
171.09895309470792	1	238412.15625	2224.050048828125
123.04022186387905	1	238230.484375	2049.169921875
356.0952995180822	1	238031.265625	442.7590026855469
180.98968394008642	1	237966.328125	2010.260009765625
238.11668944527486	1	237526.078125	650.6820068359375
342.129670113548	1	237523.546875	1128.0699462890625
90.52591073260702	1	237240.34375	2387.72998046875
171.099118846558	1	236947.484375	2847.080078125
95.04384096055264	1	236447.953125	2492.780029296875
104.03009850810119	1	235239.390625	2313.889892578125
139.07892291050877	1	234665.703125	1508.6800537109375
81.52049886654353	1	234625.96875	77.66580200195312
90.97667485964	1	233416.34375	1485.8499755859375
94.54565822331617	1	232759.53125	2463.7099609375
144.04768856157884	1	232238.625	1806.030029296875
151.03521489523195	1	232170.328125	1913.449951171875
151.03520368923162	1	232042.4375	1910.3699951171875
400.12867078046054	1	231796.34375	867.4439697265625
317.14966881817224	1	231727.0	357.9280090332031
350.2287657874844	1	231490.40625	2683.179931640625
159.02398071504572	1	231324.859375	2194.25
537.1949700419977	1	229796.34375	1193.3499755859375
244.12915243004608	1	229615.953125	836.7899780273438
171.09894385598463	1	228313.171875	2074.639892578125
166.05323212114473	1	227213.765625	1080.02001953125
171.09903597414905	1	227093.265625	2369.56005859375
159.02396642815302	1	226903.890625	2204.68994140625
158.00280634520644	1	226110.34375	21.179800033569336
467.1373488934869	1	225889.984375	774.8699951171875
104.03009686522681	1	225850.4375	2301.889892578125
214.07094038995763	1	225186.8125	447.1099853515625
171.09910152430177	1	224311.15625	2680.090087890625
95.04383963505919	1	224177.234375	2538.800048828125
213.01813290129834	1	221796.796875	2180.89990234375
185.02327960148094	1	221696.171875	2104.1201171875
98.98417609125028	1	221536.328125	1004.8300170898438
517.0370914346433	1	221245.484375	877.5059814453125
171.09895970531892	1	221032.78125	2177.93994140625
102.0548427159378	1	218824.96875	1798.6300048828125
167.5840235024254	1	218735.328125	1354.8800048828125
95.04383533147872	1	218573.421875	2520.409912109375
171.09903830586856	1	218028.5625	2419.580078125
348.09827871041557	1	217317.203125	472.1300048828125
74.06008174829402	1	215114.796875	1043.4100341796875
328.91533348995046	1	214918.71875	2016.25
366.10883841231845	1	213882.828125	725.843994140625
171.09906953682042	1	213707.890625	2450.0
95.04380217126997	1	212822.78125	1945.93994140625
171.0843032778602	1	212637.546875	991.9920043945312
95.04382688906969	1	212480.1875	52.94139862060547
95.04383542377964	1	212475.0	2770.510009765625
566.8883566024377	1	211842.53125	1243.47998046875
130.04983174277243	1	211612.21875	1020.8300170898438
82.02225840244866	1	210762.59375	2105.590087890625
174.99886516297664	1	209770.40625	2002.75
90.525911688188	1	209579.75	2188.31005859375
115.55704470024806	1	209329.59375	2040.18994140625
81.04476776440747	1	209083.34375	955.3619995117188
95.04383837184506	1	208973.421875	2877.75
102.05494499436283	1	208841.46875	1041.9000244140625
95.04383416563375	1	208619.359375	2802.550048828125
228.0534657582708	1	208520.0	1020.8300170898438
114.55831031809564	1	207697.078125	57.52009963989258
466.2534025378232	1	207469.734375	341.9280090332031
88.03930939279958	1	207124.296875	1050.9599609375
144.06541414424896	1	206920.03125	824.0339965820312
487.2317039855718	1	206264.640625	334.6130065917969
384.09809880314015	1	204898.40625	256.0539855957031
94.5456552540699	1	204792.265625	2537.27001953125
401.1668285119195	1	204599.46875	971.8800048828125
95.04380553546017	1	204218.203125	1894.9200439453125
179.08140867019566	1	203969.75	356.4639892578125
151.03520159671424	1	202420.328125	1843.7900390625
143.99672495970688	1	202375.875	2104.1201171875
213.01813131027671	1	202110.890625	2195.739990234375
278.13474015388664	1	201653.9375	1137.5999755859375
100.10560646323381	1	201036.21875	819.8040161132812
151.03518674613906	1	200816.421875	1817.9300537109375
317.1496489179353	1	200498.90625	372.6669921875
159.02397494993326	1	200315.921875	2222.56005859375
84.95971356442325	1	200156.796875	2126.179931640625
115.08656166987865	1	199859.5625	1615.75
266.07466656677474	1	199702.765625	1164.52001953125
94.54565622298489	1	199386.8125	2489.719970703125
189.5586388230268	1	198966.046875	1191.81005859375
370.1496954319486	1	198641.515625	688.3079833984375
241.12943244721217	1	198085.96875	1226.8299560546875
95.04383617679615	1	197708.671875	2845.550048828125
354.1218125661737	1	197028.90625	761.5020141601562
171.09909636449893	1	196854.3125	1569.9599609375
246.0215514773627	1	196548.375	289.0989990234375
90.97667689171887	1	196085.1875	1569.9599609375
514.2512362905034	1	195469.5	835.3560180664062
253.093266893038	1	195287.0625	793.8660278320312
246.06651148273252	1	194775.0	551.0919799804688
312.94297865935044	1	194645.140625	2016.25
159.0239601525485	1	194149.15625	2285.3701171875
124.5434529450976	1	194132.03125	2101.18994140625
292.15827035574557	1	194075.703125	1112.5699462890625
90.52591526532524	1	193991.0625	2204.68994140625
159.02396262751273	1	193731.765625	2261.3798828125
89.50682010212903	1	193081.453125	2477.469970703125
208.0392975805568	1	192788.765625	2380.14990234375
146.09232719297663	1	192662.375	839.6939697265625
112.12007025697999	1	192505.765625	313.17401123046875
140.01062015637123	1	191279.125	1010.5900268554688
187.07129055478862	1	190812.953125	1158.3499755859375
475.1971350193096	1	190742.78125	826.8480224609375
94.54561968588203	1	190722.59375	48.3765983581543
176.1221129290845	1	190669.09375	1601.739990234375
95.04383252264581	1	190170.75	2727.7099609375
95.0438337506658	1	189588.375	2583.2900390625
102.53537353018017	1	189337.609375	1641.0899658203125
213.01813103217367	1	189082.40625	2222.56005859375
144.06547976905682	1	189082.21875	776.3579711914062
74.06008482981309	1	188923.4375	1618.8800048828125
286.12843242387174	1	188633.15625	698.8140258789062
111.02015709249454	1	188416.71875	9.146519660949707
94.54565645784493	1	188342.90625	2874.68994140625
367.14363952443165	1	188084.703125	1685.81005859375
168.0160083131939	1	187512.671875	2246.43994140625
149.0807834873575	1	187356.703125	385.92401123046875
184.9854215393378	1	187010.25	2011.760009765625
200.00284529188863	1	186851.921875	814.1339721679688
94.5456557918127	1	186692.578125	2840.949951171875
264.10781923582067	1	186573.390625	1409.0400390625
211.08262233058858	1	186411.625	825.43798828125
151.0351762783123	1	186125.21875	1794.1600341796875
305.0843520671593	1	185176.46875	688.3079833984375
102.53231602916333	1	185124.28125	2203.199951171875
95.04383251192245	1	185034.53125	2624.72998046875
100.08520237862491	1	184014.71875	819.8040161132812
95.04383689744584	1	183881.328125	2697.010009765625
228.12833172194627	1	183484.3125	1020.8300170898438
101.0710370654234	1	183356.078125	1593.949951171875
152.0566403152352	1	181889.78125	864.5460205078125
305.0843933616757	1	181528.96875	677.4180297851562
103.03159081323582	1	181430.75	2102.659912109375
536.165389279595	1	181421.53125	290.6409912109375
221.12118063348814	1	181354.25	842.60400390625
100.13890930986547	1	181274.859375	819.8040161132812
95.04380726283483	1	181224.90625	1860.7900390625
183.98827713809106	1	181200.125	2011.760009765625
195.98707811794227	1	181191.3125	1145.6099853515625
94.54564754756652	1	181186.703125	2772.0400390625
123.0486396676852	1	180988.8125	2041.68994140625
123.04867626907742	1	180814.390625	52.94139862060547
94.54565610843106	1	179491.71875	2811.77001953125
113.96360431581155	1	179238.640625	2020.77001953125
90.9766848296413	1	179135.21875	1628.3299560546875
211.47830045076682	1	178247.5	2102.659912109375
95.04383708292767	1	178245.40625	21.179800033569336
90.52591236938024	1	178046.96875	2240.469970703125
342.11828376694973	1	177741.875	413.0150146484375
161.0111319673406	1	177724.796875	447.1099853515625
95.04380704291017	1	177425.734375	1842.260009765625
146.9802583189389	1	177245.25	669.5460205078125
94.5456534332367	1	176213.984375	2825.590087890625
194.00541263743028	1	175645.484375	818.3939819335938
150.11241118526283	1	175531.484375	1137.5999755859375
230.1135160796594	1	175390.515625	880.3679809570312
261.09439924810545	1	175181.34375	488.8080139160156
545.2001244577989	1	174816.765625	732.0
324.1289805044835	1	174362.109375	965.927978515625
90.52590945790135	1	174331.625	2331.909912109375
158.00283959087878	1	174094.671875	2526.570068359375
205.07910822557218	1	173427.46875	555.3619995117188
144.06547401756092	1	173394.296875	997.6799926757812
138.51066030892542	1	173144.984375	2085.02001953125
94.54565291383275	1	172600.578125	2627.800048828125
104.03011125484707	1	172510.75	2402.889892578125
94.54564750919702	1	172362.171875	2595.580078125
94.54566001540736	1	172354.0625	2784.239990234375
125.98615200490553	1	172154.890625	1936.6700439453125
94.54564414130482	1	170699.421875	2733.820068359375
74.5306026206334	1	170442.140625	2046.1800537109375
106.9505590029141	1	170295.828125	1226.8299560546875
399.14475054227563	1	170038.828125	1797.1400146484375
90.52591041695668	1	168911.203125	2298.889892578125
95.5453637542168	1	168887.84375	2046.1800537109375
132.07641824823799	1	168517.953125	986.2979736328125
145.09709624502972	1	168142.953125	1427.489990234375
95.04382298677639	1	167812.890625	66.73860168457031
90.52591531585855	1	167696.21875	2280.8701171875
102.53232092467066	1	167580.421875	2253.889892578125
223.09782424986005	1	166848.796875	660.0960083007812
171.07630676672485	1	166593.484375	1047.93994140625
100.1221994733267	1	166551.28125	819.8040161132812
260.1241415337971	1	166446.609375	1139.199951171875
246.09724082611527	1	166433.296875	780.7919921875
90.97668933127133	1	166057.8125	1731.8499755859375
102.5323187551779	1	165959.828125	2237.47998046875
241.03102250962354	1	165708.75	1343.6800537109375
94.54564154282644	1	165674.078125	2646.199951171875
213.0181592956644	1	164788.125	2241.969970703125
239.9664916606571	1	164552.921875	2085.02001953125
171.09906066440158	1	164517.75	356.4639892578125
130.1306862181229	1	164229.609375	313.17401123046875
634.8752141691748	1	163528.609375	1237.4300537109375
326.1540196680939	1	163356.734375	873.2100219726562
153.0737857080246	1	162704.578125	808.3920288085938
94.54565548633703	1	162585.734375	2698.550048828125
171.0990917942099	1	162544.078125	1312.68994140625
171.00548297708917	1	162486.640625	2098.239990234375
449.1266244326699	1	162414.015625	548.2440185546875
363.0896391288133	1	161961.3125	562.4920043945312
110.00887019399136	1	161613.59375	2049.169921875
296.11283301608347	1	161415.09375	355.0
366.1088164851851	1	161223.0	796.7639770507812
84.04439185628105	1	159912.03125	555.3619995117188
95.04381363404202	1	159831.3125	1780.5799560546875
112.08693904145878	1	159642.703125	930.0239868164062
90.97668972586253	1	159436.5625	1747.699951171875
123.04560155668145	1	159094.71875	2102.659912109375
371.0364046607203	1	158548.390625	877.5059814453125
94.54375282151841	1	158262.046875	2037.199951171875
102.53540794332154	1	158118.34375	1601.739990234375
94.54565255945272	1	157685.171875	2664.68994140625
90.97669008714338	1	157509.640625	1760.300048828125
86.060006357383	1	157261.28125	987.719970703125
275.1388812036036	1	157188.5625	359.3949890136719
343.1612278370584	1	157184.890625	1204.31005859375
137.06493176238027	1	156585.546875	894.8040161132812
151.03520243044795	1	156426.296875	1731.8499755859375
125.986150110587	1	156143.625	1901.1099853515625
133.03166653643623	1	155772.34375	831.083984375
116.58637595902849	1	155601.0625	1992.1600341796875
296.06595805479844	1	155246.0625	1210.9599609375
172.00727629839682	1	154889.921875	989.1480102539062
441.133743281321	1	154234.203125	828.2579956054688
325.0623815958499	1	154222.296875	1175.0799560546875
186.0760469012866	1	153812.390625	704.7000122070312
74.53060314842647	1	151869.40625	2059.679931640625
213.01810958166288	1	150883.734375	2298.889892578125
102.53538323308986	1	150304.53125	1574.81005859375
105.04232013829012	1	149632.859375	1234.4200439453125
100.11205733079775	1	149384.359375	980.5800170898438
143.99671636838983	1	148199.21875	2189.800048828125
305.08427630040626	1	148033.25	695.8499755859375
271.91636258848956	1	147828.0625	2016.25
109.0224452159031	1	147737.71875	42.31769943237305
90.97668194214162	1	147674.875	1843.7900390625
100.10344790115946	1	147654.09375	819.8040161132812
173.04262241190736	1	147576.65625	1711.2099609375
192.00557051081017	1	146947.34375	867.4439697265625
231.9917060663081	1	146930.375	2098.239990234375
321.13220835052596	1	146530.8125	331.60101318359375
231.99164989012274	1	146518.859375	2118.820068359375
171.07631518086603	1	146256.015625	1080.02001953125
246.09715913520003	1	146248.734375	819.8040161132812
143.99671202995142	1	145970.734375	2201.7099609375
379.12099298202634	1	145867.546875	549.6680297851562
638.3078368826364	1	145856.75	290.6409912109375
185.02328992970453	1	144696.0625	2203.199951171875
304.1754712901402	1	144367.5625	918.1259765625
181.9880887601879	1	143996.90625	2064.179931640625
175.10582777427385	1	143965.0625	387.3949890136719
74.03225118109465	1	143772.578125	2037.199951171875
393.13673543761126	1	143762.734375	455.81298828125
213.01813691401074	1	143200.34375	2334.919921875
220.08291126757715	1	142791.46875	484.2640075683594
156.0548763589601	1	142313.859375	1424.4200439453125
167.0928246159782	1	141928.484375	941.8980102539062
174.99882402611382	1	141898.875	2083.550048828125
213.01815614449066	1	141867.59375	2265.889892578125
158.1175629441305	1	141706.484375	728.9340209960938
213.01812328786713	1	141387.328125	2279.3798828125
305.08431784177486	1	141288.84375	562.4920043945312
327.0242791163298	1	141262.15625	556.7860107421875
287.88870558964186	1	141203.34375	2019.27001953125
406.11633633691605	1	140954.421875	1139.199951171875
249.144465563618	1	140742.1875	1526.3800048828125
95.04380872263036	1	140610.390625	1736.6199951171875
380.1664224126744	1	140136.859375	1112.5699462890625
187.0864774781439	1	140117.1875	809.8319702148438
128.07052614463734	1	139866.453125	1427.489990234375
133.07597551184676	1	139737.796875	741.030029296875
171.9915981445104	1	139342.609375	9.146519660949707
199.02928545457826	1	139323.0625	57.52009963989258
398.22878444693686	1	139280.609375	1865.43994140625
409.16046706324585	1	139267.125	423.5589904785156
195.00608122955742	1	138226.65625	818.3939819335938
261.0870267311992	1	137775.765625	667.968017578125
365.1055381696052	1	137664.421875	971.8800048828125
102.53232004751784	1	137610.4375	2306.389892578125
457.27717952966134	1	137600.140625	304.218994140625
96.07310849296374	1	137562.4375	1987.5799560546875
252.14411631982037	1	137431.3125	762.9660034179688
441.048240906365	1	137168.5	986.2979736328125
124.00631155500956	1	136978.09375	990.5700073242188
149.0807871459854	1	136266.875	396.3240051269531
90.97666798667035	1	135535.3125	1792.6700439453125
168.01601208789737	1	135141.09375	2328.889892578125
70.01272345009075	1	135013.234375	2851.699951171875
185.02327915855926	1	134891.328125	2195.739990234375
138.51065129162927	1	134116.125	2074.639892578125
70.01271883478776	1	133937.765625	2704.699951171875
158.00282301680616	1	133912.375	2497.389892578125
98.09643401240794	1	133828.03125	343.3760070800781
379.1533697068875	1	133130.703125	887.56201171875
223.08115471521307	1	133031.09375	904.9619750976562
208.039225690219	1	131833.625	59.046600341796875
104.03012350774581	1	131630.671875	2491.25
355.16457315369126	1	131598.546875	836.7899780273438
345.13419966969525	1	131408.390625	887.56201171875
125.98621070610558	1	131020.9375	1810.47998046875
174.99879699607726	1	130965.9453125	2102.659912109375
255.93883930503452	1	130289.9765625	2028.219970703125
70.01272249552171	1	130249.75	2828.669921875
95.04381159247332	1	129850.8359375	1711.2099609375
109.06843647312378	1	129582.515625	1508.6800537109375
144.0655208095662	1	129564.03125	728.9340209960938
312.94296425122405	1	129435.625	2079.10009765625
213.01814452292513	1	129093.6484375	2395.300048828125
280.13722779218295	1	129057.671875	1131.239990234375
276.457487687595	1	129036.65625	2108.5400390625
162.0760099305898	1	128983.265625	1391.6700439453125
174.9988019505597	1	128405.265625	2130.610107421875
243.13382995793282	1	128038.8984375	1067.6700439453125
124.54345296702317	1	128029.015625	2180.89990234375
255.10545483217442	1	128024.1640625	796.7639770507812
185.0232603863293	1	128000.6171875	2224.050048828125
124.08691435920717	1	127965.65625	841.14599609375
149.06365592602342	1	127368.84375	1014.9500122070312
217.1046269375031	1	127318.0	416.0409851074219
173.0783895066417	1	127251.265625	426.5469970703125
197.10078012404375	1	126916.609375	1604.8399658203125
254.0882914648725	1	126827.5703125	838.2360229492188
702.8617130545739	1	126774.46875	1243.47998046875
342.11813838705314	1	126584.0078125	405.38800048828125
73.58629882708428	1	126405.4765625	2746.06005859375
143.9967309327174	1	125619.5078125	2250.909912109375
70.0127171191851	1	125509.578125	2775.110107421875
158.00278281482377	1	125473.7109375	2418.050048828125
70.01271269484886	1	124905.96875	2638.5400390625
278.1862109661389	1	124617.7421875	340.47698974609375
158.00277659171462	1	124205.6328125	2446.9599609375
125.98621538221788	1	123507.3984375	1789.6600341796875
87.05530593089226	1	123445.4140625	1112.5699462890625
302.196176668837	1	123423.28125	770.3759765625
121.08407502491055	1	123407.3671875	746.9340209960938
70.01271947139843	1	123306.7734375	2551.080078125
153.04062183318842	1	122595.1640625	516.0050048828125
119.08955823242522	1	121999.25	867.4439697265625
168.01601484968722	1	121811.0546875	2352.969970703125
432.0915777320981	1	121285.890625	789.5280151367188
305.13429858703057	1	120431.1953125	1118.719970703125
240.08657163394582	1	120188.7421875	381.5169982910156
319.10006360681376	1	120050.78125	514.4979858398438
263.07370258588605	1	119602.515625	904.9619750976562
654.330851687918	1	119215.3046875	290.6409912109375
356.1340424316764	1	119205.171875	774.8699951171875
132.53110089209406	1	118576.5703125	2002.75
307.102438156282	1	118571.484375	757.1400146484375
342.13962932788104	1	118378.0078125	538.2109985351562
204.08664084944655	1	118224.2421875	1076.9200439453125
365.10538889423725	1	118195.6953125	555.3619995117188
166.09275168117176	1	117803.328125	746.9340209960938
104.05266658778324	1	117538.8515625	831.083984375
70.0481311177203	1	117266.984375	961.416015625
223.1004389958999	1	117098.8984375	997.6799926757812
138.51066641127449	1	116996.8125	2135.030029296875
610.233820643948	1	116970.703125	745.4639892578125
104.07054789644778	1	116553.0703125	1198.010009765625
171.99158334419155	1	116470.3359375	19.666500091552734
149.11716231655566	1	116283.828125	352.0799865722656
70.01272192305171	1	116132.609375	2515.81005859375
138.51064429088035	1	116009.328125	2158.659912109375
271.91642435384523	1	115937.8359375	2082.070068359375
360.1500901546472	1	115894.6796875	761.5020141601562
326.1540112144896	1	115788.6640625	955.3619995117188
509.20624736942284	1	115615.2109375	748.4039916992188
159.02392722234657	1	114786.328125	2034.2099609375
143.99671503601317	1	114491.6640625	2267.389892578125
466.2016772188192	1	114431.4609375	700.2899780273438
281.0952212582156	1	114305.5078125	1193.3499755859375
154.06097577175882	1	114282.5234375	538.2109985351562
70.01271360845217	1	114265.84375	2495.860107421875
82.53707725794308	1	114189.4921875	2040.18994140625
324.1189871418248	1	113886.28125	1118.719970703125
159.9690360152916	1	113512.0703125	27.214099884033203
124.54344414583635	1	113300.546875	2194.25
207.112705311631	1	113193.8046875	746.9340209960938
260.12407297458213	1	113159.0625	1001.9600219726562
418.2013047528539	1	113043.5546875	792.4199829101562
169.04560722668165	1	112690.96875	2044.6800537109375
233.1284327286991	1	112587.75	423.5589904785156
185.0232532796125	1	112311.9453125	2243.4599609375
130.08619375396344	1	111990.09375	1618.8800048828125
297.2001699574803	1	111978.171875	1904.199951171875
82.53709052280446	1	111607.1875	2851.699951171875
195.08760124767934	1	111553.4921875	382.9849853515625
449.12667875048294	1	111063.921875	493.3489990234375
139.09771591457704	1	110947.5546875	1962.9300537109375
102.04253834383717	1	110527.1796875	2107.06005859375
310.912804373852	1	110303.3359375	1226.8299560546875
90.00848874284797	1	110040.421875	2013.25
147.16839515471793	1	109986.0234375	2746.06005859375
118.14180447402971	1	109645.359375	2011.760009765625
166.0812861928961	1	109467.1171875	745.4639892578125
148.07957877539747	1	109370.9921875	1084.6600341796875
109.02244585601497	1	109310.6484375	74.52960205078125
426.16070934753975	1	109299.34375	695.8499755859375
158.0027822620267	1	108767.5078125	2381.659912109375
432.0917749238094	1	108699.03125	1037.3499755859375
357.0593765140853	1	108431.6796875	298.26300048828125
138.51066344887786	1	108145.84375	2176.4599609375
348.07949985345977	1	108144.625	1212.6099853515625
104.03013437292503	1	108141.0390625	2788.81005859375
204.06541451096214	1	107933.3515625	824.0339965820312
82.53708703733545	1	107819.703125	2790.340087890625
95.04379884084464	1	107522.390625	1633.1199951171875
288.10775246603987	1	107415.4375	482.7489929199219
468.140616116748	1	107398.0	686.77197265625
346.12466155659496	1	107241.0625	873.2100219726562
168.01599806704857	1	107102.4765625	2380.14990234375
208.03929034348306	1	106663.2734375	1874.75
147.04396273013452	1	106413.4296875	331.60101318359375
180.97605074415037	1	106337.875	818.3939819335938
235.19339349077492	1	105894.34375	819.8040161132812
171.0148050081693	1	105877.5546875	986.2979736328125
234.0759750584164	1	105395.78125	438.3800048828125
175.02363693597448	1	105365.078125	431.0190124511719
82.53708582845766	1	104776.4765625	2782.719970703125
153.03266555683825	1	104700.0625	2140.93994140625
259.10769122096303	1	104573.71875	776.3579711914062
82.53708031747306	1	104489.9921875	2050.669921875
104.03014289000684	1	104334.078125	2772.0400390625
409.16071188118065	1	104255.46875	776.3579711914062
82.53708710605214	1	104039.609375	2723.10009765625
305.17886694420537	1	103847.7890625	836.7899780273438
407.074982030131	1	103666.859375	819.8040161132812
213.0181580327867	1	103564.7734375	2450.0
146.49681141424804	1	103554.0703125	2019.27001953125
167.0127480759163	1	103237.953125	1207.6300048828125
130.5218863336093	1	103166.6875	2061.179931640625
103.031591579989	1	103041.171875	2169.0400390625
225.03195006392357	1	102975.296875	308.6629943847656
82.53708447905545	1	102642.6015625	2567.93994140625
384.1500559623036	1	102632.1640625	1340.449951171875
271.91641808548053	1	102552.96875	2140.93994140625
195.08759329206802	1	102541.90625	369.7090148925781
82.53708208291384	1	102371.453125	2528.110107421875
166.07840882073563	1	102113.9921875	746.9340209960938
95.046890472455	1	102102.375	2061.179931640625
261.03696643966344	1	102064.8515625	1083.1199951171875
125.07580048782175	1	102040.0859375	1526.3800048828125
265.04473579932784	1	101976.796875	565.3569946289062
125.98614215899232	1	101966.4921875	1774.4300537109375
205.08994592397866	1	101899.796875	703.22998046875
100.09885272411734	1	101825.1796875	819.8040161132812
138.0425884629895	1	101767.140625	613.0139770507812
178.1072824193026	1	101617.8515625	1153.6400146484375
104.0301482911711	1	101599.9453125	36.28820037841797
101.10890406882366	1	101502.09375	818.3939819335938
231.11280288240692	1	101389.140625	780.7919921875
217.09714766616977	1	101161.1796875	748.4039916992188
192.15944202025506	1	101037.8515625	867.4439697265625
82.53708826065191	1	100977.875	2627.800048828125
212.07502924279825	1	100797.7265625	825.43798828125
313.16208788716614	1	100670.703125	325.489013671875
115.06303222940313	1	100649.7265625	1020.8300170898438
252.1089944941607	1	100593.2109375	940.416015625
494.18697388415285	1	100478.125	799.6680297851562
70.01270723266967	1	100266.953125	21.179800033569336
82.5370895792779	1	100172.1328125	2515.81005859375
148.09672784154972	1	100016.375	871.7760009765625
315.1161438083794	1	99821.796875	1353.280029296875
222.53318825295491	1	99769.21875	1175.0799560546875
400.1286576026968	1	99629.921875	934.469970703125
505.35655955163105	1	99629.390625	821.2139892578125
202.06846364542142	1	99546.390625	1391.6700439453125
111.0552295441398	1	99364.3203125	1097.0799560546875
307.102330990218	1	98891.21875	792.4199829101562
212.10288226297837	1	98870.5078125	965.927978515625
82.53708920896455	1	98866.796875	2664.68994140625
169.04941507640217	1	98804.9765625	558.208984375
143.0395360979512	1	98710.90625	2652.39990234375
160.0967110303092	1	98684.09375	1155.22998046875
223.08106843130182	1	98558.4765625	822.6240234375
124.0869318320773	1	98533.59375	770.3759765625
534.1152090936752	1	98531.5078125	835.3560180664062
233.06315321480616	1	98478.1796875	677.4180297851562
104.03013893152826	1	98163.953125	2739.93994140625
124.54343860956944	1	98147.9453125	2247.919921875
154.48548914739115	1	98109.0859375	2008.77001953125
110.00944883561793	1	97894.2890625	2028.219970703125
271.08419378325135	1	97811.0	337.5639953613281
135.04795902315706	1	97587.3828125	1049.449951171875
233.06315473265835	1	97512.171875	574.010009765625
326.0465359848238	1	97248.8125	842.60400390625
574.1776324861131	1	97169.328125	819.8040161132812
124.54344749294634	1	96946.4453125	2222.56005859375
109.02248518962935	1	96879.7265625	110.13400268554688
166.09565559196758	1	96843.375	746.9340209960938
82.53708537748469	1	96707.4765625	2650.85009765625
213.01816889211872	1	96706.7265625	2468.31005859375
168.01601868592863	1	96630.4375	2402.889892578125
432.0917335941743	1	96585.7578125	993.4140014648438
305.1787652343794	1	96556.8046875	860.177978515625
220.08682751949524	1	96425.3828125	2005.780029296875
152.14329245264804	1	96194.6875	307.1780090332031
200.57745378406415	1	96182.75	1798.6300048828125
88.03931968390607	1	95880.8984375	1117.1800537109375
159.02395371261872	1	95866.8828125	2398.340087890625
402.12434621292095	1	95804.140625	432.4989929199219
247.10766561608688	1	95753.8828125	382.9849853515625
295.02642621730917	1	95630.703125	977.7000122070312
158.00276431709017	1	95571.8203125	2327.389892578125
128.0191606722118	1	95507.546875	21.179800033569336
450.17384050558235	1	95389.2734375	758.5919799804688
244.1008581775201	1	95333.234375	416.0409851074219
469.12391466094454	1	95330.8203125	894.8040161132812
185.0232692295207	1	95171.9765625	2315.389892578125
265.12944593258425	1	95154.0234375	867.4439697265625
413.2119460817749	1	94837.140625	848.4600219726562
130.53323757455453	1	94836.8359375	69.8405990600586
264.07697465971756	1	94462.9375	776.3579711914062
137.04571481885228	1	94381.6796875	925.5599975585938
82.53708942204462	1	94378.5703125	2700.090087890625
147.16838991564376	1	94354.96875	2739.93994140625
163.07135667205517	1	94295.875	733.5180053710938
158.00276223454387	1	94228.5390625	2277.8798828125
360.1500430976336	1	93969.3515625	790.9739990234375
114.03783043972723	1	93964.2109375	536.7650146484375
326.1540345933838	1	93957.71875	950.8499755859375
138.5106504263262	1	93822.796875	2209.14990234375
280.10268493732315	1	93796.4296875	1106.4200439453125
346.0411150126974	1	93700.953125	1179.6099853515625
185.0232756807583	1	93511.8671875	2342.429931640625
143.03953126113328	1	93455.28125	2637.010009765625
279.1050094525136	1	93202.9375	727.385986328125
378.90030179628354	1	93123.0546875	1226.8299560546875
395.221205032338	1	92862.1171875	832.5
244.07916295972962	1	92762.3046875	801.1259765625
143.03952828341383	1	92608.6953125	2681.6298828125
166.07553211129883	1	92557.6328125	746.9340209960938
294.1181963077684	1	92530.2421875	1181.1300048828125
303.00620336697745	1	92527.171875	347.718994140625
158.00276370109157	1	92514.3984375	2300.389892578125
185.02325947082394	1	92374.6796875	2392.27001953125
244.0815361911352	1	92277.9140625	984.8759765625
203.18342380688426	1	92098.7578125	899.1480102539062
82.53707919333418	1	92068.1484375	2488.18994140625
319.1363426213019	1	91860.734375	387.3949890136719
305.1342965728865	1	91785.9140625	1198.010009765625
213.01819101282098	1	91658.8984375	2520.409912109375
316.211900581938	1	91487.6015625	712.1220092773438
128.01918081839864	1	91209.6328125	2862.4599609375
178.0722409563988	1	90929.828125	613.0139770507812
223.1005261190618	1	90886.796875	707.6519775390625
166.07695853453416	1	90859.1875	745.4639892578125
185.0232780868252	1	90792.34375	2330.39990234375
178.05857101798404	1	90649.9296875	1537.6199951171875
158.00275425870348	1	90564.9609375	2259.8798828125
103.0315873319201	1	90411.9140625	2209.14990234375
185.0232628906916	1	90362.2421875	2300.389892578125
245.08242048630768	1	90321.296875	704.7000122070312
249.1443993646611	1	90208.15625	1631.52001953125
138.51065121991485	1	90067.1015625	2273.389892578125
128.0191778746619	1	90061.078125	2772.0400390625
399.1277283965515	1	89941.3984375	455.81298828125
252.9621840806783	1	89888.9921875	2723.10009765625
90.05496413830438	1	89871.15625	1025.280029296875
82.53710155548312	1	89426.59375	12.142600059509277
121.06878037708775	1	89120.3203125	1041.9000244140625
185.02326082368742	1	88928.3671875	2362.0
168.01602672058868	1	88565.5703125	2422.60009765625
150.97903639552285	1	88481.5078125	867.4439697265625
275.07350505185866	1	88474.140625	630.593994140625
139.05014153354313	1	88274.9375	695.8499755859375
375.15511915117645	1	88220.703125	809.8319702148438
370.1496404800924	1	88158.28125	764.4359741210938
101.05985143143837	1	88144.6796875	6.168960094451904
174.9379188159931	1	88141.1875	1226.8299560546875
110.02586170688078	1	87673.8515625	2011.760009765625
515.2132848830903	1	87581.734375	1190.280029296875
153.03265692375683	1	87543.6640625	2166.06005859375
153.03264150313564	1	87472.21875	2210.6298828125
151.06150740401327	1	87438.03125	832.5
125.07578144643966	1	87379.4765625	1629.9200439453125
110.01580741632587	1	87090.8515625	2019.27001953125
357.1516337042804	1	86978.59375	1169.06005859375
213.0181901758441	1	86886.90625	2537.27001953125
283.121587372254	1	86700.9453125	1385.3599853515625
260.0372078218829	1	86625.7421875	259.4830017089844
235.06640185334967	1	86606.9609375	1421.3599853515625
84.95970626993127	1	86587.171875	2235.97998046875
84.9596996693829	1	86544.6875	2256.8798828125
233.0631935425294	1	86426.5390625	764.4359741210938
298.1130561232201	1	86277.75	594.2030029296875
154.9900625525634	1	85806.171875	37.79240036010742
426.0909606877124	1	85716.1328125	1103.3199462890625
98.51207559716298	1	85360.2265625	27.214099884033203
239.0967094292711	1	85290.046875	712.1220092773438
299.1389838466739	1	84980.328125	356.4639892578125
310.1131791649452	1	84958.921875	1035.8299560546875
393.13673318707424	1	84919.28125	487.2950134277344
124.54345787178758	1	84829.640625	2279.3798828125
252.96214793218186	1	84771.1015625	2762.860107421875
392.1534753021114	1	84557.28125	598.5609741210938
88.50913849058006	1	84391.59375	2017.760009765625
362.1558046496328	1	84343.3203125	955.3619995117188
173.12836755955138	1	84025.21875	789.5280151367188
190.979164101385	1	84014.8203125	2061.179931640625
131.07023623323516	1	83976.5859375	387.3949890136719
261.0370012446658	1	83807.0859375	1126.5
243.11277042759184	1	83626.171875	751.3200073242188
272.04339296121265	1	83583.9375	904.9619750976562
90.97667541506215	1	83447.8046875	2807.159912109375
342.1296519900411	1	83289.3671875	1047.93994140625
271.9163767573525	1	83237.2109375	2176.4599609375
298.0789632362423	1	82984.4140625	594.2030029296875
203.561713935487	1	82902.4609375	1139.199951171875
169.0453677127161	1	82837.625	1190.280029296875
294.02529923209966	1	82759.1953125	976.2540283203125
324.1290091489138	1	82690.625	909.3300170898438
166.09847077096703	1	82599.6796875	746.9340209960938
241.1293832585102	1	82545.7109375	1312.68994140625
507.3538723770808	1	82478.0234375	819.8040161132812
129.13852543385514	1	82297.96875	2746.06005859375
213.0181435065301	1	82214.3828125	2781.199951171875
307.1023229695724	1	82205.3125	732.0
274.09766112607696	1	82023.6640625	381.5169982910156
135.53046576772405	1	81876.5390625	585.5269775390625
134.06391304819152	1	81840.0	1114.1099853515625
98.51207456008412	1	81603.578125	15.139300346374512
263.07384313454213	1	81585.15625	725.843994140625
254.08551261689837	1	81145.5625	796.7639770507812
473.1496517289867	1	81068.6171875	821.2139892578125
770.8483489503471	1	80927.6875	1243.47998046875
152.0705145439369	1	80807.2734375	990.5700073242188
144.04770766760544	1	80798.4609375	452.9079895019531
393.1867809190995	1	80749.96875	1142.4000244140625
90.97667513026764	1	80707.9375	2723.10009765625
180.03039074126022	1	80695.0703125	500.9119873046875
161.0901438304337	1	80583.8046875	344.822998046875
327.0081397040266	1	80191.7265625	314.697998046875
145.58906894991426	1	80172.8515625	1524.7900390625
267.01300779419745	1	80118.8046875	2050.669921875
103.03159946686382	1	79866.734375	2241.969970703125
202.14364418557366	1	79811.625	940.416015625
243.02641320284175	1	79808.1640625	1128.0699462890625
168.01602583282767	1	79801.890625	2430.2099609375
252.9621939382487	1	79786.8203125	2707.780029296875
442.1646377991193	1	79769.2890625	825.43798828125
90.9766767101705	1	79685.9453125	2857.840087890625
98.51204715778495	1	79560.5	2005.780029296875
128.0191636293808	1	79517.625	2592.5
79.58623502667056	1	79303.828125	2002.75
252.96214641721247	1	79238.25	2787.2900390625
113.96363032295821	1	79186.0703125	30.25950050354004
659.2862724380515	1	79112.578125	287.5400085449219
192.06163033376	1	79109.2734375	2149.77001953125
94.05066820977063	1	79047.9921875	2050.669921875
185.02326256526914	1	79014.2265625	2433.260009765625
73.53184317645334	1	78912.875	1944.4000244140625
213.01573088432303	1	78712.296875	844.0679931640625
100.12840017470424	1	78699.8125	819.8040161132812
139.05820553751522	1	78531.3125	355.0
252.9621858516038	1	78202.7890625	2637.010009765625
333.5944909317793	1	78164.953125	304.218994140625
185.02327412477925	1	78159.8671875	2408.949951171875
184.98541062671305	1	77808.7109375	12.142600059509277
363.154975051433	1	77617.2265625	466.1159973144531
301.0954877083884	1	77547.9609375	591.302001953125
391.149938374051	1	77526.859375	688.3079833984375
233.0848125622003	1	77491.265625	447.1099853515625
149.0807642208445	1	77482.890625	426.5469970703125
407.1161134216272	1	76969.9609375	563.9229736328125
174.99884014053458	1	76836.1875	37.79240036010742
176.07047815720315	1	76764.3984375	806.9459838867188
157.0130764192472	1	76657.7734375	432.4989929199219
346.1109631659625	1	76643.53125	755.68798828125
158.00274610928395	1	76542.6953125	2176.4599609375
239.1615865559139	1	76491.1015625	1.7820199728012085
320.1968896267771	1	76474.75	343.3760070800781
193.98781505801426	1	76324.3984375	1142.4000244140625
159.02396130082045	1	76295.875	2445.43994140625
128.01917830597628	1	76236.421875	2629.320068359375
114.0616826278339	1	76231.078125	1017.8800048828125
205.07061595033926	1	76127.171875	384.4540100097656
85.02837691582	1	76086.546875	556.7860107421875
231.0474987932108	1	76059.765625	571.1179809570312
168.08069521327758	1	76051.84375	314.697998046875
285.1055929458293	1	76050.7421875	704.7000122070312
152.05394517408504	1	76004.21875	829.6680297851562
199.21672331289204	1	75857.40625	824.0339965820312
166.0726915249497	1	75829.4140625	746.9340209960938
90.97667007414385	1	75750.3515625	2770.510009765625
90.97667935944784	1	75648.015625	2595.580078125
90.97666436787986	1	75445.6953125	2627.800048828125
214.91738108631554	1	75410.0546875	2098.239990234375
150.02657467183613	1	75307.8984375	347.718994140625
307.10227324090204	1	74989.984375	551.0919799804688
406.13211717589263	1	74989.28125	1343.6800537109375
167.0177400198124	1	74952.2734375	2121.760009765625
677.0241657248819	1	74873.046875	990.5700073242188
314.0917388405405	1	74633.8203125	873.2100219726562
158.96125991092478	1	74554.9921875	19.666500091552734
90.97667081946526	1	74500.4921875	2830.2099609375
246.13915872704555	1	74478.640625	352.0799865722656
199.9905463855787	1	74463.0	1241.969970703125
129.06578343612244	1	74184.1484375	1101.760009765625
152.03595782307386	1	74109.3828125	2177.93994140625
158.0027862089665	1	74107.90625	2123.239990234375
341.14563410496487	1	74100.4765625	1101.760009765625
110.0142592930044	1	73997.0390625	2019.27001953125
283.0188683313956	1	73936.1171875	1121.81005859375
159.02392847070755	1	73645.7890625	1984.510009765625
468.1407152371276	1	73643.171875	664.8179931640625
94.03965388641356	1	73545.65625	2031.2099609375
90.97667207129355	1	73412.9609375	2560.300048828125
277.0835725536314	1	73404.0078125	1193.3499755859375
89.05967199768243	1	73321.2265625	311.6619873046875
154.0743059832605	1	73304.65625	1803.0699462890625
258.1084451169507	1	73266.7578125	1472.739990234375
281.09527865676904	1	73023.171875	1201.1199951171875
354.12193291018275	1	72919.7421875	732.0
104.03017402662385	1	72890.90625	1819.4300537109375
432.2172162353494	1	72862.390625	727.385986328125
495.23727004024136	1	72723.03125	819.8040161132812
251.0953538469123	1	72643.2734375	965.927978515625
153.03266350569317	1	72568.765625	2247.919921875
275.9781769616712	1	72477.375	34.786399841308594
171.084327635585	1	72386.40625	1038.8699951171875
409.1606261052536	1	72354.046875	824.0339965820312
356.13157663223296	1	72116.203125	409.9729919433594
100.09537892591362	1	72017.6015625	818.3939819335938
133.55788381810186	1	72016.609375	1797.1400146484375
82.53707454825167	1	72004.3125	2427.159912109375
177.10617961549798	1	71811.1640625	1142.4000244140625
468.1407036069075	1	71458.7890625	713.6220092773438
347.02520118666587	1	71403.7578125	842.60400390625
185.02327338646987	1	71394.6953125	2485.1298828125
137.04106876205915	1	71258.2265625	614.4539794921875
138.51065500861384	1	71111.140625	2349.949951171875
72.0808710138383	1	70819.09375	2747.580078125
158.00275973291357	1	70701.296875	2082.070068359375
393.18674458382384	1	70628.6484375	1134.4100341796875
159.02392100222048	1	70609.375	1958.2900390625
113.05377584302707	1	70558.4296875	1169.06005859375
159.02391739090623	1	70526.625	1939.760009765625
393.18677660355354	1	70410.1875	1093.9599609375
322.1145539088922	1	70157.6015625	1070.75
261.1307861022756	1	70026.640625	414.5299987792969
266.1246980183218	1	69966.9453125	863.093994140625
363.08973844442875	1	69868.6796875	652.2420043945312
157.07997263015866	1	69852.6328125	1537.6199951171875
109.02253354421778	1	69742.078125	264.6549987792969
172.1330913154952	1	69724.1171875	848.4600219726562
286.1648539753208	1	69603.6953125	758.5919799804688
79.0178994519958	1	69590.109375	21.179800033569336
84.95970937566516	1	69210.1875	2294.3701171875
200.99550330387802	1	69189.390625	2016.25
138.51066348240983	1	69104.703125	2322.889892578125
176.01331766673238	1	68938.796875	21.179800033569336
167.00761846245538	1	68893.84375	2126.179931640625
168.0159918028387	1	68893.4453125	2017.760009765625
343.16121729858713	1	68803.2421875	1172.0699462890625
341.0121648675653	1	68692.0234375	990.5700073242188
360.1501182717956	1	68674.8515625	732.0
73.53184637431247	1	68650.140625	1884.050048828125
90.9766765076959	1	68617.203125	2520.409912109375
226.9513704865792	1	68590.9296875	1457.93994140625
227.1178221459308	1	68582.625	316.2340087890625
82.53707600719709	1	68542.2421875	2410.4599609375
168.01602601443832	1	68342.84375	2472.8798828125
100.1303773293675	1	68327.390625	819.8040161132812
494.1855029778325	1	68312.84375	543.9609985351562
164.06669840074204	1	68277.6171875	2034.2099609375
177.03150262965295	1	68176.1640625	1190.280029296875
73.06483624536182	1	68150.7265625	353.5379943847656
72.08087465000075	1	68031.5625	2758.280029296875
233.06315004110922	1	68015.2734375	736.5419921875
308.1320919936625	1	67856.8125	770.3759765625
198.0847292085963	1	67818.828125	1142.4000244140625
224.07770182054145	1	67710.4296875	745.4639892578125
222.0971619575525	1	67583.0	432.4989929199219
165.06575982515812	1	67382.6015625	447.1099853515625
258.1183142671232	1	67366.1328125	821.2139892578125
124.54345290529643	1	67347.890625	2351.4599609375
468.14076194416583	1	67267.328125	736.5419921875
284.33107838540036	1	67158.765625	600.0120239257812
152.0300154863802	1	66954.9140625	1169.06005859375
356.12017989060183	1	66545.3359375	736.5419921875
107.05312019527256	1	66520.15625	1117.1800537109375
311.15364202270945	1	66451.59375	848.4600219726562
300.10258862429754	1	66442.0625	594.2030029296875
73.53186200519309	1	66342.234375	1798.6300048828125
242.11339000567483	1	66256.3125	1142.4000244140625
174.07601720715152	1	66171.5703125	626.1119995117188
343.29563641581296	1	66169.7734375	519.0130004882812
128.019095618794	1	66144.53125	2046.1800537109375
186.98078044237124	1	66060.359375	2011.760009765625
166.10281341914236	1	66046.7109375	745.4639892578125
202.1524498026541	1	66044.171875	860.177978515625
548.2168632111	1	65954.53125	792.4199829101562
74.03350102790031	1	65861.6953125	2040.18994140625
74.09645773121896	1	65835.3125	880.3679809570312
112.01786497772059	1	65705.0546875	10.643799781799316
567.1811528598971	1	65363.2265625	601.4639892578125
153.03266184105271	1	65354.484375	2351.4599609375
114.07228447345369	1	65349.55859375	1013.5
82.0222798333729	1	65324.62109375	28.736799240112305
387.180139134978	1	65236.421875	313.17401123046875
537.1657477240739	1	65103.546875	290.6409912109375
143.03944309537724	1	65074.390625	57.52009963989258
666.2443213350023	1	65057.48046875	755.68798828125
192.06160463117902	1	64959.34375	2222.56005859375
166.1042582183189	1	64867.53125	746.9340209960938
90.97668019682253	1	64772.0703125	2453.0400390625
129.10216178306084	1	64756.359375	1056.97998046875
90.97667585469655	1	64643.44140625	2494.31005859375
84.95970441745854	1	64584.25390625	2492.780029296875
94.03848214759167	1	64542.50390625	2052.169921875
100.1317613410914	1	64525.5703125	819.8040161132812
104.10692755161745	1	64371.3203125	1073.8399658203125
448.14269984839274	1	64284.421875	698.8140258789062
495.2061964753777	1	64168.453125	316.2340087890625
299.13253508501487	1	64139.93359375	1507.0699462890625
261.0581360475332	1	64027.5390625	639.7919921875
409.1622956809337	1	64002.05859375	314.697998046875
298.06485549464196	1	63972.09765625	585.5269775390625
465.07864412258044	1	63921.19921875	1173.5799560546875
70.0127199281553	1	63852.21484375	2104.1201171875
453.2015322713843	1	63799.80859375	832.5
115.03888199543061	1	63689.21875	543.9609985351562
166.07122929999963	1	63604.1015625	745.4639892578125
225.12320474691643	1	63396.89453125	1111.0400390625
159.0239203574911	1	63370.2578125	1890.27001953125
124.6020473476278	1	63183.46875	2759.81005859375
266.01601181034783	1	63078.4765625	2044.6800537109375
406.13206019614785	1	63050.4296875	1283.6800537109375
138.51061237228686	1	62998.58984375	2043.1800537109375
70.01270764116512	1	62989.58203125	2421.090087890625
102.11840060658952	1	62884.15234375	821.2139892578125
411.12603130569414	1	62847.078125	236.4199981689453
371.1529424713866	1	62796.2578125	674.2680053710938
250.12658854881184	1	62733.87109375	356.4639892578125
244.1008438454156	1	62665.55859375	402.34698486328125
128.05342244197013	1	62641.0234375	414.5299987792969
90.9766755490703	1	62639.703125	2402.889892578125
279.1590936976907	1	62579.43359375	302.7409973144531
103.03160610442119	1	62534.75	2319.889892578125
106.06499349690894	1	62533.41796875	806.9459838867188
192.06161314872617	1	62413.8984375	2285.3701171875
430.19383627469955	1	62185.75390625	838.2360229492188
116.03415568885485	1	61913.15625	1050.9599609375
318.1910875290073	1	61796.6484375	839.6939697265625
234.09522708953267	1	61792.421875	821.2139892578125
288.1081347208967	1	61726.0078125	381.5169982910156
84.9596959903194	1	61723.14453125	2352.969970703125
90.97668066948376	1	61528.4921875	2337.919921875
192.0615843148845	1	61364.78125	2246.43994140625
70.065216637483	1	61310.484375	1600.18994140625
698.1035946985651	1	61221.91796875	877.5059814453125
298.1268804103892	1	61188.05859375	585.5269775390625
225.0157509443622	1	61117.6875	1128.0699462890625
360.1401108554247	1	60916.078125	1047.93994140625
90.97668164308358	1	60864.98046875	2374.110107421875
153.03264028892065	1	60705.5625	2372.60009765625
354.1227511843192	1	60680.0078125	833.9219970703125
325.02508337058924	1	60540.24609375	555.3619995117188
114.07391402606449	1	60485.515625	1013.5
90.97667763644671	1	60426.81640625	2465.25
133.04946583012457	1	60369.99609375	538.2109985351562
272.1084899869585	1	60285.7265625	356.4639892578125
294.1181083773661	1	60214.58984375	1123.3699951171875
123.04561954046474	1	60155.046875	2282.360107421875
202.13591967384173	1	59863.46875	860.177978515625
90.97667503143245	1	59809.5703125	2424.1201171875
258.1183343653836	1	59805.23046875	773.3699951171875
319.1134249458097	1	59605.046875	584.0869750976562
151.0050780011657	1	59439.546875	2219.570068359375
83.5170512333404	1	59438.21484375	2140.93994140625
158.00269392190646	1	59434.73046875	2038.68994140625
81.01702084828732	1	59431.765625	485.7799987792969
124.54344825862376	1	59403.921875	2392.27001953125
403.1019045457362	1	59400.87890625	984.8759765625
109.52420513818271	1	59358.47265625	2016.25
838.834903521354	1	59218.515625	1238.93994140625
190.08609285148432	1	59190.33203125	746.9340209960938
334.1131842700443	1	58974.9296875	445.6629943847656
116.07774137385883	1	58650.19140625	927.0540161132812
392.1551844109756	1	58614.125	811.27197265625
138.04898431410825	1	58614.0625	880.3679809570312
467.1785301219403	1	58546.55859375	607.2479858398438
305.1206420911663	1	58533.82421875	445.6629943847656
166.06835928522182	1	58512.4921875	745.4639892578125
286.16476496159623	1	58424.1875	808.3920288085938
269.11305964427515	1	58328.3828125	1046.43994140625
186.07598968131873	1	58298.390625	563.9229736328125
169.0493412504081	1	58248.21875	779.322021484375
207.98510215119822	1	58196.6328125	34.786399841308594
537.2080484066993	1	58109.0234375	549.6680297851562
170.06977331044465	1	58069.94921875	894.8040161132812
94.0521118170684	1	58027.88671875	2032.7099609375
274.1264659094521	1	58025.58984375	811.27197265625
238.07116631541012	1	57851.09765625	514.4979858398438
115.03891834695747	1	57755.4375	551.0919799804688
396.1589293728387	1	57729.8671875	819.8040161132812
356.13399593324976	1	57654.19921875	811.27197265625
213.0181096153028	1	57594.93359375	2011.760009765625
391.28417809753483	1	57522.1484375	290.6409912109375
104.53182077502913	1	57431.71875	2096.780029296875
207.98510925108306	1	57349.64453125	52.94139862060547
372.18634598525557	1	57336.3125	782.2559814453125
361.09993952414317	1	57286.8828125	795.31201171875
141.95849968758688	1	57260.2265625	2176.4599609375
133.05593354719053	1	57061.2265625	1801.5899658203125
289.11816252776015	1	56975.94921875	686.77197265625
168.0371272998641	1	56957.28515625	347.718994140625
89.00836501968345	1	56822.72265625	2073.159912109375
189.9659664965765	1	56796.234375	2158.659912109375
206.0739251770325	1	56678.74609375	559.635009765625
110.01114392446432	1	56667.37890625	2025.25
163.13273253038514	1	56642.59765625	334.6130065917969
102.5354675673371	1	56617.06640625	1202.68994140625
75.04406668027667	1	56495.0703125	384.4540100097656
103.03159670995778	1	56474.609375	2334.919921875
168.01603127824256	1	56345.11328125	2488.18994140625
437.1266857386882	1	56229.4921875	621.6900024414062
271.9163414080772	1	56213.5	25.70170021057129
106.02878755116771	1	56177.29296875	2104.1201171875
123.54501132194419	1	56170.77734375	2115.8798828125
138.51067180426335	1	56024.44921875	2387.72998046875
143.0395039189587	1	56014.3125	2557.22998046875
200.09162176427677	1	55962.234375	420.5610046386719
116.52411497661814	1	55649.86328125	31.775999069213867
302.1822036190493	1	55623.06640625	1046.43994140625
280.1371121730539	1	55611.3828125	1172.0699462890625
116.06514147422656	1	55597.15625	928.5419921875
278.09275044136604	1	55588.40625	572.5640258789062
189.1310335496544	1	55559.84375	1052.4599609375
139.00246146678657	1	55489.66796875	429.5320129394531
302.1822063474754	1	55201.046875	1056.97998046875
138.5106969336587	1	55199.4296875	2401.3701171875
523.1777433892963	1	55190.0234375	1181.1300048828125
352.1237704257681	1	55138.83984375	918.1259765625
148.11593780222344	1	54993.84375	1618.8800048828125
401.21478504026294	1	54924.3671875	322.41400146484375
266.53477556022926	1	54924.24609375	293.7030029296875
324.10771886801183	1	54816.11328125	381.5169982910156
227.06613291401155	1	54782.10546875	841.14599609375
197.59305772982952	1	54689.078125	310.1570129394531
152.03597812229046	1	54553.26953125	2325.8798828125
678.1060126952392	1	54531.30859375	894.8040161132812
339.13165560407936	1	54436.51171875	382.9849853515625
659.1117131329031	1	54255.3203125	909.3300170898438
508.02117836261976	1	54205.4140625	993.4140014648438
233.13687605982352	1	54115.8984375	334.6130065917969
157.09708773601378	1	54089.8828125	932.9879760742188
276.07694948451734	1	54039.515625	555.3619995117188
166.0669451985013	1	53932.8046875	746.9340209960938
96.05492196182145	1	53889.890625	1424.4200439453125
344.1317007188335	1	53802.48828125	792.4199829101562
151.0963726511346	1	53772.6953125	425.0539855957031
110.0081483444722	1	53762.2734375	2020.77001953125
170.09350733564636	1	53668.46484375	894.8040161132812
239.09658600858683	1	53572.09765625	1083.1199951171875
166.05789946489554	1	53557.625	336.0950012207031
145.58906594081176	1	53552.75	1628.3299560546875
407.11612056774095	1	53526.24609375	636.7080078125
115.55712981422641	1	53477.53515625	2093.85009765625
328.9152443326782	1	53442.86328125	2037.199951171875
103.05011678449056	1	53329.1640625	2430.2099609375
509.16056682216623	1	53320.41796875	1169.06005859375
128.0191481696336	1	53314.9375	2451.52001953125
179.53834074867578	1	53304.375	703.22998046875
211.0712429512477	1	53279.96484375	455.81298828125
180.98963723186668	1	53231.58203125	25.70170021057129
104.1069165598053	1	53229.98828125	1191.81005859375
305.1034567759196	1	53175.515625	1385.3599853515625
84.95969830325767	1	53151.61328125	2752.159912109375
138.0548950010303	1	52908.265625	706.176025390625
137.0388919217064	1	52892.6640625	618.780029296875
159.02391120752216	1	52759.640625	1792.6700439453125
519.2299903047219	1	52728.453125	785.177978515625
436.18134255341056	1	52643.625	423.5589904785156
193.0607456802406	1	52550.1953125	455.81298828125
167.04847298845988	1	52536.00390625	971.8800048828125
415.14782439510805	1	52529.6484375	832.5
168.06542889074484	1	52406.33984375	704.7000122070312
559.1507003802377	1	52381.671875	617.333984375
84.08885357106568	1	52288.97265625	822.6240234375
163.00812728937092	1	52286.60546875	448.5589904785156
488.23529949880935	1	52115.66015625	331.60101318359375
186.0760007232161	1	52107.4453125	799.6680297851562
208.08684821994598	1	52092.09765625	2755.219970703125
551.2019459878093	1	52090.2421875	749.8619995117188
153.03264380236115	1	52056.7421875	2404.409912109375
357.0688378257035	1	51881.62890625	296.7489929199219
247.07858716777855	1	51758.28515625	481.23199462890625
90.97667356541449	1	51752.24609375	2279.3798828125
529.2031195042481	1	51582.109375	848.4600219726562
132.09845056640887	1	51551.26953125	788.0819702148438
395.1661011992888	1	51502.56640625	1291.6600341796875
87.09975038539733	1	51363.41796875	786.6300048828125
103.05007430471385	1	51357.1328125	2384.68994140625
74.53062343920243	1	51348.015625	2197.219970703125
103.03159537850316	1	51306.66796875	2371.080078125
294.1375103577777	1	51189.09765625	1353.280029296875
167.0264213463093	1	51146.80859375	2123.239990234375
103.03161404696195	1	51138.63671875	2396.820068359375
168.01602328763485	1	51013.8828125	2526.570068359375
159.0239241976898	1	50996.3515625	2535.75
102.53230592241657	1	50980.66015625	22.690099716186523
199.00385932042275	1	50839.421875	971.8800048828125
76.07566294852079	1	50778.97265625	1107.969970703125
446.88780990796243	1	50775.9296875	1226.8299560546875
230.08516524526354	1	50762.62109375	457.2699890136719
271.0917106854908	1	50718.1875	613.0139770507812
171.15712416564205	1	50622.30859375	310.1570129394531
514.8753316767113	1	50545.76953125	1226.8299560546875
167.00759030762822	1	50531.71875	2157.169921875
103.03159677704384	1	50455.890625	2381.659912109375
188.1280313275635	1	50418.82421875	758.5919799804688
187.09395786751173	1	50384.9453125	381.5169982910156
103.07533010752212	1	50311.125	355.0
246.52317167515992	1	50287.52734375	290.6409912109375
90.97667221406135	1	50173.90625	2250.909912109375
446.18828805672086	1	50089.63671875	984.8759765625
252.08650931152602	1	50052.9296875	579.7789916992188
94.03685308390747	1	50041.25	2044.6800537109375
