0.000000000000000000e+00 1.461650889400119979e+02 1.461649791802319953e+02 1.461651086318620116e+02 1.461651014924819947e+02 1.461651126471429905e+02
0.000000000000000000e+00 0.000000000000000000e+00 0.000000000000000000e+00 0.000000000000000000e+00 0.000000000000000000e+00 0.000000000000000000e+00
0.000000000000000000e+00 0.000000000000000000e+00 0.000000000000000000e+00 0.000000000000000000e+00 0.000000000000000000e+00 0.000000000000000000e+00
0.000000000000000000e+00 0.000000000000000000e+00 0.000000000000000000e+00 0.000000000000000000e+00 0.000000000000000000e+00 0.000000000000000000e+00
0.000000000000000000e+00 0.000000000000000000e+00 0.000000000000000000e+00 0.000000000000000000e+00 0.000000000000000000e+00 0.000000000000000000e+00
0.000000000000000000e+00 0.000000000000000000e+00 0.000000000000000000e+00 0.000000000000000000e+00 0.000000000000000000e+00 0.000000000000000000e+00
0.000000000000000000e+00 0.000000000000000000e+00 0.000000000000000000e+00 0.000000000000000000e+00 0.000000000000000000e+00 0.000000000000000000e+00
0.000000000000000000e+00 0.000000000000000000e+00 0.000000000000000000e+00 0.000000000000000000e+00 0.000000000000000000e+00 0.000000000000000000e+00
1.660863015417220083e+02 1.660862506992860119e+02 0.000000000000000000e+00 1.660863162975859950e+02 1.660862622113550060e+02 1.660862975305840052e+02
1.321019039070089889e+02 1.321019119536709923e+02 1.321019165935209969e+02 1.321019076491560043e+02 1.321019229241360051e+02 0.000000000000000000e+00
0.000000000000000000e+00 2.050972246032939950e+02 0.000000000000000000e+00 0.000000000000000000e+00 0.000000000000000000e+00 0.000000000000000000e+00
1.520705493818400100e+02 1.520706059926289981e+02 0.000000000000000000e+00 0.000000000000000000e+00 0.000000000000000000e+00 0.000000000000000000e+00
0.000000000000000000e+00 0.000000000000000000e+00 0.000000000000000000e+00 0.000000000000000000e+00 0.000000000000000000e+00 0.000000000000000000e+00
1.500583034544129930e+02 1.500583521305889860e+02 1.500583608545859988e+02 1.500583137760729926e+02 1.500581823060030047e+02 0.000000000000000000e+00
0.000000000000000000e+00 0.000000000000000000e+00 0.000000000000000000e+00 0.000000000000000000e+00 0.000000000000000000e+00 0.000000000000000000e+00
1.700810806040960017e+02 1.700810859778540021e+02 1.700810833118559913e+02 1.700811809137929913e+02 1.700811565199749964e+02 1.700811675553059956e+02
0.000000000000000000e+00 1.270502340631719989e+02 1.270502333749710004e+02 1.270502253813869942e+02 1.270502261195960045e+02 1.270502154576689975e+02
1.180862010261189994e+02 1.180862531076549971e+02 1.180862668076539990e+02 1.180862570781810064e+02 1.180862450271019952e+02 1.180862539851020045e+02
1.360617602705360127e+02 1.360618089020829871e+02 1.360618307424599891e+02 1.360618291502649981e+02 1.360618209585890099e+02 1.360618118454740113e+02
1.160705390711529930e+02 1.160706034910460005e+02 1.160706138249470030e+02 1.160706183101620041e+02 1.160706102825819954e+02 1.160706312121290011e+02
1.771022235974230057e+02 1.771023351749450114e+02 0.000000000000000000e+00 0.000000000000000000e+00 1.771022709019709964e+02 1.771022226217610012e+02
0.000000000000000000e+00 0.000000000000000000e+00 0.000000000000000000e+00 0.000000000000000000e+00 0.000000000000000000e+00 0.000000000000000000e+00
1.320654530514160001e+02 1.320655495727949926e+02 1.320655349864709933e+02 1.320655338740390050e+02 1.320655522474660017e+02 1.320655621483159905e+02
1.140661759575649938e+02 1.140662174845389956e+02 1.140662345356829945e+02 1.140662248266900036e+02 1.140662238241140045e+02 1.140662185433850055e+02
0.000000000000000000e+00 1.891232143279229945e+02 1.891232875584369992e+02 1.891231943686350121e+02 1.891232963760560040e+02 1.891232240471840100e+02
1.200654838378400058e+02 1.200655218772219968e+02 1.200655048925100061e+02 1.200654995856010032e+02 1.200655307530160059e+02 1.200654974130240049e+02
1.340446276982810048e+02 1.340448006440589950e+02 0.000000000000000000e+00 0.000000000000000000e+00 0.000000000000000000e+00 0.000000000000000000e+00
0.000000000000000000e+00 0.000000000000000000e+00 0.000000000000000000e+00 0.000000000000000000e+00 0.000000000000000000e+00 0.000000000000000000e+00
1.470763039919779942e+02 1.470763454369140106e+02 1.470763466599790092e+02 1.470763390607299925e+02 1.470763564168439927e+02 1.470763282753779890e+02
0.000000000000000000e+00 0.000000000000000000e+00 9.005494511800850432e+01 9.005494649900249726e+01 0.000000000000000000e+00 0.000000000000000000e+00
0.000000000000000000e+00 0.000000000000000000e+00 1.330606553079429943e+02 0.000000000000000000e+00 1.330607957102220098e+02 1.330607035926979904e+02
3.480699583550069747e+02 3.480703669017120205e+02 3.480701635751639742e+02 0.000000000000000000e+00 0.000000000000000000e+00 0.000000000000000000e+00
0.000000000000000000e+00 0.000000000000000000e+00 1.060498454183669992e+02 1.060498487919719963e+02 1.060498259426200036e+02 1.060498673766140030e+02
1.761028505231940073e+02 1.761029478169049867e+02 1.761029423229190058e+02 1.761029542011079911e+02 1.761029686495529916e+02 1.761029759513729971e+02
0.000000000000000000e+00 2.440927784512780079e+02 2.440927224213440070e+02 0.000000000000000000e+00 0.000000000000000000e+00 2.440928152538089932e+02
0.000000000000000000e+00 0.000000000000000000e+00 0.000000000000000000e+00 0.000000000000000000e+00 0.000000000000000000e+00 0.000000000000000000e+00
0.000000000000000000e+00 0.000000000000000000e+00 0.000000000000000000e+00 0.000000000000000000e+00 0.000000000000000000e+00 0.000000000000000000e+00
2.581098876746510200e+02 2.581099350512790238e+02 2.581099286283139804e+02 2.581099388711430151e+02 2.581099835647850114e+02 2.581100026088120103e+02
0.000000000000000000e+00 0.000000000000000000e+00 0.000000000000000000e+00 0.000000000000000000e+00 0.000000000000000000e+00 0.000000000000000000e+00
2.410308072764370024e+02 2.410308126801660080e+02 2.410308199327340049e+02 2.410306847107399904e+02 0.000000000000000000e+00 0.000000000000000000e+00
1.800865681812070136e+02 1.800865686130350127e+02 1.800865894484659862e+02 1.800866638106730022e+02 0.000000000000000000e+00 0.000000000000000000e+00
0.000000000000000000e+00 0.000000000000000000e+00 0.000000000000000000e+00 0.000000000000000000e+00 0.000000000000000000e+00 0.000000000000000000e+00
0.000000000000000000e+00 0.000000000000000000e+00 0.000000000000000000e+00 0.000000000000000000e+00 0.000000000000000000e+00 0.000000000000000000e+00
0.000000000000000000e+00 0.000000000000000000e+00 0.000000000000000000e+00 0.000000000000000000e+00 0.000000000000000000e+00 0.000000000000000000e+00
0.000000000000000000e+00 1.471127194100369877e+02 1.471127996756260075e+02 1.471127656628410136e+02 1.471127856296010066e+02 1.471128204017730070e+02
1.751188175935959919e+02 1.751188855141639920e+02 1.751188738855730094e+02 1.751188893200090035e+02 1.751188877993859876e+02 1.751188920121209947e+02
0.000000000000000000e+00 0.000000000000000000e+00 0.000000000000000000e+00 0.000000000000000000e+00 0.000000000000000000e+00 0.000000000000000000e+00
3.991440306888169971e+02 0.000000000000000000e+00 0.000000000000000000e+00 0.000000000000000000e+00 0.000000000000000000e+00 0.000000000000000000e+00
8.910725414534249467e+01 8.910735280755820042e+01 0.000000000000000000e+00 0.000000000000000000e+00 0.000000000000000000e+00 0.000000000000000000e+00
0.000000000000000000e+00 2.331283301402669963e+02 0.000000000000000000e+00 0.000000000000000000e+00 2.331283736371979955e+02 0.000000000000000000e+00
0.000000000000000000e+00 0.000000000000000000e+00 0.000000000000000000e+00 0.000000000000000000e+00 0.000000000000000000e+00 0.000000000000000000e+00
1.050546005499110009e+02 1.050546309593210026e+02 0.000000000000000000e+00 1.050546521844089938e+02 0.000000000000000000e+00 0.000000000000000000e+00
0.000000000000000000e+00 0.000000000000000000e+00 0.000000000000000000e+00 0.000000000000000000e+00 0.000000000000000000e+00 0.000000000000000000e+00
1.170181816668810058e+02 1.170182526624819985e+02 1.170182412851859937e+02 1.170182327527560062e+02 0.000000000000000000e+00 0.000000000000000000e+00
0.000000000000000000e+00 0.000000000000000000e+00 0.000000000000000000e+00 0.000000000000000000e+00 0.000000000000000000e+00 0.000000000000000000e+00
1.690495699503900084e+02 1.690494851173490076e+02 1.690495184127979940e+02 0.000000000000000000e+00 1.690494833031870030e+02 1.690495455875719983e+02
0.000000000000000000e+00 0.000000000000000000e+00 0.000000000000000000e+00 0.000000000000000000e+00 0.000000000000000000e+00 0.000000000000000000e+00
0.000000000000000000e+00 0.000000000000000000e+00 0.000000000000000000e+00 0.000000000000000000e+00 0.000000000000000000e+00 0.000000000000000000e+00
0.000000000000000000e+00 0.000000000000000000e+00 0.000000000000000000e+00 0.000000000000000000e+00 0.000000000000000000e+00 0.000000000000000000e+00
0.000000000000000000e+00 0.000000000000000000e+00 0.000000000000000000e+00 0.000000000000000000e+00 0.000000000000000000e+00 0.000000000000000000e+00
0.000000000000000000e+00 0.000000000000000000e+00 0.000000000000000000e+00 0.000000000000000000e+00 0.000000000000000000e+00 0.000000000000000000e+00
0.000000000000000000e+00 0.000000000000000000e+00 0.000000000000000000e+00 0.000000000000000000e+00 0.000000000000000000e+00 0.000000000000000000e+00
0.000000000000000000e+00 0.000000000000000000e+00 0.000000000000000000e+00 0.000000000000000000e+00 0.000000000000000000e+00 0.000000000000000000e+00
0.000000000000000000e+00 0.000000000000000000e+00 0.000000000000000000e+00 0.000000000000000000e+00 0.000000000000000000e+00 0.000000000000000000e+00
0.000000000000000000e+00 0.000000000000000000e+00 0.000000000000000000e+00 0.000000000000000000e+00 0.000000000000000000e+00 0.000000000000000000e+00
0.000000000000000000e+00 0.000000000000000000e+00 0.000000000000000000e+00 0.000000000000000000e+00 0.000000000000000000e+00 0.000000000000000000e+00
0.000000000000000000e+00 0.000000000000000000e+00 0.000000000000000000e+00 0.000000000000000000e+00 0.000000000000000000e+00 0.000000000000000000e+00
0.000000000000000000e+00 0.000000000000000000e+00 0.000000000000000000e+00 0.000000000000000000e+00 0.000000000000000000e+00 0.000000000000000000e+00
0.000000000000000000e+00 0.000000000000000000e+00 1.650758979838900018e+02 0.000000000000000000e+00 0.000000000000000000e+00 0.000000000000000000e+00
0.000000000000000000e+00 0.000000000000000000e+00 0.000000000000000000e+00 0.000000000000000000e+00 0.000000000000000000e+00 0.000000000000000000e+00
0.000000000000000000e+00 0.000000000000000000e+00 0.000000000000000000e+00 0.000000000000000000e+00 2.100794567437899900e+02 2.100795484619160050e+02
1.380549356823410108e+02 1.380549706126809895e+02 1.380549656262409997e+02 1.380549802239580117e+02 1.380549772819140060e+02 1.380549751418199946e+02
0.000000000000000000e+00 0.000000000000000000e+00 0.000000000000000000e+00 0.000000000000000000e+00 0.000000000000000000e+00 0.000000000000000000e+00
0.000000000000000000e+00 0.000000000000000000e+00 0.000000000000000000e+00 0.000000000000000000e+00 0.000000000000000000e+00 0.000000000000000000e+00
0.000000000000000000e+00 0.000000000000000000e+00 0.000000000000000000e+00 0.000000000000000000e+00 0.000000000000000000e+00 0.000000000000000000e+00
0.000000000000000000e+00 0.000000000000000000e+00 0.000000000000000000e+00 0.000000000000000000e+00 0.000000000000000000e+00 0.000000000000000000e+00
0.000000000000000000e+00 0.000000000000000000e+00 0.000000000000000000e+00 0.000000000000000000e+00 0.000000000000000000e+00 0.000000000000000000e+00
0.000000000000000000e+00 0.000000000000000000e+00 0.000000000000000000e+00 0.000000000000000000e+00 0.000000000000000000e+00 0.000000000000000000e+00
0.000000000000000000e+00 0.000000000000000000e+00 0.000000000000000000e+00 0.000000000000000000e+00 0.000000000000000000e+00 0.000000000000000000e+00
0.000000000000000000e+00 0.000000000000000000e+00 0.000000000000000000e+00 0.000000000000000000e+00 0.000000000000000000e+00 0.000000000000000000e+00
0.000000000000000000e+00 0.000000000000000000e+00 0.000000000000000000e+00 0.000000000000000000e+00 0.000000000000000000e+00 0.000000000000000000e+00
0.000000000000000000e+00 0.000000000000000000e+00 0.000000000000000000e+00 0.000000000000000000e+00 0.000000000000000000e+00 0.000000000000000000e+00
1.240393344865399996e+02 1.240392511297639970e+02 1.240392432421169957e+02 1.240392934203709956e+02 1.240393124539800027e+02 1.240393249202730033e+02
2.610366850797959728e+02 2.610367243186580026e+02 2.610367332617360034e+02 2.610367301550959951e+02 0.000000000000000000e+00 0.000000000000000000e+00
0.000000000000000000e+00 0.000000000000000000e+00 0.000000000000000000e+00 0.000000000000000000e+00 0.000000000000000000e+00 0.000000000000000000e+00
0.000000000000000000e+00 0.000000000000000000e+00 0.000000000000000000e+00 0.000000000000000000e+00 0.000000000000000000e+00 0.000000000000000000e+00
0.000000000000000000e+00 0.000000000000000000e+00 0.000000000000000000e+00 0.000000000000000000e+00 0.000000000000000000e+00 0.000000000000000000e+00
1.480602858328489901e+02 1.480604319578229990e+02 1.480604209512580098e+02 1.480603955494250101e+02 1.480604092735109987e+02 1.480604175037109940e+02
0.000000000000000000e+00 0.000000000000000000e+00 0.000000000000000000e+00 0.000000000000000000e+00 0.000000000000000000e+00 0.000000000000000000e+00
1.210494995290020057e+02 0.000000000000000000e+00 0.000000000000000000e+00 0.000000000000000000e+00 0.000000000000000000e+00 0.000000000000000000e+00
0.000000000000000000e+00 0.000000000000000000e+00 0.000000000000000000e+00 0.000000000000000000e+00 0.000000000000000000e+00 0.000000000000000000e+00
1.030389152176719989e+02 1.030389981688330039e+02 0.000000000000000000e+00 0.000000000000000000e+00 0.000000000000000000e+00 0.000000000000000000e+00
0.000000000000000000e+00 0.000000000000000000e+00 0.000000000000000000e+00 0.000000000000000000e+00 0.000000000000000000e+00 0.000000000000000000e+00
0.000000000000000000e+00 0.000000000000000000e+00 0.000000000000000000e+00 0.000000000000000000e+00 0.000000000000000000e+00 0.000000000000000000e+00
0.000000000000000000e+00 0.000000000000000000e+00 0.000000000000000000e+00 0.000000000000000000e+00 0.000000000000000000e+00 0.000000000000000000e+00
0.000000000000000000e+00 0.000000000000000000e+00 0.000000000000000000e+00 0.000000000000000000e+00 0.000000000000000000e+00 0.000000000000000000e+00
7.302831762251609860e+01 0.000000000000000000e+00 0.000000000000000000e+00 0.000000000000000000e+00 0.000000000000000000e+00 0.000000000000000000e+00
0.000000000000000000e+00 0.000000000000000000e+00 0.000000000000000000e+00 0.000000000000000000e+00 0.000000000000000000e+00 0.000000000000000000e+00
0.000000000000000000e+00 0.000000000000000000e+00 0.000000000000000000e+00 0.000000000000000000e+00 0.000000000000000000e+00 0.000000000000000000e+00
0.000000000000000000e+00 0.000000000000000000e+00 0.000000000000000000e+00 0.000000000000000000e+00 0.000000000000000000e+00 0.000000000000000000e+00
0.000000000000000000e+00 0.000000000000000000e+00 0.000000000000000000e+00 0.000000000000000000e+00 0.000000000000000000e+00 0.000000000000000000e+00
0.000000000000000000e+00 0.000000000000000000e+00 0.000000000000000000e+00 0.000000000000000000e+00 0.000000000000000000e+00 0.000000000000000000e+00
1.530545262101969968e+02 1.530546322288629995e+02 1.530545964309920066e+02 1.530545981594360114e+02 0.000000000000000000e+00 0.000000000000000000e+00
0.000000000000000000e+00 0.000000000000000000e+00 0.000000000000000000e+00 0.000000000000000000e+00 0.000000000000000000e+00 0.000000000000000000e+00
