4.093890000000000100e+02 4.091979999999999791e+02 4.094540000000000077e+02 4.089399999999999977e+02 4.093770000000000095e+02 4.085210000000000150e+02
4.496970000000000027e+02 4.526240000000000236e+02 4.517019999999999982e+02 4.521250000000000000e+02 4.513260000000000218e+02 0.000000000000000000e+00
0.000000000000000000e+00 0.000000000000000000e+00 0.000000000000000000e+00 0.000000000000000000e+00 0.000000000000000000e+00 0.000000000000000000e+00
0.000000000000000000e+00 0.000000000000000000e+00 0.000000000000000000e+00 0.000000000000000000e+00 0.000000000000000000e+00 0.000000000000000000e+00
2.330910000000000082e+02 2.340800000000000125e+02 2.334329999999999927e+02 2.334850000000000136e+02 2.334420000000000073e+02 2.333789999999999907e+02
6.351280000000000427e+02 6.362190000000000509e+02 6.365520000000000209e+02 6.365030000000000427e+02 0.000000000000000000e+00 0.000000000000000000e+00
6.614450000000000500e+02 6.676119999999999663e+02 6.674529999999999745e+02 0.000000000000000000e+00 0.000000000000000000e+00 0.000000000000000000e+00
0.000000000000000000e+00 0.000000000000000000e+00 0.000000000000000000e+00 0.000000000000000000e+00 0.000000000000000000e+00 0.000000000000000000e+00
0.000000000000000000e+00 0.000000000000000000e+00 0.000000000000000000e+00 0.000000000000000000e+00 0.000000000000000000e+00 0.000000000000000000e+00
2.938450000000000273e+02 2.958489999999999895e+02 2.953489999999999895e+02 2.953100000000000023e+02 2.953519999999999754e+02 2.953430000000000177e+02
3.920249999999999773e+02 3.904499999999999886e+02 3.905249999999999773e+02 3.899549999999999841e+02 3.901200000000000045e+02 3.895389999999999873e+02
8.281150000000000091e+02 8.265679999999999836e+02 8.275990000000000464e+02 8.275170000000000528e+02 8.282210000000000036e+02 5.869919999999999618e+02
5.212290000000000418e+02 5.223099999999999454e+02 5.225249999999999773e+02 5.227010000000000218e+02 5.227619999999999436e+02 5.226490000000000009e+02
0.000000000000000000e+00 0.000000000000000000e+00 0.000000000000000000e+00 0.000000000000000000e+00 0.000000000000000000e+00 0.000000000000000000e+00
1.359259999999999991e+03 2.896229999999999905e+02 2.903550000000000182e+02 4.357040000000000077e+02 4.374649999999999750e+02 4.366270000000000095e+02
6.552269999999999754e+02 6.557749999999999773e+02 6.559360000000000355e+02 6.554370000000000118e+02 0.000000000000000000e+00 0.000000000000000000e+00
5.850579999999999927e+02 5.854909999999999854e+02 5.858759999999999764e+02 5.861490000000000009e+02 5.863930000000000291e+02 6.058949999999999818e+02
0.000000000000000000e+00 6.311760000000000446e+02 6.340520000000000209e+02 0.000000000000000000e+00 0.000000000000000000e+00 0.000000000000000000e+00
5.887559999999999718e+02 5.892110000000000127e+02 5.883819999999999482e+02 5.886349999999999909e+02 5.888880000000000337e+02 0.000000000000000000e+00
5.912250000000000227e+02 0.000000000000000000e+00 0.000000000000000000e+00 0.000000000000000000e+00 0.000000000000000000e+00 0.000000000000000000e+00
0.000000000000000000e+00 0.000000000000000000e+00 0.000000000000000000e+00 0.000000000000000000e+00 0.000000000000000000e+00 0.000000000000000000e+00
4.721619999999999777e+02 4.729320000000000164e+02 4.731209999999999809e+02 4.723009999999999877e+02 0.000000000000000000e+00 0.000000000000000000e+00
5.751770000000000209e+02 5.766290000000000191e+02 5.770059999999999718e+02 5.761130000000000564e+02 5.763279999999999745e+02 5.756739999999999782e+02
0.000000000000000000e+00 0.000000000000000000e+00 0.000000000000000000e+00 0.000000000000000000e+00 0.000000000000000000e+00 0.000000000000000000e+00
5.362649999999999864e+02 5.360470000000000255e+02 5.362780000000000200e+02 5.366399999999999864e+02 5.367380000000000564e+02 0.000000000000000000e+00
0.000000000000000000e+00 0.000000000000000000e+00 0.000000000000000000e+00 0.000000000000000000e+00 0.000000000000000000e+00 0.000000000000000000e+00
2.800419999999999732e+02 0.000000000000000000e+00 0.000000000000000000e+00 0.000000000000000000e+00 0.000000000000000000e+00 0.000000000000000000e+00
0.000000000000000000e+00 0.000000000000000000e+00 0.000000000000000000e+00 0.000000000000000000e+00 0.000000000000000000e+00 0.000000000000000000e+00
6.552269999999999754e+02 6.557749999999999773e+02 6.559360000000000355e+02 6.566879999999999882e+02 6.607259999999999991e+02 0.000000000000000000e+00
6.552269999999999754e+02 6.557749999999999773e+02 6.559360000000000355e+02 6.554370000000000118e+02 6.557210000000000036e+02 0.000000000000000000e+00
6.691340000000000146e+02 6.701109999999999900e+02 6.699529999999999745e+02 6.705299999999999727e+02 0.000000000000000000e+00 0.000000000000000000e+00
0.000000000000000000e+00 0.000000000000000000e+00 0.000000000000000000e+00 0.000000000000000000e+00 0.000000000000000000e+00 0.000000000000000000e+00
6.427549999999999955e+02 6.453769999999999527e+02 6.457129999999999654e+02 6.465960000000000036e+02 0.000000000000000000e+00 0.000000000000000000e+00
3.795810000000000173e+02 3.802869999999999777e+02 3.804669999999999845e+02 3.811250000000000000e+02 3.800219999999999914e+02 0.000000000000000000e+00
0.000000000000000000e+00 0.000000000000000000e+00 0.000000000000000000e+00 0.000000000000000000e+00 0.000000000000000000e+00 0.000000000000000000e+00
0.000000000000000000e+00 0.000000000000000000e+00 0.000000000000000000e+00 0.000000000000000000e+00 0.000000000000000000e+00 0.000000000000000000e+00
2.597189999999999941e+02 2.657149999999999750e+02 0.000000000000000000e+00 0.000000000000000000e+00 0.000000000000000000e+00 0.000000000000000000e+00
0.000000000000000000e+00 0.000000000000000000e+00 0.000000000000000000e+00 0.000000000000000000e+00 0.000000000000000000e+00 0.000000000000000000e+00
5.862910000000000537e+02 5.854909999999999854e+02 5.858759999999999764e+02 5.861490000000000009e+02 5.863930000000000291e+02 5.857440000000000282e+02
5.499389999999999645e+02 5.537150000000000318e+02 5.540289999999999964e+02 5.543120000000000118e+02 0.000000000000000000e+00 0.000000000000000000e+00
