2.309723392000000000e+09 2.110366592000000000e+09 1.822412288000000000e+09 9.209363840000000000e+08 3.110245440000000000e+08 4.345933600000000000e+07
9.246668000000000000e+06 3.026463250000000000e+06 1.481162000000000000e+06 3.264110625000000000e+05 8.611502343750000000e+04 0.000000000000000000e+00
0.000000000000000000e+00 0.000000000000000000e+00 0.000000000000000000e+00 0.000000000000000000e+00 0.000000000000000000e+00 0.000000000000000000e+00
0.000000000000000000e+00 0.000000000000000000e+00 0.000000000000000000e+00 0.000000000000000000e+00 0.000000000000000000e+00 0.000000000000000000e+00
1.482726125000000000e+06 1.347173625000000000e+06 7.891902500000000000e+05 6.265772500000000000e+05 1.471827625000000000e+06 8.592145625000000000e+05
3.123993000000000000e+06 4.155799687500000000e+05 4.180427187500000000e+05 6.697999218750000000e+04 0.000000000000000000e+00 0.000000000000000000e+00
1.614475000000000000e+06 6.990796875000000000e+04 6.901110156250000000e+04 0.000000000000000000e+00 0.000000000000000000e+00 0.000000000000000000e+00
0.000000000000000000e+00 0.000000000000000000e+00 0.000000000000000000e+00 0.000000000000000000e+00 0.000000000000000000e+00 0.000000000000000000e+00
0.000000000000000000e+00 0.000000000000000000e+00 0.000000000000000000e+00 0.000000000000000000e+00 0.000000000000000000e+00 0.000000000000000000e+00
6.920202880000000000e+08 3.879198720000000000e+08 2.868887360000000000e+08 1.182177040000000000e+08 5.223961200000000000e+07 4.787471000000000000e+06
2.861684992000000000e+09 1.722893952000000000e+09 1.073153728000000000e+09 3.730356160000000000e+08 1.737810240000000000e+08 3.072519600000000000e+07
2.446782720000000000e+09 6.132695680000000000e+08 3.281544960000000000e+08 9.360910400000000000e+07 2.542372600000000000e+07 3.955322750000000000e+06
5.192287744000000000e+09 3.533239296000000000e+09 2.201935616000000000e+09 6.674582400000000000e+08 3.618548800000000000e+07 1.082185125000000000e+06
0.000000000000000000e+00 0.000000000000000000e+00 0.000000000000000000e+00 0.000000000000000000e+00 0.000000000000000000e+00 0.000000000000000000e+00
1.175875250000000000e+06 6.896490625000000000e+05 4.463464687500000000e+05 4.023903437500000000e+05 4.206953125000000000e+05 3.489138437500000000e+05
1.793839687500000000e+05 3.355018437500000000e+05 3.592724375000000000e+05 8.733683593750000000e+04 0.000000000000000000e+00 0.000000000000000000e+00
5.118583600000000000e+07 2.525463600000000000e+07 1.463474700000000000e+07 3.141883000000000000e+06 7.028990625000000000e+05 1.532745312500000000e+05
0.000000000000000000e+00 1.258797734375000000e+05 1.182506718750000000e+05 0.000000000000000000e+00 0.000000000000000000e+00 0.000000000000000000e+00
3.157897400000000000e+07 3.524723000000000000e+06 4.044202750000000000e+06 1.022637812500000000e+06 2.916851250000000000e+05 0.000000000000000000e+00
3.200230937500000000e+05 0.000000000000000000e+00 0.000000000000000000e+00 0.000000000000000000e+00 0.000000000000000000e+00 0.000000000000000000e+00
0.000000000000000000e+00 0.000000000000000000e+00 0.000000000000000000e+00 0.000000000000000000e+00 0.000000000000000000e+00 0.000000000000000000e+00
2.445683000000000000e+06 1.952345500000000000e+06 1.041250250000000000e+06 2.626271875000000000e+05 0.000000000000000000e+00 0.000000000000000000e+00
7.321275520000000000e+08 1.337843360000000000e+08 9.138776000000000000e+07 1.759990600000000000e+07 4.217093000000000000e+06 7.561320000000000000e+05
0.000000000000000000e+00 0.000000000000000000e+00 0.000000000000000000e+00 0.000000000000000000e+00 0.000000000000000000e+00 0.000000000000000000e+00
1.339070125000000000e+06 4.398756500000000000e+06 4.803282500000000000e+06 9.732665625000000000e+05 2.611677656250000000e+05 0.000000000000000000e+00
0.000000000000000000e+00 0.000000000000000000e+00 0.000000000000000000e+00 0.000000000000000000e+00 0.000000000000000000e+00 0.000000000000000000e+00
4.118630468750000000e+04 0.000000000000000000e+00 0.000000000000000000e+00 0.000000000000000000e+00 0.000000000000000000e+00 0.000000000000000000e+00
0.000000000000000000e+00 0.000000000000000000e+00 0.000000000000000000e+00 0.000000000000000000e+00 0.000000000000000000e+00 0.000000000000000000e+00
8.792368750000000000e+05 1.599970250000000000e+06 1.663215000000000000e+06 2.870723750000000000e+05 5.501768750000000000e+04 0.000000000000000000e+00
8.602760000000000000e+05 1.503705625000000000e+06 1.483172000000000000e+06 3.278501875000000000e+05 8.995220312500000000e+04 0.000000000000000000e+00
2.641390625000000000e+05 4.090384687500000000e+05 4.708945937500000000e+05 8.952697656250000000e+04 0.000000000000000000e+00 0.000000000000000000e+00
0.000000000000000000e+00 0.000000000000000000e+00 0.000000000000000000e+00 0.000000000000000000e+00 0.000000000000000000e+00 0.000000000000000000e+00
1.300165750000000000e+06 2.449858125000000000e+05 2.715720312500000000e+05 7.859303125000000000e+04 0.000000000000000000e+00 0.000000000000000000e+00
1.008767280000000000e+08 3.389807600000000000e+07 2.038457400000000000e+07 4.949714500000000000e+06 1.656928750000000000e+06 0.000000000000000000e+00
0.000000000000000000e+00 0.000000000000000000e+00 0.000000000000000000e+00 0.000000000000000000e+00 0.000000000000000000e+00 0.000000000000000000e+00
0.000000000000000000e+00 0.000000000000000000e+00 0.000000000000000000e+00 0.000000000000000000e+00 0.000000000000000000e+00 0.000000000000000000e+00
1.247815234375000000e+05 2.991457421875000000e+04 0.000000000000000000e+00 0.000000000000000000e+00 0.000000000000000000e+00 0.000000000000000000e+00
0.000000000000000000e+00 0.000000000000000000e+00 0.000000000000000000e+00 0.000000000000000000e+00 0.000000000000000000e+00 0.000000000000000000e+00
1.059008192000000000e+09 5.062210240000000000e+08 2.986279680000000000e+08 6.181726400000000000e+07 1.455921700000000000e+07 1.111668625000000000e+06
5.083592500000000000e+05 3.641336562500000000e+05 2.160836250000000000e+05 8.690504687500000000e+04 0.000000000000000000e+00 0.000000000000000000e+00
