beer2-file3 0 5627041.000000 267.790985 183.053084  beer2-file1 0 6163619.000000 265.678009 183.053203  beer2-file2 0 6942131.500000 268.325012 183.053180  
beer2-file1 0 413257.937500 508.903015 159.053164  beer2-file2 0 411327.156250 507.911011 159.053181  
beer2-file3 0 3901085.750000 238.677994 158.057850  beer2-file1 0 5097797.000000 239.449005 158.057937  beer2-file2 0 5947370.000000 242.067993 158.057952  
beer2-file3 0 133014.218750 264.931000 246.108421  beer2-file1 0 209491.484375 261.763000 246.108606  beer2-file2 0 141897.546875 267.080994 246.108532  
beer2-file3 0 38345112.000000 630.585022 89.047653  beer2-file1 0 41179372.000000 631.422974 89.047729  beer2-file2 0 44983236.000000 630.442017 89.047660  
beer2-file3 0 2927116.000000 460.221985 363.154098  beer2-file2 0 2819383.750000 464.613007 363.154096  
beer2-file3 0 488522.156250 468.933990 216.099845  beer2-file1 0 630893.937500 469.609009 216.099815  beer2-file2 0 517890.531250 468.368988 216.099800  
beer2-file3 0 526299.125000 520.601990 125.047500  beer2-file1 0 688618.187500 518.840027 125.047476  
beer2-file3 0 230126.281250 662.916016 365.179651  beer2-file1 0 202954.890625 657.677979 365.179876  
beer2-file3 0 483876.156250 508.144989 227.079128  beer2-file1 0 551553.375000 505.138000 227.079279  beer2-file2 0 555048.125000 504.114990 227.079205  
beer2-file3 0 56465.406250 811.497986 232.129672  beer2-file1 0 98174.234375 814.666016 232.129642  
beer2-file3 0 8143345.500000 471.406006 229.094989  beer2-file1 0 9346571.000000 473.492004 229.094973  beer2-file2 0 9252958.000000 468.368988 229.094976  
beer2-file3 0 37123308.000000 466.408997 225.121129  beer2-file1 0 42049336.000000 467.139008 225.121126  beer2-file2 0 38458948.000000 465.851013 225.121137  
beer2-file3 0 3234959.250000 581.549988 305.073597  beer2-file1 0 3064002.250000 581.263977 305.073620  beer2-file2 0 2993513.500000 582.991028 305.073623  
beer2-file3 0 105484.460938 269.036987 242.105372  beer2-file1 0 127970.585938 265.678009 242.105578  beer2-file2 0 181604.062500 267.080994 242.105459  
beer2-file3 0 344387.312500 493.019989 511.166842  beer2-file1 0 281838.937500 492.574005 511.167029  
beer2-file3 0 522732.437500 439.069000 201.099961  beer2-file2 0 433028.531250 488.858002 201.100032  
beer2-file3 0 2979028.750000 589.005005 213.084655  beer2-file1 0 2262544.250000 588.718994 213.084669  beer2-file2 0 3043676.250000 585.465027 213.084780  
beer2-file1 0 530245.562500 454.695007 373.100910  beer2-file2 0 611205.250000 452.178009 373.100926  
beer2-file3 0 117430.109375 1367.939941 578.142919  beer2-file1 0 95290.765625 1386.579956 578.142804  beer2-file2 0 89300.218750 1373.099976 578.142765  
beer2-file1 0 268339.250000 268.533997 376.150075  beer2-file2 0 287253.687500 273.662994 376.149762  
beer2-file3 0 694433.625000 591.530029 440.172286  beer2-file1 0 689384.687500 591.195984 440.172194  
beer2-file3 0 367034.593750 242.712997 144.078613  beer2-file1 0 376105.312500 242.220001 144.078661  beer2-file2 0 407563.093750 242.067993 144.078659  
beer2-file3 0 511456.875000 587.767029 307.083834  beer2-file1 0 312931.875000 588.718994 307.083848  beer2-file2 0 420684.281250 587.942993 307.084102  
beer2-file3 0 177563.109375 368.128998 184.073500  beer2-file1 0 210784.046875 380.071014 184.073610  
beer2-file3 0 288687.000000 693.408997 291.043801  beer2-file1 0 389643.000000 695.218994 291.043883  beer2-file2 0 267084.875000 693.978027 291.043834  
beer2-file1 0 188979.375000 216.106003 237.144536  beer2-file2 0 186847.968750 215.649002 237.144470  
beer2-file3 0 2173650.750000 614.049011 205.064213  beer2-file1 0 2479251.000000 612.518982 205.064180  beer2-file2 0 2277831.500000 612.849976 205.064211  
beer2-file1 0 368738.718750 628.940002 302.170365  beer2-file2 0 494949.500000 629.198975 302.170215  
beer2-file3 0 179784.343750 905.174011 353.147171  beer2-file1 0 213995.968750 904.692017 353.147426  beer2-file2 0 183785.359375 900.822021 353.147415  
beer2-file3 0 583842.687500 408.907990 301.114589  beer2-file1 0 1246631.875000 410.540985 301.114604  beer2-file2 0 1629024.625000 491.335999 301.113925  
beer2-file3 0 2039097.250000 618.015991 272.100560  beer2-file1 0 2430285.500000 618.892029 272.100630  beer2-file2 0 2218970.000000 619.046997 272.100571  
beer2-file3 0 216819.703125 452.743011 176.068446  beer2-file1 0 344078.781250 450.973999 176.068441  beer2-file2 0 226676.921875 454.661987 176.068404  
beer2-file1 0 86583.070313 812.132019 258.652701  beer2-file2 0 68717.632813 818.458984 258.652748  
beer2-file3 0 222817.828125 230.561996 371.172944  beer2-file1 0 287543.218750 231.692001 371.173274  beer2-file2 0 251640.687500 232.772003 371.172966  
beer2-file3 0 4901024.500000 584.057007 255.074067  beer2-file1 0 5492687.000000 583.768982 255.074099  beer2-file2 0 5337680.000000 584.228027 255.074137  
beer2-file3 0 442113.937500 436.558014 289.064419  beer2-file1 0 559392.000000 436.007996 289.064424  beer2-file2 0 349170.156250 433.412994 289.064372  
beer2-file3 0 806870.375000 500.450989 215.079312  beer2-file1 0 688778.500000 501.416992 215.079354  beer2-file2 0 770827.937500 502.873993 215.079389  
beer2-file3 0 314447.781250 274.201996 252.118682  beer2-file1 0 347885.343750 273.819000 252.118911  beer2-file2 0 360566.062500 274.907013 252.118864  
beer2-file3 0 151018.359375 272.958008 290.135053  beer2-file1 0 156942.312500 277.859985 290.134952  
beer2-file1 0 181748.203125 692.741028 332.070507  beer2-file2 0 146147.765625 695.216980 332.070976  
beer2-file3 0 33253784.000000 601.476990 179.079245  beer2-file1 0 37127484.000000 601.182007 179.079194  beer2-file2 0 35636336.000000 602.924011 179.079269  
beer2-file3 0 2045352.500000 570.372009 329.147371  beer2-file1 0 1971252.625000 568.866028 329.147450  beer2-file2 0 2158979.500000 570.554993 329.147352  
beer2-file3 0 190565.906250 879.210999 198.124204  beer2-file1 0 184976.625000 878.770996 198.124227  
beer2-file3 0 14705692.000000 471.406006 275.136716  beer2-file1 0 13632281.000000 470.843994 275.136714  beer2-file2 0 15740428.000000 468.368988 275.136737  
beer2-file3 0 740239.125000 612.810974 306.092846  beer2-file1 0 1074935.750000 612.518982 306.092547  beer2-file2 0 859160.875000 612.849976 306.092573  
beer2-file3 0 1935654.375000 595.284973 299.136723  beer2-file1 0 2497541.750000 597.468994 299.136799  beer2-file2 0 2111333.750000 594.221985 299.136909  
beer2-file3 0 312291.250000 266.178009 116.010886  beer2-file1 0 522900.031250 263.188995 116.010985  beer2-file2 0 608332.750000 267.080994 116.010955  
beer2-file3 0 52308.320313 812.955017 191.128836  beer2-file2 0 69721.390625 809.164978 191.128954  
beer2-file1 0 238825.906250 647.677002 242.100146  beer2-file2 0 175593.453125 652.916992 242.100048  
beer2-file3 0 389423.156250 477.635010 204.063435  beer2-file1 0 423984.093750 463.397003 204.063457  beer2-file2 0 349247.843750 473.493011 204.063445  
beer2-file3 0 1318279.750000 466.408997 230.090084  beer2-file1 0 1170224.875000 468.373993 230.089948  beer2-file2 0 1410781.125000 467.131989 230.090091  
beer2-file3 0 330161.468750 685.638000 188.031844  beer2-file1 0 295749.968750 683.862000 188.032047  beer2-file2 0 373051.593750 685.250000 188.031969  
beer2-file1 0 265447.125000 505.138000 136.073528  beer2-file2 0 277060.062500 502.873993 136.073588  
beer2-file3 0 4703098.000000 435.282013 267.131517  beer2-file1 0 5594285.500000 436.007996 267.131602  beer2-file2 0 5112335.000000 434.651001 267.131565  
beer2-file3 0 61718588.000000 537.995972 273.084419  beer2-file1 0 42313768.000000 535.275024 273.084400  beer2-file2 0 59204912.000000 538.187988 273.084621  
beer2-file3 0 1797547.625000 596.523987 211.105377  beer2-file1 0 2275435.250000 597.468994 211.105310  beer2-file2 0 1781607.875000 596.700012 211.105500  
beer2-file3 0 35652.191406 875.168030 117.067561  beer2-file2 0 41760.507813 873.293030 117.067531  
beer2-file3 0 89016.835938 792.059998 459.198218  beer2-file1 0 91464.242188 785.851990 459.198403  
beer2-file3 0 1838524.250000 475.123993 269.087461  beer2-file1 0 2202428.000000 472.256989 269.087432  beer2-file2 0 2224529.500000 472.256989 269.087475  
beer2-file1 0 185556.218750 429.739014 474.172538  beer2-file2 0 287887.031250 425.766998 474.172532  
beer2-file3 0 1873324.750000 624.224976 277.079567  beer2-file1 0 2255835.750000 623.927979 277.079640  beer2-file2 0 1956671.875000 622.901001 277.079597  
beer2-file3 0 366748.093750 540.473999 201.063509  beer2-file1 0 262604.093750 623.927979 201.063891  beer2-file2 0 432870.656250 541.940979 201.063685  
beer2-file3 0 461453.187500 564.171021 589.172948  beer2-file1 0 513486.531250 565.146973 589.173543  
beer2-file3 0 6465133.500000 611.573975 164.068461  beer2-file1 0 7079080.000000 613.755005 164.068428  beer2-file2 0 7494930.500000 612.849976 164.068437  
beer2-file3 0 1081811.375000 274.201996 225.099937  beer2-file1 0 611884.125000 269.779999 225.100079  beer2-file2 0 1240424.625000 274.907013 225.100027  
beer2-file3 0 57033.253906 137.451004 136.108116  beer2-file1 0 110951.945313 143.641998 136.108154  beer2-file2 0 92158.976563 124.003998 136.108166  
beer2-file1 0 147180.515625 390.582001 167.115770  beer2-file2 0 64937.199219 399.020996 167.115721  
beer2-file3 0 499134.062500 410.144989 340.163379  beer2-file1 0 555448.062500 411.967010 340.163376  beer2-file2 0 414980.218750 409.437012 340.163144  
beer2-file3 0 5272671.500000 415.109009 247.093076  beer2-file1 0 4542965.500000 418.354004 247.093061  beer2-file2 0 6059090.000000 415.639008 247.092970  
beer2-file1 0 166610.203125 240.692001 390.144239  beer2-file2 0 155097.000000 240.526001 390.144174  
beer2-file3 0 3004237.250000 480.108002 253.116051  beer2-file1 0 3512807.750000 478.601990 253.116072  beer2-file2 0 3629899.000000 479.855011 253.116049  
beer2-file3 0 729468.125000 676.580017 163.066599  beer2-file1 0 755999.187500 675.090027 163.066644  beer2-file2 0 676207.625000 674.031982 163.066593  
beer2-file1 0 1376161.500000 411.967010 213.099949  beer2-file2 0 1317645.250000 409.437012 213.099855  
beer2-file3 0 503941.718750 267.790985 276.118993  beer2-file1 0 589098.437500 265.678009 276.119197  beer2-file2 0 517315.656250 268.325012 276.119179  
beer2-file3 0 161419.875000 269.036987 330.073932  beer2-file1 0 209640.390625 268.533997 330.073991  beer2-file2 0 185674.203125 265.656006 330.073906  
beer2-file3 0 5909747.000000 636.820984 132.053376  beer2-file1 0 5337495.000000 636.409973 132.053547  beer2-file2 0 5122537.500000 636.721008 132.053403  
beer2-file3 0 1289614.875000 560.416992 245.089593  beer2-file1 0 1318623.750000 561.390015 245.089741  beer2-file2 0 1289158.625000 559.359985 245.089679  
beer2-file3 0 1601947.875000 635.552979 158.043895  beer2-file1 0 1956862.500000 635.169983 158.044080  beer2-file2 0 1392887.375000 635.469971 158.043915  
beer2-file3 0 4781000.000000 505.588989 254.126351  beer2-file1 0 4955414.500000 506.381989 254.126432  beer2-file2 0 5053912.000000 504.114990 254.126440  
beer2-file3 0 162686.984375 259.583008 106.062933  beer2-file1 0 240723.765625 260.334991 106.063003  beer2-file2 0 246795.312500 260.312988 106.063006  
beer2-file3 0 1186917.125000 419.005005 199.084346  beer2-file1 0 1107630.625000 420.830994 199.084351  beer2-file2 0 903764.062500 418.295013 199.084285  
beer2-file3 0 3405380.500000 544.239014 279.120518  beer2-file1 0 3504074.500000 542.739014 279.120291  beer2-file2 0 3676647.250000 541.940979 279.120514  
beer2-file3 0 427693.468750 545.479004 233.100999  beer2-file1 0 570867.312500 540.226990 233.100902  beer2-file2 0 526911.750000 546.901001 233.101036  
beer2-file3 0 372200.750000 410.144989 192.097908  beer2-file1 0 395155.375000 411.967010 192.097876  beer2-file2 0 395907.562500 408.200989 192.097805  
beer2-file3 0 190233.281250 276.877014 375.179214  beer2-file1 0 106676.359375 276.307007 375.179329  beer2-file2 0 106919.421875 277.397003 375.179214  
beer2-file3 0 821258.312500 467.697998 297.082226  beer2-file1 0 870419.000000 467.139008 297.082137  beer2-file2 0 1096226.125000 465.851013 297.082355  
beer2-file3 0 9982508.000000 620.497009 131.058206  beer2-file1 0 11747817.000000 620.132996 131.058258  beer2-file2 0 12269631.000000 619.046997 131.058212  
beer2-file3 0 1470793.750000 516.892029 176.079545  beer2-file1 0 1675973.750000 513.857971 176.079542  beer2-file2 0 1863610.750000 516.617004 176.079625  
beer2-file3 0 112065.757813 263.687012 158.094220  beer2-file1 0 188225.343750 259.089996 158.094325  beer2-file2 0 152432.156250 260.312988 158.094289  
beer2-file3 0 5632107.000000 491.602997 489.184598  beer2-file1 0 5344934.500000 493.813995 489.184774  beer2-file2 0 6642175.500000 491.335999 489.184735  
beer2-file3 0 5897187.000000 411.380005 242.090109  beer2-file1 0 7058396.500000 413.204010 242.090132  beer2-file2 0 6354473.000000 410.671997 242.090019  
beer2-file3 0 3680676.000000 557.939026 167.079314  beer2-file1 0 4178090.500000 560.150024 167.079365  beer2-file2 0 3400024.500000 555.642029 167.079360  
beer2-file1 0 82264.734375 265.678009 197.113283  beer2-file2 0 91324.898438 263.167999 197.113262  
beer2-file3 0 33028780.000000 597.763000 147.053050  beer2-file1 0 39492460.000000 596.231018 147.053025  
beer2-file3 0 322135.468750 748.684998 340.173803  beer2-file1 0 361687.343750 750.322998 340.173891  beer2-file2 0 416781.468750 749.745972 340.173945  
beer2-file3 0 174139.203125 263.687012 262.103275  beer2-file1 0 199070.671875 260.334991 262.103401  beer2-file2 0 266991.968750 264.411987 262.103328  
beer2-file3 0 7285321.000000 410.144989 239.126706  beer2-file1 0 7107214.500000 411.967010 239.126758  beer2-file2 0 6289913.500000 409.437012 239.126681  
beer2-file3 0 352374.218750 468.933990 257.089803  beer2-file1 0 325538.875000 470.843994 257.089864  beer2-file2 0 363156.468750 468.368988 257.090072  
beer2-file3 0 330187.500000 554.224976 361.159632  beer2-file1 0 1016388.312500 641.414978 361.158721  beer2-file2 0 303531.687500 551.927002 361.159485  
beer2-file3 0 93093.593750 1362.890015 231.033204  beer2-file1 0 76482.664063 1349.400024 231.033145  beer2-file2 0 105979.851563 1370.510010 231.033231  
beer2-file3 0 21372348.000000 602.747009 197.089846  beer2-file1 0 23048964.000000 601.182007 197.089781  beer2-file2 0 22547922.000000 600.416016 197.089871  
beer2-file1 0 255757.718750 290.639008 244.092951  beer2-file2 0 381811.000000 298.188995 244.092840  
beer2-file3 0 2290385.250000 422.753998 224.079597  beer2-file1 0 1817770.875000 418.354004 224.079648  beer2-file2 0 2338801.500000 424.523987 224.079589  
beer2-file3 0 863808.687500 298.782990 299.147931  beer2-file1 0 632738.750000 293.325012 299.148107  beer2-file2 0 1139209.375000 298.188995 299.148096  
beer2-file3 0 719753.625000 511.868011 266.126374  beer2-file1 0 707750.000000 512.619995 266.126331  beer2-file2 0 649409.937500 510.391998 266.126377  
beer2-file3 0 275315.875000 803.706970 121.056075  beer2-file1 0 242798.906250 810.677002 121.056148  beer2-file2 0 244756.453125 806.630981 121.056117  
beer2-file3 0 2023805.250000 589.005005 169.095000  beer2-file1 0 2304003.000000 588.718994 169.095023  beer2-file2 0 2543923.000000 587.942993 169.095058  
beer2-file3 0 270789.093750 280.790009 209.124400  beer2-file1 0 173555.578125 276.307007 209.124597  beer2-file2 0 229978.937500 279.884003 209.124450  
beer2-file3 0 2782231.500000 541.724976 172.084725  beer2-file1 0 2155779.000000 540.226990 172.084696  beer2-file2 0 2452821.750000 541.940979 172.084791  
beer2-file3 0 1215469.125000 646.755981 104.060344  beer2-file2 0 1018827.250000 645.414978 104.060334  
beer2-file3 0 1573555.750000 513.143005 217.094892  beer2-file1 0 1379715.125000 516.330994 217.094819  beer2-file2 0 1474306.750000 494.023010 217.094932  
