1.461650914007830124e+02 0.000000000000000000e+00 0.000000000000000000e+00 0.000000000000000000e+00 0.000000000000000000e+00 1.461650899757040065e+02
9.305464620034290135e+01 9.305465541170339350e+01 9.305467510187880009e+01 0.000000000000000000e+00 0.000000000000000000e+00 0.000000000000000000e+00
0.000000000000000000e+00 0.000000000000000000e+00 0.000000000000000000e+00 0.000000000000000000e+00 0.000000000000000000e+00 0.000000000000000000e+00
0.000000000000000000e+00 0.000000000000000000e+00 0.000000000000000000e+00 0.000000000000000000e+00 0.000000000000000000e+00 0.000000000000000000e+00
0.000000000000000000e+00 0.000000000000000000e+00 0.000000000000000000e+00 0.000000000000000000e+00 0.000000000000000000e+00 0.000000000000000000e+00
0.000000000000000000e+00 0.000000000000000000e+00 0.000000000000000000e+00 0.000000000000000000e+00 0.000000000000000000e+00 0.000000000000000000e+00
0.000000000000000000e+00 0.000000000000000000e+00 0.000000000000000000e+00 0.000000000000000000e+00 0.000000000000000000e+00 0.000000000000000000e+00
2.690877131022999720e+02 2.690877192577549977e+02 2.690877657967359937e+02 2.690878159195199828e+02 2.690878247418789897e+02 2.690878616022379788e+02
1.660861585448990070e+02 1.660862625926189935e+02 1.660862254499560038e+02 1.660863009032080129e+02 1.660863072311819906e+02 1.660862928152450024e+02
1.321018142098089925e+02 1.321018858409879897e+02 1.321018800137489961e+02 1.321018932900279879e+02 1.321019219310119865e+02 0.000000000000000000e+00
2.050971819151519924e+02 2.050971900487760138e+02 2.050972376388280054e+02 2.050972792030210030e+02 2.050972274871159868e+02 2.050971797487719925e+02
1.520704988968250007e+02 1.520706630194389959e+02 1.520706498184200086e+02 1.520706343653480133e+02 1.520706312936650022e+02 1.520706149396189915e+02
1.980027707721930028e+02 1.980028262527229970e+02 1.980027491678050069e+02 1.980027135453640028e+02 1.980027703507599881e+02 0.000000000000000000e+00
1.500583141857250098e+02 1.500583479819059960e+02 1.500583242128849975e+02 1.500583343840199859e+02 1.500583142009400035e+02 1.500582629237719914e+02
1.520566163929939876e+02 1.520566626625590061e+02 1.520566526200009889e+02 1.520566282949509969e+02 1.520565872483300041e+02 0.000000000000000000e+00
1.700809274988939990e+02 1.700811201523129910e+02 1.700811057199809966e+02 1.700811210906900044e+02 1.700811283771120088e+02 1.700811414571610101e+02
1.270501153422989944e+02 1.270501357633110047e+02 1.270501712903730009e+02 1.270501899121360054e+02 1.270502044156490058e+02 1.270501801319010013e+02
1.180862321220549944e+02 1.180862297829879992e+02 1.180862151498210011e+02 1.180862226853199957e+02 1.180862287773580022e+02 1.180862291811759945e+02
1.360616834579500107e+02 1.360617671429700124e+02 1.360617512058329908e+02 1.360618034990199874e+02 1.360618137994790118e+02 1.360618164500100136e+02
1.160705357814169929e+02 1.160705744592739990e+02 1.160705960424750032e+02 1.160705902982270032e+02 1.160705612269739930e+02 1.160706006316439982e+02
1.771022310410390048e+02 1.771022462663109991e+02 1.771022328868409943e+02 1.771022290546409863e+02 1.771022506458440091e+02 0.000000000000000000e+00
1.260219009652779931e+02 1.260218969744069994e+02 1.260218998118700000e+02 1.260219075460619962e+02 1.260218908298169964e+02 0.000000000000000000e+00
1.320654559388210032e+02 1.320654612033650039e+02 1.320654667652279954e+02 1.320654723732189950e+02 1.320654730465589921e+02 1.320654659886099864e+02
1.140661060272969962e+02 1.140661607542560034e+02 1.140661429714299970e+02 1.140662025794249956e+02 1.140662151467840033e+02 1.140662103257569981e+02
1.891232517511940046e+02 1.891232298644439993e+02 1.891232359843909876e+02 1.891232439172590034e+02 1.891232582751729865e+02 1.891232245506730010e+02
1.200655048216870000e+02 1.200654802619829979e+02 1.200654863502710015e+02 1.200654818066110039e+02 1.200654941586169997e+02 1.200654893389969970e+02
1.340447429223650033e+02 1.340446898577179979e+02 1.340447113938550103e+02 1.340446666026730043e+02 1.340447423492290113e+02 0.000000000000000000e+00
2.220970940364979924e+02 2.220971712780219889e+02 2.220971327976500049e+02 2.220972142545940073e+02 2.220973005684479915e+02 0.000000000000000000e+00
1.470763274183840110e+02 1.470763066818039988e+02 1.470763061005600036e+02 1.470763103204319862e+02 1.470763261091250058e+02 1.470763034504030031e+02
9.005492447704939707e+01 9.005493544632059866e+01 9.005493861629560115e+01 0.000000000000000000e+00 0.000000000000000000e+00 0.000000000000000000e+00
1.330607130049199895e+02 1.330607234482359900e+02 1.330607227013900058e+02 1.330607094900190077e+02 1.330607050145399910e+02 0.000000000000000000e+00
3.480700372905890276e+02 3.480700576916700015e+02 3.480699957209960189e+02 3.480698861363550236e+02 3.480699709822230261e+02 0.000000000000000000e+00
1.060498350451020002e+02 1.060498375051609941e+02 1.060498405150860037e+02 1.060498339828420029e+02 1.060498487979139952e+02 1.060498495110099952e+02
1.761028738625570043e+02 1.761028906055879872e+02 1.761028948803530056e+02 1.761029099951690000e+02 1.761029077450199907e+02 1.761029198320680109e+02
2.440925722142359859e+02 2.440925538380280102e+02 2.440926387897389986e+02 2.440925755485519915e+02 2.440926230299619988e+02 2.440927382492590141e+02
1.420263579758249932e+02 1.420263477774799981e+02 1.420263413492189954e+02 1.420263843567259983e+02 0.000000000000000000e+00 0.000000000000000000e+00
7.603928648165789639e+01 7.603928039824610607e+01 7.603927235442060351e+01 7.603929815111040114e+01 0.000000000000000000e+00 0.000000000000000000e+00
2.581097486256219895e+02 2.581098198329759725e+02 2.581097795967430102e+02 2.581098364255410047e+02 2.581098992500250233e+02 2.581098183654269747e+02
0.000000000000000000e+00 0.000000000000000000e+00 0.000000000000000000e+00 0.000000000000000000e+00 0.000000000000000000e+00 0.000000000000000000e+00
2.410308386357069992e+02 2.410307509739029967e+02 2.410307710286159875e+02 2.410308337134690078e+02 0.000000000000000000e+00 0.000000000000000000e+00
1.800865113519299996e+02 1.800865289353810113e+02 1.800865272759540119e+02 1.800865313817330104e+02 1.800865243814509995e+02 1.800867686274260109e+02
1.911024818263250040e+02 1.911025030326599961e+02 1.911024884273529949e+02 1.911025051191919886e+02 1.911025093618559936e+02 0.000000000000000000e+00
1.560767307457649906e+02 1.560767217943950129e+02 1.560767077329429924e+02 1.560767301314789961e+02 1.560767259207640052e+02 0.000000000000000000e+00
1.190814789603630004e+02 0.000000000000000000e+00 1.190814781163019944e+02 0.000000000000000000e+00 0.000000000000000000e+00 0.000000000000000000e+00
1.471126875670140066e+02 1.471127027446509885e+02 1.471127130708350137e+02 1.471127058135269863e+02 1.471127209833329914e+02 1.471127838313670111e+02
1.751188486804749971e+02 1.751188844271260052e+02 1.751188800283599960e+02 1.751188984203419921e+02 1.751188979705719930e+02 1.751188952074500094e+02
2.651113601357159837e+02 0.000000000000000000e+00 2.651113704006870080e+02 2.651114138442890180e+02 0.000000000000000000e+00 0.000000000000000000e+00
0.000000000000000000e+00 0.000000000000000000e+00 0.000000000000000000e+00 0.000000000000000000e+00 0.000000000000000000e+00 0.000000000000000000e+00
0.000000000000000000e+00 0.000000000000000000e+00 8.910726670629080104e+01 0.000000000000000000e+00 0.000000000000000000e+00 8.910726759634439986e+01
2.331282641665659980e+02 2.331282335913450083e+02 2.331283555728979877e+02 2.331283058470590106e+02 2.331283093882690025e+02 2.331283572480330122e+02
1.650546373145679979e+02 1.650548509156980117e+02 1.650547880616040004e+02 1.650547208504229957e+02 1.650546660118590125e+02 0.000000000000000000e+00
0.000000000000000000e+00 0.000000000000000000e+00 0.000000000000000000e+00 0.000000000000000000e+00 0.000000000000000000e+00 0.000000000000000000e+00
1.670339184229790135e+02 1.670338597301200139e+02 1.670338527866670120e+02 1.670338025110440014e+02 1.670338505383249981e+02 0.000000000000000000e+00
0.000000000000000000e+00 0.000000000000000000e+00 0.000000000000000000e+00 0.000000000000000000e+00 0.000000000000000000e+00 0.000000000000000000e+00
0.000000000000000000e+00 0.000000000000000000e+00 0.000000000000000000e+00 0.000000000000000000e+00 0.000000000000000000e+00 0.000000000000000000e+00
0.000000000000000000e+00 0.000000000000000000e+00 0.000000000000000000e+00 1.690495562056050005e+02 0.000000000000000000e+00 1.690495441647940140e+02
2.430973045996499877e+02 2.430973245392009972e+02 2.430974191536450064e+02 2.430974452556530139e+02 2.430974655440849972e+02 0.000000000000000000e+00
3.550630870813300248e+02 3.550632107924390084e+02 3.550632085416989980e+02 3.550632674753489937e+02 3.550631404693780269e+02 0.000000000000000000e+00
0.000000000000000000e+00 0.000000000000000000e+00 0.000000000000000000e+00 0.000000000000000000e+00 0.000000000000000000e+00 0.000000000000000000e+00
0.000000000000000000e+00 0.000000000000000000e+00 0.000000000000000000e+00 0.000000000000000000e+00 0.000000000000000000e+00 0.000000000000000000e+00
1.090760485507099986e+02 1.090760633596320019e+02 1.090760577028210037e+02 0.000000000000000000e+00 0.000000000000000000e+00 0.000000000000000000e+00
0.000000000000000000e+00 0.000000000000000000e+00 0.000000000000000000e+00 0.000000000000000000e+00 0.000000000000000000e+00 0.000000000000000000e+00
2.290817082896489865e+02 2.290817942630309858e+02 2.290817822778739981e+02 2.290817107649220077e+02 2.290816801395419873e+02 0.000000000000000000e+00
0.000000000000000000e+00 0.000000000000000000e+00 0.000000000000000000e+00 0.000000000000000000e+00 0.000000000000000000e+00 0.000000000000000000e+00
0.000000000000000000e+00 0.000000000000000000e+00 0.000000000000000000e+00 0.000000000000000000e+00 0.000000000000000000e+00 0.000000000000000000e+00
0.000000000000000000e+00 0.000000000000000000e+00 0.000000000000000000e+00 0.000000000000000000e+00 0.000000000000000000e+00 0.000000000000000000e+00
2.450765135045400029e+02 0.000000000000000000e+00 0.000000000000000000e+00 0.000000000000000000e+00 0.000000000000000000e+00 0.000000000000000000e+00
1.750236551021199887e+02 0.000000000000000000e+00 0.000000000000000000e+00 0.000000000000000000e+00 0.000000000000000000e+00 0.000000000000000000e+00
1.650757412544180056e+02 1.650758367749749880e+02 1.650757156405269939e+02 0.000000000000000000e+00 0.000000000000000000e+00 0.000000000000000000e+00
0.000000000000000000e+00 0.000000000000000000e+00 0.000000000000000000e+00 0.000000000000000000e+00 0.000000000000000000e+00 0.000000000000000000e+00
2.100793814913600102e+02 2.100793936409789922e+02 2.100794090369010121e+02 2.100794184030719975e+02 2.100794545575049881e+02 2.100794453325900122e+02
1.380549508435090047e+02 1.380549706191559949e+02 1.380549684626419946e+02 1.380549576656179909e+02 1.380549728464469865e+02 1.380549633513489880e+02
0.000000000000000000e+00 0.000000000000000000e+00 0.000000000000000000e+00 0.000000000000000000e+00 0.000000000000000000e+00 0.000000000000000000e+00
2.480316706249280116e+02 0.000000000000000000e+00 0.000000000000000000e+00 0.000000000000000000e+00 0.000000000000000000e+00 0.000000000000000000e+00
0.000000000000000000e+00 0.000000000000000000e+00 0.000000000000000000e+00 0.000000000000000000e+00 0.000000000000000000e+00 0.000000000000000000e+00
0.000000000000000000e+00 0.000000000000000000e+00 0.000000000000000000e+00 0.000000000000000000e+00 0.000000000000000000e+00 0.000000000000000000e+00
3.300595660938780043e+02 3.300596299197389953e+02 3.300596081873470098e+02 3.300595765238090280e+02 3.300596224680829778e+02 0.000000000000000000e+00
3.250428740144889730e+02 3.250427424702380108e+02 3.250429604837880220e+02 0.000000000000000000e+00 0.000000000000000000e+00 0.000000000000000000e+00
3.490541340603999743e+02 0.000000000000000000e+00 0.000000000000000000e+00 0.000000000000000000e+00 0.000000000000000000e+00 0.000000000000000000e+00
1.700116680249689978e+02 1.700116735097930132e+02 1.700116686577200085e+02 1.700116739984370042e+02 1.700117064048750137e+02 1.700116893842599950e+02
2.310263455362660068e+02 0.000000000000000000e+00 0.000000000000000000e+00 0.000000000000000000e+00 0.000000000000000000e+00 0.000000000000000000e+00
3.240588908239690227e+02 3.240588154124440052e+02 3.240588499812989767e+02 3.240590520120899782e+02 3.240590663393949740e+02 0.000000000000000000e+00
1.240392426205829963e+02 1.240392843541639962e+02 1.240393035176399934e+02 1.240393177330529966e+02 1.240393315267180014e+02 1.240393507247260061e+02
2.610366338698939899e+02 2.610366536599059941e+02 2.610367314402679995e+02 0.000000000000000000e+00 0.000000000000000000e+00 0.000000000000000000e+00
1.689895589150549995e+02 1.689895740161460083e+02 1.689895685999260024e+02 1.689895005429910100e+02 0.000000000000000000e+00 0.000000000000000000e+00
0.000000000000000000e+00 2.770314796870420082e+02 2.770315608368060225e+02 0.000000000000000000e+00 0.000000000000000000e+00 0.000000000000000000e+00
0.000000000000000000e+00 4.250438979255100094e+02 4.250439102417939807e+02 4.250439613349129786e+02 4.250437304927099831e+02 0.000000000000000000e+00
1.480603274427359963e+02 1.480603278993770004e+02 1.480603486311790107e+02 1.480603435381329973e+02 1.480603799874340041e+02 1.480603851652680021e+02
0.000000000000000000e+00 0.000000000000000000e+00 0.000000000000000000e+00 0.000000000000000000e+00 0.000000000000000000e+00 0.000000000000000000e+00
0.000000000000000000e+00 0.000000000000000000e+00 0.000000000000000000e+00 0.000000000000000000e+00 0.000000000000000000e+00 0.000000000000000000e+00
0.000000000000000000e+00 0.000000000000000000e+00 0.000000000000000000e+00 0.000000000000000000e+00 0.000000000000000000e+00 0.000000000000000000e+00
1.030389443096759976e+02 1.030389391548840052e+02 1.030389754942780058e+02 0.000000000000000000e+00 0.000000000000000000e+00 0.000000000000000000e+00
2.070499132837950071e+02 0.000000000000000000e+00 0.000000000000000000e+00 0.000000000000000000e+00 0.000000000000000000e+00 0.000000000000000000e+00
3.771453431810979851e+02 3.771452930877439940e+02 3.771452711816580177e+02 3.771452768867629857e+02 0.000000000000000000e+00 0.000000000000000000e+00
0.000000000000000000e+00 0.000000000000000000e+00 0.000000000000000000e+00 0.000000000000000000e+00 0.000000000000000000e+00 0.000000000000000000e+00
0.000000000000000000e+00 0.000000000000000000e+00 0.000000000000000000e+00 0.000000000000000000e+00 0.000000000000000000e+00 0.000000000000000000e+00
7.302838977554580424e+01 0.000000000000000000e+00 0.000000000000000000e+00 0.000000000000000000e+00 0.000000000000000000e+00 0.000000000000000000e+00
4.290202540424940025e+02 0.000000000000000000e+00 4.290200390993960013e+02 0.000000000000000000e+00 0.000000000000000000e+00 0.000000000000000000e+00
4.280363460024730102e+02 4.280358763461370017e+02 4.280362080916120249e+02 0.000000000000000000e+00 0.000000000000000000e+00 0.000000000000000000e+00
0.000000000000000000e+00 0.000000000000000000e+00 0.000000000000000000e+00 0.000000000000000000e+00 0.000000000000000000e+00 0.000000000000000000e+00
0.000000000000000000e+00 0.000000000000000000e+00 0.000000000000000000e+00 0.000000000000000000e+00 0.000000000000000000e+00 0.000000000000000000e+00
0.000000000000000000e+00 0.000000000000000000e+00 0.000000000000000000e+00 0.000000000000000000e+00 0.000000000000000000e+00 0.000000000000000000e+00
0.000000000000000000e+00 0.000000000000000000e+00 0.000000000000000000e+00 0.000000000000000000e+00 1.530544594881720002e+02 0.000000000000000000e+00
1.350651130259990111e+02 1.350651139502240028e+02 1.350650997199720109e+02 0.000000000000000000e+00 0.000000000000000000e+00 0.000000000000000000e+00
