2.427894200000000000e+07 0.000000000000000000e+00 0.000000000000000000e+00 0.000000000000000000e+00 0.000000000000000000e+00 3.431224250000000000e+06
2.168900000000000000e+06 4.163093125000000000e+05 2.353514375000000000e+05 0.000000000000000000e+00 0.000000000000000000e+00 0.000000000000000000e+00
0.000000000000000000e+00 0.000000000000000000e+00 0.000000000000000000e+00 0.000000000000000000e+00 0.000000000000000000e+00 0.000000000000000000e+00
0.000000000000000000e+00 0.000000000000000000e+00 0.000000000000000000e+00 0.000000000000000000e+00 0.000000000000000000e+00 0.000000000000000000e+00
0.000000000000000000e+00 0.000000000000000000e+00 0.000000000000000000e+00 0.000000000000000000e+00 0.000000000000000000e+00 0.000000000000000000e+00
0.000000000000000000e+00 0.000000000000000000e+00 0.000000000000000000e+00 0.000000000000000000e+00 0.000000000000000000e+00 0.000000000000000000e+00
0.000000000000000000e+00 0.000000000000000000e+00 0.000000000000000000e+00 0.000000000000000000e+00 0.000000000000000000e+00 0.000000000000000000e+00
7.026387200000000000e+07 2.163040000000000000e+07 1.173427300000000000e+07 1.792669750000000000e+06 8.532083125000000000e+05 9.266321875000000000e+04
1.581890720000000000e+08 1.268981300000000000e+07 5.544943000000000000e+06 8.771187500000000000e+05 4.460150000000000000e+05 1.418284218750000000e+05
1.973741920000000000e+08 3.028111200000000000e+07 9.158183000000000000e+06 1.300721750000000000e+06 7.093812500000000000e+05 0.000000000000000000e+00
1.047217040000000000e+08 7.569050500000000000e+06 2.545912250000000000e+06 2.691020000000000000e+05 1.869885781250000000e+05 5.401960156250000000e+04
1.083494880000000000e+08 7.064712000000000000e+07 4.408780400000000000e+07 7.423002000000000000e+06 4.103903000000000000e+06 3.821615000000000000e+05
1.187766720000000000e+08 6.973661500000000000e+06 2.694849750000000000e+06 2.869001562500000000e+05 1.181944140625000000e+05 0.000000000000000000e+00
2.872930560000000000e+08 3.246154800000000000e+07 1.091958700000000000e+07 1.134466250000000000e+06 4.950916562500000000e+05 7.363927343750000000e+04
6.124388000000000000e+07 1.161568200000000000e+07 6.827296000000000000e+06 8.293638750000000000e+05 4.907825000000000000e+05 0.000000000000000000e+00
3.529385216000000000e+09 2.277014272000000000e+09 1.406467200000000000e+09 2.190771360000000000e+08 1.215823520000000000e+08 8.626791000000000000e+06
1.414458880000000000e+09 3.152120320000000000e+08 1.868975360000000000e+08 1.910463400000000000e+07 1.003359400000000000e+07 1.600725250000000000e+06
1.727428800000000000e+08 1.655283600000000000e+07 9.769446000000000000e+06 1.064271000000000000e+07 1.095454300000000000e+07 9.334211000000000000e+06
6.883676160000000000e+08 1.991810400000000000e+08 1.503960000000000000e+08 4.657565600000000000e+07 2.868056000000000000e+07 3.552706250000000000e+06
9.890217600000000000e+08 1.559970400000000000e+08 6.921601600000000000e+07 1.537224500000000000e+07 1.050221400000000000e+07 7.908461000000000000e+06
3.217152187500000000e+05 9.125772000000000000e+06 6.371325000000000000e+06 3.520395750000000000e+06 1.690890000000000000e+06 0.000000000000000000e+00
9.644655000000000000e+06 1.503226875000000000e+06 8.330265000000000000e+05 1.113564062500000000e+05 5.532813281250000000e+04 0.000000000000000000e+00
2.544900640000000000e+08 2.282786400000000000e+07 1.919568000000000000e+07 2.739591750000000000e+06 1.461910750000000000e+06 2.759369062500000000e+05
1.456343808000000000e+09 1.123008768000000000e+09 7.440072320000000000e+08 1.790588160000000000e+08 1.122129040000000000e+08 1.692829000000000000e+07
8.036348160000000000e+08 4.244008800000000000e+07 2.184638200000000000e+07 2.124674750000000000e+06 1.082682625000000000e+06 2.800420625000000000e+05
5.637122800000000000e+07 3.961688750000000000e+06 3.877648750000000000e+06 7.051513750000000000e+05 5.226975000000000000e+05 2.283518750000000000e+05
2.516157750000000000e+06 5.581760625000000000e+05 7.415703750000000000e+05 1.595002187500000000e+05 9.267732812500000000e+04 0.000000000000000000e+00
5.779460800000000000e+07 7.996584500000000000e+06 4.447460000000000000e+06 6.502498125000000000e+05 4.033603125000000000e+05 0.000000000000000000e+00
1.719046400000000000e+08 1.799943600000000000e+07 1.954155200000000000e+07 4.023886000000000000e+06 2.195311000000000000e+06 5.382775000000000000e+05
6.199867200000000000e+07 8.483171000000000000e+06 5.065907000000000000e+06 0.000000000000000000e+00 0.000000000000000000e+00 0.000000000000000000e+00
1.194305500000000000e+07 1.230680125000000000e+06 1.496733500000000000e+06 2.545038750000000000e+05 1.765123750000000000e+05 0.000000000000000000e+00
6.929429000000000000e+06 4.354908125000000000e+05 5.217534375000000000e+05 9.537607812500000000e+04 5.475978125000000000e+04 0.000000000000000000e+00
7.924311500000000000e+06 6.709055000000000000e+05 6.950208750000000000e+05 1.783364062500000000e+05 1.376099375000000000e+05 6.514929296875000000e+04
8.280904800000000000e+07 7.974007500000000000e+06 1.053010100000000000e+07 1.965087750000000000e+06 1.042615750000000000e+06 1.700423750000000000e+05
1.402417920000000000e+08 2.751435600000000000e+07 1.455224100000000000e+07 1.504277125000000000e+06 7.568567500000000000e+05 1.039534453125000000e+05
1.322689250000000000e+06 3.290924062500000000e+05 4.536166562500000000e+05 8.607139843750000000e+04 0.000000000000000000e+00 0.000000000000000000e+00
2.070240500000000000e+06 1.572040937500000000e+05 1.662260156250000000e+05 4.636763281250000000e+04 0.000000000000000000e+00 0.000000000000000000e+00
8.588721280000000000e+08 2.919215000000000000e+07 1.607253200000000000e+07 1.990177750000000000e+06 1.459966375000000000e+06 5.180173125000000000e+05
0.000000000000000000e+00 0.000000000000000000e+00 0.000000000000000000e+00 0.000000000000000000e+00 0.000000000000000000e+00 0.000000000000000000e+00
1.991438500000000000e+06 2.047516093750000000e+05 2.309812343750000000e+05 6.264973437500000000e+04 0.000000000000000000e+00 0.000000000000000000e+00
1.459222100000000000e+07 3.797300250000000000e+06 4.631757500000000000e+06 7.538145000000000000e+05 5.042635625000000000e+05 6.306106640625000000e+04
1.888304600000000000e+07 1.351535875000000000e+06 1.595247625000000000e+06 2.365070937500000000e+05 1.819154218750000000e+05 0.000000000000000000e+00
1.122678560000000000e+08 1.840190000000000000e+07 2.292606200000000000e+07 4.088996750000000000e+06 3.417139750000000000e+06 0.000000000000000000e+00
1.768055000000000000e+06 0.000000000000000000e+00 3.674484375000000000e+05 0.000000000000000000e+00 0.000000000000000000e+00 0.000000000000000000e+00
1.394439900000000000e+07 1.241694500000000000e+06 1.497511875000000000e+06 2.833709687500000000e+05 1.836849687500000000e+05 1.017443359375000000e+05
9.595981600000000000e+07 1.190302500000000000e+07 1.341697800000000000e+07 3.272388750000000000e+06 1.932927000000000000e+06 4.044054687500000000e+05
2.008579400000000000e+07 0.000000000000000000e+00 3.010492250000000000e+06 3.347785937500000000e+05 0.000000000000000000e+00 0.000000000000000000e+00
0.000000000000000000e+00 0.000000000000000000e+00 0.000000000000000000e+00 0.000000000000000000e+00 0.000000000000000000e+00 0.000000000000000000e+00
0.000000000000000000e+00 0.000000000000000000e+00 6.827409375000000000e+05 0.000000000000000000e+00 0.000000000000000000e+00 1.241249750000000000e+06
1.698471552000000000e+09 7.650020480000000000e+08 4.371918080000000000e+08 8.566955200000000000e+07 4.897028400000000000e+07 4.689952500000000000e+06
2.718753000000000000e+06 1.861716875000000000e+06 1.133645875000000000e+06 2.455284062500000000e+05 1.483609218750000000e+05 0.000000000000000000e+00
0.000000000000000000e+00 0.000000000000000000e+00 0.000000000000000000e+00 0.000000000000000000e+00 0.000000000000000000e+00 0.000000000000000000e+00
5.324067000000000000e+06 1.881081875000000000e+06 9.491763750000000000e+05 1.650702343750000000e+05 1.160235703125000000e+05 0.000000000000000000e+00
0.000000000000000000e+00 0.000000000000000000e+00 0.000000000000000000e+00 0.000000000000000000e+00 0.000000000000000000e+00 0.000000000000000000e+00
0.000000000000000000e+00 0.000000000000000000e+00 0.000000000000000000e+00 0.000000000000000000e+00 0.000000000000000000e+00 0.000000000000000000e+00
0.000000000000000000e+00 0.000000000000000000e+00 0.000000000000000000e+00 5.575308984375000000e+04 0.000000000000000000e+00 6.376675781250000000e+04
1.191674600000000000e+07 1.866184250000000000e+06 1.040654125000000000e+06 1.444290937500000000e+05 1.180659843750000000e+05 0.000000000000000000e+00
4.845254000000000000e+07 4.048084500000000000e+06 1.880412750000000000e+06 3.297210625000000000e+05 1.844204218750000000e+05 0.000000000000000000e+00
0.000000000000000000e+00 0.000000000000000000e+00 0.000000000000000000e+00 0.000000000000000000e+00 0.000000000000000000e+00 0.000000000000000000e+00
0.000000000000000000e+00 0.000000000000000000e+00 0.000000000000000000e+00 0.000000000000000000e+00 0.000000000000000000e+00 0.000000000000000000e+00
2.071719500000000000e+06 1.118136500000000000e+06 5.917010000000000000e+05 0.000000000000000000e+00 0.000000000000000000e+00 0.000000000000000000e+00
0.000000000000000000e+00 0.000000000000000000e+00 0.000000000000000000e+00 0.000000000000000000e+00 0.000000000000000000e+00 0.000000000000000000e+00
2.663984000000000000e+06 9.594202500000000000e+05 4.759995312500000000e+05 7.813578906250000000e+04 3.078556445312500000e+04 0.000000000000000000e+00
0.000000000000000000e+00 0.000000000000000000e+00 0.000000000000000000e+00 0.000000000000000000e+00 0.000000000000000000e+00 0.000000000000000000e+00
0.000000000000000000e+00 0.000000000000000000e+00 0.000000000000000000e+00 0.000000000000000000e+00 0.000000000000000000e+00 0.000000000000000000e+00
0.000000000000000000e+00 0.000000000000000000e+00 0.000000000000000000e+00 0.000000000000000000e+00 0.000000000000000000e+00 0.000000000000000000e+00
1.644230375000000000e+06 0.000000000000000000e+00 0.000000000000000000e+00 0.000000000000000000e+00 0.000000000000000000e+00 0.000000000000000000e+00
2.801297187500000000e+05 0.000000000000000000e+00 0.000000000000000000e+00 0.000000000000000000e+00 0.000000000000000000e+00 0.000000000000000000e+00
4.546892812500000000e+05 1.582960781250000000e+05 1.122030078125000000e+05 0.000000000000000000e+00 0.000000000000000000e+00 0.000000000000000000e+00
0.000000000000000000e+00 0.000000000000000000e+00 0.000000000000000000e+00 0.000000000000000000e+00 0.000000000000000000e+00 0.000000000000000000e+00
5.848855040000000000e+08 1.843766720000000000e+08 1.026701040000000000e+08 1.397753700000000000e+07 8.420058000000000000e+06 6.375611250000000000e+05
7.250609500000000000e+06 1.290988250000000000e+06 8.085050000000000000e+05 4.032322500000000000e+05 4.108388125000000000e+05 3.358425625000000000e+05
0.000000000000000000e+00 0.000000000000000000e+00 0.000000000000000000e+00 0.000000000000000000e+00 0.000000000000000000e+00 0.000000000000000000e+00
3.260067750000000000e+06 0.000000000000000000e+00 0.000000000000000000e+00 0.000000000000000000e+00 0.000000000000000000e+00 0.000000000000000000e+00
0.000000000000000000e+00 0.000000000000000000e+00 0.000000000000000000e+00 0.000000000000000000e+00 0.000000000000000000e+00 0.000000000000000000e+00
0.000000000000000000e+00 0.000000000000000000e+00 0.000000000000000000e+00 0.000000000000000000e+00 0.000000000000000000e+00 0.000000000000000000e+00
1.109062480000000000e+08 4.712533500000000000e+06 3.746101250000000000e+06 6.300502500000000000e+05 2.964535000000000000e+05 0.000000000000000000e+00
1.058073300000000000e+07 3.370405312500000000e+05 3.051724062500000000e+05 0.000000000000000000e+00 0.000000000000000000e+00 0.000000000000000000e+00
6.057591500000000000e+06 0.000000000000000000e+00 0.000000000000000000e+00 0.000000000000000000e+00 0.000000000000000000e+00 0.000000000000000000e+00
3.505594400000000000e+07 2.571812750000000000e+06 3.068704000000000000e+06 5.356720000000000000e+05 3.071955937500000000e+05 4.991240234375000000e+04
7.869233750000000000e+05 0.000000000000000000e+00 0.000000000000000000e+00 0.000000000000000000e+00 0.000000000000000000e+00 0.000000000000000000e+00
1.128562600000000000e+07 7.622131875000000000e+05 8.078484375000000000e+05 1.629434218750000000e+05 8.025377343750000000e+04 0.000000000000000000e+00
8.906506880000000000e+08 4.914352960000000000e+08 2.946987520000000000e+08 4.664291200000000000e+07 2.358515600000000000e+07 3.388860750000000000e+06
9.808800000000000000e+05 7.099220312500000000e+04 8.000405468750000000e+04 0.000000000000000000e+00 0.000000000000000000e+00 0.000000000000000000e+00
3.320230250000000000e+06 1.670526718750000000e+05 2.518733281250000000e+05 2.486078906250000000e+04 0.000000000000000000e+00 0.000000000000000000e+00
0.000000000000000000e+00 5.141821875000000000e+04 4.900853125000000000e+04 0.000000000000000000e+00 0.000000000000000000e+00 0.000000000000000000e+00
0.000000000000000000e+00 4.024620000000000000e+05 5.936660000000000000e+05 9.163186718750000000e+04 2.798702734375000000e+04 0.000000000000000000e+00
5.194274400000000000e+07 3.879745250000000000e+06 4.317639000000000000e+06 8.165936875000000000e+05 5.102572500000000000e+05 1.262995234375000000e+05
0.000000000000000000e+00 0.000000000000000000e+00 0.000000000000000000e+00 0.000000000000000000e+00 0.000000000000000000e+00 0.000000000000000000e+00
0.000000000000000000e+00 0.000000000000000000e+00 0.000000000000000000e+00 0.000000000000000000e+00 0.000000000000000000e+00 0.000000000000000000e+00
0.000000000000000000e+00 0.000000000000000000e+00 0.000000000000000000e+00 0.000000000000000000e+00 0.000000000000000000e+00 0.000000000000000000e+00
8.962145625000000000e+05 1.671783593750000000e+05 1.042051640625000000e+05 0.000000000000000000e+00 0.000000000000000000e+00 0.000000000000000000e+00
1.373880468750000000e+05 0.000000000000000000e+00 0.000000000000000000e+00 0.000000000000000000e+00 0.000000000000000000e+00 0.000000000000000000e+00
6.816983000000000000e+06 9.757772500000000000e+05 5.598961250000000000e+05 6.721552343750000000e+04 0.000000000000000000e+00 0.000000000000000000e+00
0.000000000000000000e+00 0.000000000000000000e+00 0.000000000000000000e+00 0.000000000000000000e+00 0.000000000000000000e+00 0.000000000000000000e+00
0.000000000000000000e+00 0.000000000000000000e+00 0.000000000000000000e+00 0.000000000000000000e+00 0.000000000000000000e+00 0.000000000000000000e+00
7.620572656250000000e+04 0.000000000000000000e+00 0.000000000000000000e+00 0.000000000000000000e+00 0.000000000000000000e+00 0.000000000000000000e+00
1.200149000000000000e+06 0.000000000000000000e+00 6.836000000000000000e+04 0.000000000000000000e+00 0.000000000000000000e+00 0.000000000000000000e+00
3.254912000000000000e+06 1.652374375000000000e+05 1.535576875000000000e+05 0.000000000000000000e+00 0.000000000000000000e+00 0.000000000000000000e+00
0.000000000000000000e+00 0.000000000000000000e+00 0.000000000000000000e+00 0.000000000000000000e+00 0.000000000000000000e+00 0.000000000000000000e+00
0.000000000000000000e+00 0.000000000000000000e+00 0.000000000000000000e+00 0.000000000000000000e+00 0.000000000000000000e+00 0.000000000000000000e+00
0.000000000000000000e+00 0.000000000000000000e+00 0.000000000000000000e+00 0.000000000000000000e+00 0.000000000000000000e+00 0.000000000000000000e+00
0.000000000000000000e+00 0.000000000000000000e+00 0.000000000000000000e+00 0.000000000000000000e+00 2.553248046875000000e+04 0.000000000000000000e+00
1.728164250000000000e+06 2.947250312500000000e+05 1.674195312500000000e+05 0.000000000000000000e+00 0.000000000000000000e+00 0.000000000000000000e+00
