0.000000000000000000e+00 0.000000000000000000e+00 0.000000000000000000e+00 0.000000000000000000e+00 0.000000000000000000e+00 0.000000000000000000e+00
0.000000000000000000e+00 0.000000000000000000e+00 0.000000000000000000e+00 0.000000000000000000e+00 0.000000000000000000e+00 0.000000000000000000e+00
0.000000000000000000e+00 0.000000000000000000e+00 0.000000000000000000e+00 0.000000000000000000e+00 0.000000000000000000e+00 0.000000000000000000e+00
0.000000000000000000e+00 0.000000000000000000e+00 0.000000000000000000e+00 0.000000000000000000e+00 0.000000000000000000e+00 0.000000000000000000e+00
0.000000000000000000e+00 0.000000000000000000e+00 0.000000000000000000e+00 0.000000000000000000e+00 0.000000000000000000e+00 0.000000000000000000e+00
0.000000000000000000e+00 0.000000000000000000e+00 0.000000000000000000e+00 0.000000000000000000e+00 0.000000000000000000e+00 0.000000000000000000e+00
0.000000000000000000e+00 0.000000000000000000e+00 0.000000000000000000e+00 0.000000000000000000e+00 0.000000000000000000e+00 0.000000000000000000e+00
0.000000000000000000e+00 2.700910837181249917e+02 2.700911345077090004e+02 2.700911919966609958e+02 2.700910523501780176e+02 0.000000000000000000e+00
1.670894893957689931e+02 1.670896014964660026e+02 1.670895888315079958e+02 0.000000000000000000e+00 0.000000000000000000e+00 0.000000000000000000e+00
1.331051473542680128e+02 1.331052233280350094e+02 0.000000000000000000e+00 0.000000000000000000e+00 0.000000000000000000e+00 0.000000000000000000e+00
2.061005146632550122e+02 2.061004492575480072e+02 2.061005404103279943e+02 0.000000000000000000e+00 0.000000000000000000e+00 0.000000000000000000e+00
1.530738352999410097e+02 1.530739936513010093e+02 1.530739957102140067e+02 1.530740045220580043e+02 1.530739824092439960e+02 0.000000000000000000e+00
1.990060612231839912e+02 1.990062252260690059e+02 0.000000000000000000e+00 0.000000000000000000e+00 0.000000000000000000e+00 0.000000000000000000e+00
1.510616441387460043e+02 1.510616787712700102e+02 0.000000000000000000e+00 1.510616369280739946e+02 0.000000000000000000e+00 0.000000000000000000e+00
1.530599579577790053e+02 1.530600089453739940e+02 1.530599950559160050e+02 0.000000000000000000e+00 0.000000000000000000e+00 0.000000000000000000e+00
1.710842237800789860e+02 1.710844208306290000e+02 1.710844073673480068e+02 1.710844429218080052e+02 1.710844582309179884e+02 1.710844740363820051e+02
1.280534227853470099e+02 1.280534548056589870e+02 1.280534966359350051e+02 0.000000000000000000e+00 1.280535273060010013e+02 1.280534756975509936e+02
0.000000000000000000e+00 1.190896425224489974e+02 1.190895916339689933e+02 1.190896196927949973e+02 1.190896228076179995e+02 1.190896188941610063e+02
1.370650279081910128e+02 1.370651134941749945e+02 1.370651066822609891e+02 0.000000000000000000e+00 0.000000000000000000e+00 1.370651627115150006e+02
1.170738401602209962e+02 1.170738986182730059e+02 1.170739269700210059e+02 1.170739241118439935e+02 1.170738859778959977e+02 1.170739162374029974e+02
0.000000000000000000e+00 0.000000000000000000e+00 0.000000000000000000e+00 0.000000000000000000e+00 0.000000000000000000e+00 0.000000000000000000e+00
1.270252704228509941e+02 0.000000000000000000e+00 0.000000000000000000e+00 0.000000000000000000e+00 0.000000000000000000e+00 0.000000000000000000e+00
1.330687942148529999e+02 1.330688085119699906e+02 1.330688051640919980e+02 1.330688007034040083e+02 1.330687936077119957e+02 0.000000000000000000e+00
1.150694235563260008e+02 1.150694721408750070e+02 1.150694586572689957e+02 1.150695259656490066e+02 1.150695436413490000e+02 1.150695510150689955e+02
1.901265360953009917e+02 1.901265381942619968e+02 1.901265458320989978e+02 1.901264882572160104e+02 1.901265141760300139e+02 0.000000000000000000e+00
1.210688379296859978e+02 1.210688194621850045e+02 1.210688339230230071e+02 0.000000000000000000e+00 1.210687744578739995e+02 0.000000000000000000e+00
0.000000000000000000e+00 0.000000000000000000e+00 0.000000000000000000e+00 0.000000000000000000e+00 0.000000000000000000e+00 0.000000000000000000e+00
2.231003695578480119e+02 2.231004713219280120e+02 2.231004691743719945e+02 2.231006112626340041e+02 0.000000000000000000e+00 0.000000000000000000e+00
1.480796670103669896e+02 1.480796401458160005e+02 1.480796494736480042e+02 1.480796223294190099e+02 0.000000000000000000e+00 0.000000000000000000e+00
0.000000000000000000e+00 9.105827071430030628e+01 9.105826821639850266e+01 0.000000000000000000e+00 0.000000000000000000e+00 0.000000000000000000e+00
1.340640401001730027e+02 0.000000000000000000e+00 1.340639719540959902e+02 0.000000000000000000e+00 0.000000000000000000e+00 0.000000000000000000e+00
3.490731883162899862e+02 0.000000000000000000e+00 0.000000000000000000e+00 0.000000000000000000e+00 0.000000000000000000e+00 0.000000000000000000e+00
1.070531752252550035e+02 0.000000000000000000e+00 0.000000000000000000e+00 0.000000000000000000e+00 0.000000000000000000e+00 0.000000000000000000e+00
1.771062004615000092e+02 1.771062508542769933e+02 1.771061835557109987e+02 0.000000000000000000e+00 1.771062754910900026e+02 0.000000000000000000e+00
2.450958441161369876e+02 2.450958131588650133e+02 2.450959232151930109e+02 2.450957215098559914e+02 2.450959146577480112e+02 0.000000000000000000e+00
0.000000000000000000e+00 0.000000000000000000e+00 0.000000000000000000e+00 0.000000000000000000e+00 0.000000000000000000e+00 0.000000000000000000e+00
0.000000000000000000e+00 0.000000000000000000e+00 0.000000000000000000e+00 0.000000000000000000e+00 0.000000000000000000e+00 0.000000000000000000e+00
2.591130014239109869e+02 2.591131101381409962e+02 2.591130669687710224e+02 2.591130234341200094e+02 0.000000000000000000e+00 0.000000000000000000e+00
0.000000000000000000e+00 0.000000000000000000e+00 0.000000000000000000e+00 0.000000000000000000e+00 0.000000000000000000e+00 0.000000000000000000e+00
2.420341509128409996e+02 0.000000000000000000e+00 0.000000000000000000e+00 0.000000000000000000e+00 0.000000000000000000e+00 0.000000000000000000e+00
1.810898230462539971e+02 1.810898564620810021e+02 0.000000000000000000e+00 0.000000000000000000e+00 0.000000000000000000e+00 0.000000000000000000e+00
1.921058269996960064e+02 0.000000000000000000e+00 1.921058719216080135e+02 0.000000000000000000e+00 0.000000000000000000e+00 0.000000000000000000e+00
1.570800565768919910e+02 1.570800679533869868e+02 0.000000000000000000e+00 1.570800747863110018e+02 1.570801016753839860e+02 0.000000000000000000e+00
1.200848223087619999e+02 0.000000000000000000e+00 0.000000000000000000e+00 0.000000000000000000e+00 0.000000000000000000e+00 0.000000000000000000e+00
1.481160418452149941e+02 1.481160325374040099e+02 1.481160330941480083e+02 0.000000000000000000e+00 0.000000000000000000e+00 0.000000000000000000e+00
1.761221411991159869e+02 1.761222059160029971e+02 0.000000000000000000e+00 1.761222288334620032e+02 1.761222398313580015e+02 0.000000000000000000e+00
2.661148061597349965e+02 0.000000000000000000e+00 0.000000000000000000e+00 0.000000000000000000e+00 0.000000000000000000e+00 0.000000000000000000e+00
0.000000000000000000e+00 0.000000000000000000e+00 0.000000000000000000e+00 0.000000000000000000e+00 0.000000000000000000e+00 0.000000000000000000e+00
0.000000000000000000e+00 0.000000000000000000e+00 0.000000000000000000e+00 0.000000000000000000e+00 0.000000000000000000e+00 0.000000000000000000e+00
2.341315442975810015e+02 2.341315037161830048e+02 2.341316183128899979e+02 2.341315994490379921e+02 2.341316013213300096e+02 2.341316228058780098e+02
0.000000000000000000e+00 0.000000000000000000e+00 0.000000000000000000e+00 0.000000000000000000e+00 0.000000000000000000e+00 0.000000000000000000e+00
0.000000000000000000e+00 0.000000000000000000e+00 0.000000000000000000e+00 0.000000000000000000e+00 0.000000000000000000e+00 0.000000000000000000e+00
1.680372851599940134e+02 1.680372070305369903e+02 0.000000000000000000e+00 0.000000000000000000e+00 0.000000000000000000e+00 0.000000000000000000e+00
0.000000000000000000e+00 0.000000000000000000e+00 0.000000000000000000e+00 0.000000000000000000e+00 0.000000000000000000e+00 0.000000000000000000e+00
0.000000000000000000e+00 0.000000000000000000e+00 0.000000000000000000e+00 0.000000000000000000e+00 0.000000000000000000e+00 0.000000000000000000e+00
0.000000000000000000e+00 0.000000000000000000e+00 0.000000000000000000e+00 0.000000000000000000e+00 0.000000000000000000e+00 0.000000000000000000e+00
2.441005719565860090e+02 2.441006813128439887e+02 2.441007082612860017e+02 0.000000000000000000e+00 0.000000000000000000e+00 0.000000000000000000e+00
3.560665524414790184e+02 3.560665895522300275e+02 0.000000000000000000e+00 0.000000000000000000e+00 0.000000000000000000e+00 0.000000000000000000e+00
0.000000000000000000e+00 0.000000000000000000e+00 0.000000000000000000e+00 0.000000000000000000e+00 0.000000000000000000e+00 0.000000000000000000e+00
0.000000000000000000e+00 0.000000000000000000e+00 0.000000000000000000e+00 0.000000000000000000e+00 0.000000000000000000e+00 0.000000000000000000e+00
1.100794176721610000e+02 1.100794128566149936e+02 0.000000000000000000e+00 0.000000000000000000e+00 0.000000000000000000e+00 0.000000000000000000e+00
0.000000000000000000e+00 0.000000000000000000e+00 0.000000000000000000e+00 0.000000000000000000e+00 0.000000000000000000e+00 0.000000000000000000e+00
2.300850798183840027e+02 0.000000000000000000e+00 0.000000000000000000e+00 0.000000000000000000e+00 0.000000000000000000e+00 0.000000000000000000e+00
0.000000000000000000e+00 0.000000000000000000e+00 0.000000000000000000e+00 0.000000000000000000e+00 0.000000000000000000e+00 0.000000000000000000e+00
0.000000000000000000e+00 0.000000000000000000e+00 0.000000000000000000e+00 0.000000000000000000e+00 0.000000000000000000e+00 0.000000000000000000e+00
0.000000000000000000e+00 0.000000000000000000e+00 0.000000000000000000e+00 0.000000000000000000e+00 0.000000000000000000e+00 0.000000000000000000e+00
0.000000000000000000e+00 0.000000000000000000e+00 0.000000000000000000e+00 0.000000000000000000e+00 0.000000000000000000e+00 0.000000000000000000e+00
0.000000000000000000e+00 0.000000000000000000e+00 0.000000000000000000e+00 0.000000000000000000e+00 0.000000000000000000e+00 0.000000000000000000e+00
0.000000000000000000e+00 0.000000000000000000e+00 0.000000000000000000e+00 0.000000000000000000e+00 0.000000000000000000e+00 0.000000000000000000e+00
0.000000000000000000e+00 0.000000000000000000e+00 0.000000000000000000e+00 0.000000000000000000e+00 0.000000000000000000e+00 0.000000000000000000e+00
2.110827260457130023e+02 0.000000000000000000e+00 0.000000000000000000e+00 2.110827926431410049e+02 2.110828205585480077e+02 2.110828835196890054e+02
1.390583065326229928e+02 0.000000000000000000e+00 0.000000000000000000e+00 0.000000000000000000e+00 0.000000000000000000e+00 0.000000000000000000e+00
0.000000000000000000e+00 0.000000000000000000e+00 0.000000000000000000e+00 0.000000000000000000e+00 0.000000000000000000e+00 0.000000000000000000e+00
2.490350656766190127e+02 0.000000000000000000e+00 0.000000000000000000e+00 0.000000000000000000e+00 0.000000000000000000e+00 0.000000000000000000e+00
0.000000000000000000e+00 0.000000000000000000e+00 0.000000000000000000e+00 0.000000000000000000e+00 0.000000000000000000e+00 0.000000000000000000e+00
0.000000000000000000e+00 0.000000000000000000e+00 0.000000000000000000e+00 0.000000000000000000e+00 0.000000000000000000e+00 0.000000000000000000e+00
3.310634900272870027e+02 3.310634973913969930e+02 3.310633707535050121e+02 3.310628235539319917e+02 0.000000000000000000e+00 0.000000000000000000e+00
3.260465423488830083e+02 0.000000000000000000e+00 0.000000000000000000e+00 0.000000000000000000e+00 0.000000000000000000e+00 0.000000000000000000e+00
0.000000000000000000e+00 0.000000000000000000e+00 0.000000000000000000e+00 0.000000000000000000e+00 0.000000000000000000e+00 0.000000000000000000e+00
1.710149150705319983e+02 1.710150855287949980e+02 0.000000000000000000e+00 0.000000000000000000e+00 0.000000000000000000e+00 0.000000000000000000e+00
0.000000000000000000e+00 0.000000000000000000e+00 0.000000000000000000e+00 0.000000000000000000e+00 0.000000000000000000e+00 0.000000000000000000e+00
0.000000000000000000e+00 0.000000000000000000e+00 3.250625437099529904e+02 0.000000000000000000e+00 0.000000000000000000e+00 0.000000000000000000e+00
1.250425556557379991e+02 1.250426017520209996e+02 1.250426224213479998e+02 1.250426588967520019e+02 1.250426757131070019e+02 0.000000000000000000e+00
0.000000000000000000e+00 0.000000000000000000e+00 0.000000000000000000e+00 0.000000000000000000e+00 0.000000000000000000e+00 0.000000000000000000e+00
0.000000000000000000e+00 0.000000000000000000e+00 0.000000000000000000e+00 0.000000000000000000e+00 0.000000000000000000e+00 0.000000000000000000e+00
0.000000000000000000e+00 0.000000000000000000e+00 0.000000000000000000e+00 0.000000000000000000e+00 0.000000000000000000e+00 0.000000000000000000e+00
0.000000000000000000e+00 0.000000000000000000e+00 0.000000000000000000e+00 0.000000000000000000e+00 0.000000000000000000e+00 0.000000000000000000e+00
1.490637417027089953e+02 1.490637600831510099e+02 1.490637845620670134e+02 1.490637103990590049e+02 0.000000000000000000e+00 0.000000000000000000e+00
0.000000000000000000e+00 0.000000000000000000e+00 0.000000000000000000e+00 0.000000000000000000e+00 0.000000000000000000e+00 0.000000000000000000e+00
0.000000000000000000e+00 0.000000000000000000e+00 0.000000000000000000e+00 0.000000000000000000e+00 0.000000000000000000e+00 0.000000000000000000e+00
0.000000000000000000e+00 0.000000000000000000e+00 0.000000000000000000e+00 0.000000000000000000e+00 0.000000000000000000e+00 0.000000000000000000e+00
0.000000000000000000e+00 0.000000000000000000e+00 0.000000000000000000e+00 0.000000000000000000e+00 0.000000000000000000e+00 0.000000000000000000e+00
0.000000000000000000e+00 0.000000000000000000e+00 0.000000000000000000e+00 0.000000000000000000e+00 0.000000000000000000e+00 0.000000000000000000e+00
3.781489623600580217e+02 3.781489717924990259e+02 0.000000000000000000e+00 0.000000000000000000e+00 0.000000000000000000e+00 0.000000000000000000e+00
0.000000000000000000e+00 0.000000000000000000e+00 0.000000000000000000e+00 0.000000000000000000e+00 0.000000000000000000e+00 0.000000000000000000e+00
0.000000000000000000e+00 0.000000000000000000e+00 0.000000000000000000e+00 0.000000000000000000e+00 0.000000000000000000e+00 0.000000000000000000e+00
0.000000000000000000e+00 0.000000000000000000e+00 0.000000000000000000e+00 0.000000000000000000e+00 0.000000000000000000e+00 0.000000000000000000e+00
0.000000000000000000e+00 0.000000000000000000e+00 0.000000000000000000e+00 0.000000000000000000e+00 0.000000000000000000e+00 0.000000000000000000e+00
4.290397032878710206e+02 0.000000000000000000e+00 0.000000000000000000e+00 0.000000000000000000e+00 0.000000000000000000e+00 0.000000000000000000e+00
0.000000000000000000e+00 0.000000000000000000e+00 0.000000000000000000e+00 0.000000000000000000e+00 0.000000000000000000e+00 0.000000000000000000e+00
0.000000000000000000e+00 0.000000000000000000e+00 0.000000000000000000e+00 0.000000000000000000e+00 0.000000000000000000e+00 0.000000000000000000e+00
0.000000000000000000e+00 0.000000000000000000e+00 0.000000000000000000e+00 0.000000000000000000e+00 0.000000000000000000e+00 0.000000000000000000e+00
0.000000000000000000e+00 0.000000000000000000e+00 0.000000000000000000e+00 0.000000000000000000e+00 0.000000000000000000e+00 0.000000000000000000e+00
0.000000000000000000e+00 0.000000000000000000e+00 0.000000000000000000e+00 0.000000000000000000e+00 0.000000000000000000e+00 0.000000000000000000e+00
