0.000000000000000000e+00 0.000000000000000000e+00 0.000000000000000000e+00 0.000000000000000000e+00 0.000000000000000000e+00 0.000000000000000000e+00
0.000000000000000000e+00 0.000000000000000000e+00 0.000000000000000000e+00 0.000000000000000000e+00 0.000000000000000000e+00 0.000000000000000000e+00
0.000000000000000000e+00 0.000000000000000000e+00 0.000000000000000000e+00 0.000000000000000000e+00 0.000000000000000000e+00 0.000000000000000000e+00
0.000000000000000000e+00 0.000000000000000000e+00 0.000000000000000000e+00 0.000000000000000000e+00 0.000000000000000000e+00 0.000000000000000000e+00
0.000000000000000000e+00 0.000000000000000000e+00 0.000000000000000000e+00 0.000000000000000000e+00 0.000000000000000000e+00 0.000000000000000000e+00
0.000000000000000000e+00 0.000000000000000000e+00 0.000000000000000000e+00 0.000000000000000000e+00 0.000000000000000000e+00 0.000000000000000000e+00
0.000000000000000000e+00 0.000000000000000000e+00 0.000000000000000000e+00 0.000000000000000000e+00 0.000000000000000000e+00 0.000000000000000000e+00
0.000000000000000000e+00 5.291649999999999636e+02 5.300979999999999563e+02 5.295620000000000118e+02 5.295839999999999463e+02 0.000000000000000000e+00
4.996700000000000159e+02 4.988779999999999859e+02 4.995679999999999836e+02 0.000000000000000000e+00 0.000000000000000000e+00 0.000000000000000000e+00
5.226620000000000346e+02 5.229400000000000546e+02 0.000000000000000000e+00 0.000000000000000000e+00 0.000000000000000000e+00 0.000000000000000000e+00
5.576269999999999527e+02 5.580059999999999718e+02 5.577200000000000273e+02 0.000000000000000000e+00 0.000000000000000000e+00 0.000000000000000000e+00
4.365210000000000150e+02 4.371650000000000205e+02 4.376770000000000209e+02 4.371689999999999827e+02 4.370299999999999727e+02 0.000000000000000000e+00
5.388369999999999891e+02 5.391939999999999600e+02 0.000000000000000000e+00 0.000000000000000000e+00 0.000000000000000000e+00 0.000000000000000000e+00
5.413170000000000073e+02 5.416879999999999882e+02 0.000000000000000000e+00 5.421799999999999500e+02 0.000000000000000000e+00 0.000000000000000000e+00
5.912509999999999764e+02 5.921359999999999673e+02 5.915879999999999654e+02 0.000000000000000000e+00 0.000000000000000000e+00 0.000000000000000000e+00
4.365210000000000150e+02 4.371650000000000205e+02 4.376770000000000209e+02 4.371689999999999827e+02 4.370299999999999727e+02 4.380459999999999923e+02
5.288849999999999909e+02 5.291649999999999636e+02 5.288500000000000227e+02 0.000000000000000000e+00 5.283329999999999700e+02 5.295240000000000009e+02
0.000000000000000000e+00 5.717640000000000100e+02 5.363750000000000000e+02 5.371430000000000291e+02 5.359170000000000300e+02 5.372559999999999718e+02
4.984350000000000023e+02 4.988779999999999859e+02 4.995679999999999836e+02 0.000000000000000000e+00 0.000000000000000000e+00 4.998500000000000227e+02
5.825309999999999491e+02 5.819809999999999945e+02 5.828600000000000136e+02 5.824450000000000500e+02 5.825209999999999582e+02 5.825810000000000173e+02
0.000000000000000000e+00 0.000000000000000000e+00 0.000000000000000000e+00 0.000000000000000000e+00 0.000000000000000000e+00 0.000000000000000000e+00
6.427609999999999673e+02 0.000000000000000000e+00 0.000000000000000000e+00 0.000000000000000000e+00 0.000000000000000000e+00 0.000000000000000000e+00
6.238060000000000400e+02 6.240560000000000400e+02 6.242599999999999909e+02 6.245620000000000118e+02 6.240489999999999782e+02 0.000000000000000000e+00
4.996700000000000159e+02 5.001179999999999950e+02 5.008109999999999786e+02 5.005799999999999841e+02 5.003519999999999754e+02 4.998500000000000227e+02
6.289279999999999973e+02 6.292609999999999673e+02 6.292490000000000236e+02 6.296040000000000418e+02 6.290480000000000018e+02 0.000000000000000000e+00
6.200620000000000118e+02 6.201440000000000055e+02 6.204429999999999836e+02 0.000000000000000000e+00 6.202190000000000509e+02 0.000000000000000000e+00
0.000000000000000000e+00 0.000000000000000000e+00 0.000000000000000000e+00 0.000000000000000000e+00 0.000000000000000000e+00 0.000000000000000000e+00
5.526109999999999900e+02 5.517279999999999518e+02 5.527259999999999991e+02 5.534930000000000518e+02 0.000000000000000000e+00 0.000000000000000000e+00
6.351180000000000518e+02 6.342530000000000427e+02 6.343250000000000455e+02 6.346430000000000291e+02 0.000000000000000000e+00 0.000000000000000000e+00
0.000000000000000000e+00 6.482659999999999627e+02 6.482980000000000018e+02 0.000000000000000000e+00 0.000000000000000000e+00 0.000000000000000000e+00
6.402830000000000155e+02 0.000000000000000000e+00 6.405639999999999645e+02 0.000000000000000000e+00 0.000000000000000000e+00 0.000000000000000000e+00
6.225710000000000264e+02 0.000000000000000000e+00 0.000000000000000000e+00 0.000000000000000000e+00 0.000000000000000000e+00 0.000000000000000000e+00
6.590919999999999845e+02 0.000000000000000000e+00 0.000000000000000000e+00 0.000000000000000000e+00 0.000000000000000000e+00 0.000000000000000000e+00
6.578509999999999991e+02 6.570890000000000555e+02 6.585030000000000427e+02 0.000000000000000000e+00 6.580489999999999782e+02 0.000000000000000000e+00
5.638289999999999509e+02 5.642749999999999773e+02 5.640220000000000482e+02 5.648029999999999973e+02 5.636290000000000191e+02 0.000000000000000000e+00
0.000000000000000000e+00 0.000000000000000000e+00 0.000000000000000000e+00 0.000000000000000000e+00 0.000000000000000000e+00 0.000000000000000000e+00
0.000000000000000000e+00 0.000000000000000000e+00 0.000000000000000000e+00 0.000000000000000000e+00 0.000000000000000000e+00 0.000000000000000000e+00
6.099869999999999663e+02 6.099959999999999809e+02 6.103940000000000055e+02 6.105549999999999500e+02 0.000000000000000000e+00 0.000000000000000000e+00
0.000000000000000000e+00 0.000000000000000000e+00 0.000000000000000000e+00 0.000000000000000000e+00 0.000000000000000000e+00 0.000000000000000000e+00
6.452350000000000136e+02 0.000000000000000000e+00 0.000000000000000000e+00 0.000000000000000000e+00 0.000000000000000000e+00 0.000000000000000000e+00
6.489869999999999663e+02 6.482659999999999627e+02 0.000000000000000000e+00 0.000000000000000000e+00 0.000000000000000000e+00 0.000000000000000000e+00
7.059080000000000155e+02 0.000000000000000000e+00 7.054120000000000346e+02 0.000000000000000000e+00 0.000000000000000000e+00 0.000000000000000000e+00
7.008310000000000173e+02 6.330049999999999955e+02 0.000000000000000000e+00 6.333930000000000291e+02 6.341319999999999482e+02 0.000000000000000000e+00
7.627390000000000327e+02 0.000000000000000000e+00 0.000000000000000000e+00 0.000000000000000000e+00 0.000000000000000000e+00 0.000000000000000000e+00
9.595259999999999536e+02 9.591180000000000518e+02 9.591150000000000091e+02 0.000000000000000000e+00 0.000000000000000000e+00 0.000000000000000000e+00
1.032670000000000073e+03 1.031349999999999909e+03 0.000000000000000000e+00 1.032269999999999982e+03 1.032329999999999927e+03 0.000000000000000000e+00
1.106140000000000100e+03 0.000000000000000000e+00 0.000000000000000000e+00 0.000000000000000000e+00 0.000000000000000000e+00 0.000000000000000000e+00
0.000000000000000000e+00 0.000000000000000000e+00 0.000000000000000000e+00 0.000000000000000000e+00 0.000000000000000000e+00 0.000000000000000000e+00
0.000000000000000000e+00 0.000000000000000000e+00 0.000000000000000000e+00 0.000000000000000000e+00 0.000000000000000000e+00 0.000000000000000000e+00
2.769189999999999827e+02 2.782339999999999804e+02 2.785649999999999977e+02 2.782470000000000141e+02 2.779320000000000164e+02 2.784970000000000141e+02
0.000000000000000000e+00 0.000000000000000000e+00 0.000000000000000000e+00 0.000000000000000000e+00 0.000000000000000000e+00 0.000000000000000000e+00
0.000000000000000000e+00 0.000000000000000000e+00 0.000000000000000000e+00 0.000000000000000000e+00 0.000000000000000000e+00 0.000000000000000000e+00
5.961939999999999600e+02 5.971440000000000055e+02 0.000000000000000000e+00 0.000000000000000000e+00 0.000000000000000000e+00 0.000000000000000000e+00
0.000000000000000000e+00 0.000000000000000000e+00 0.000000000000000000e+00 0.000000000000000000e+00 0.000000000000000000e+00 0.000000000000000000e+00
0.000000000000000000e+00 0.000000000000000000e+00 0.000000000000000000e+00 0.000000000000000000e+00 0.000000000000000000e+00 0.000000000000000000e+00
0.000000000000000000e+00 0.000000000000000000e+00 0.000000000000000000e+00 0.000000000000000000e+00 0.000000000000000000e+00 0.000000000000000000e+00
4.046429999999999723e+02 4.055450000000000159e+02 4.060269999999999868e+02 0.000000000000000000e+00 0.000000000000000000e+00 0.000000000000000000e+00
3.009510000000000218e+02 3.099200000000000159e+02 0.000000000000000000e+00 0.000000000000000000e+00 0.000000000000000000e+00 0.000000000000000000e+00
0.000000000000000000e+00 0.000000000000000000e+00 0.000000000000000000e+00 0.000000000000000000e+00 0.000000000000000000e+00 0.000000000000000000e+00
0.000000000000000000e+00 0.000000000000000000e+00 0.000000000000000000e+00 0.000000000000000000e+00 0.000000000000000000e+00 0.000000000000000000e+00
3.036739999999999782e+02 3.049390000000000214e+02 0.000000000000000000e+00 0.000000000000000000e+00 0.000000000000000000e+00 0.000000000000000000e+00
0.000000000000000000e+00 0.000000000000000000e+00 0.000000000000000000e+00 0.000000000000000000e+00 0.000000000000000000e+00 0.000000000000000000e+00
4.467889999999999873e+02 0.000000000000000000e+00 0.000000000000000000e+00 0.000000000000000000e+00 0.000000000000000000e+00 0.000000000000000000e+00
0.000000000000000000e+00 0.000000000000000000e+00 0.000000000000000000e+00 0.000000000000000000e+00 0.000000000000000000e+00 0.000000000000000000e+00
0.000000000000000000e+00 0.000000000000000000e+00 0.000000000000000000e+00 0.000000000000000000e+00 0.000000000000000000e+00 0.000000000000000000e+00
0.000000000000000000e+00 0.000000000000000000e+00 0.000000000000000000e+00 0.000000000000000000e+00 0.000000000000000000e+00 0.000000000000000000e+00
0.000000000000000000e+00 0.000000000000000000e+00 0.000000000000000000e+00 0.000000000000000000e+00 0.000000000000000000e+00 0.000000000000000000e+00
0.000000000000000000e+00 0.000000000000000000e+00 0.000000000000000000e+00 0.000000000000000000e+00 0.000000000000000000e+00 0.000000000000000000e+00
0.000000000000000000e+00 0.000000000000000000e+00 0.000000000000000000e+00 0.000000000000000000e+00 0.000000000000000000e+00 0.000000000000000000e+00
0.000000000000000000e+00 0.000000000000000000e+00 0.000000000000000000e+00 0.000000000000000000e+00 0.000000000000000000e+00 0.000000000000000000e+00
3.870129999999999768e+02 0.000000000000000000e+00 0.000000000000000000e+00 3.880409999999999968e+02 3.878070000000000164e+02 3.887810000000000059e+02
5.526109999999999900e+02 0.000000000000000000e+00 0.000000000000000000e+00 0.000000000000000000e+00 0.000000000000000000e+00 0.000000000000000000e+00
0.000000000000000000e+00 0.000000000000000000e+00 0.000000000000000000e+00 0.000000000000000000e+00 0.000000000000000000e+00 0.000000000000000000e+00
0.000000000000000000e+00 0.000000000000000000e+00 0.000000000000000000e+00 0.000000000000000000e+00 0.000000000000000000e+00 0.000000000000000000e+00
0.000000000000000000e+00 0.000000000000000000e+00 0.000000000000000000e+00 0.000000000000000000e+00 0.000000000000000000e+00 0.000000000000000000e+00
0.000000000000000000e+00 0.000000000000000000e+00 0.000000000000000000e+00 0.000000000000000000e+00 0.000000000000000000e+00 0.000000000000000000e+00
4.645090000000000146e+02 4.649549999999999841e+02 4.655860000000000127e+02 4.653020000000000209e+02 0.000000000000000000e+00 0.000000000000000000e+00
5.850090000000000146e+02 0.000000000000000000e+00 0.000000000000000000e+00 0.000000000000000000e+00 0.000000000000000000e+00 0.000000000000000000e+00
0.000000000000000000e+00 0.000000000000000000e+00 0.000000000000000000e+00 0.000000000000000000e+00 0.000000000000000000e+00 0.000000000000000000e+00
6.477480000000000473e+02 6.470190000000000055e+02 0.000000000000000000e+00 0.000000000000000000e+00 0.000000000000000000e+00 0.000000000000000000e+00
0.000000000000000000e+00 0.000000000000000000e+00 0.000000000000000000e+00 0.000000000000000000e+00 0.000000000000000000e+00 0.000000000000000000e+00
0.000000000000000000e+00 0.000000000000000000e+00 6.167069999999999936e+02 0.000000000000000000e+00 0.000000000000000000e+00 0.000000000000000000e+00
4.058779999999999859e+02 4.067839999999999918e+02 4.072679999999999723e+02 4.069700000000000273e+02 4.067509999999999764e+02 0.000000000000000000e+00
0.000000000000000000e+00 0.000000000000000000e+00 0.000000000000000000e+00 0.000000000000000000e+00 0.000000000000000000e+00 0.000000000000000000e+00
0.000000000000000000e+00 0.000000000000000000e+00 0.000000000000000000e+00 0.000000000000000000e+00 0.000000000000000000e+00 0.000000000000000000e+00
0.000000000000000000e+00 0.000000000000000000e+00 0.000000000000000000e+00 0.000000000000000000e+00 0.000000000000000000e+00 0.000000000000000000e+00
0.000000000000000000e+00 0.000000000000000000e+00 0.000000000000000000e+00 0.000000000000000000e+00 0.000000000000000000e+00 0.000000000000000000e+00
6.062730000000000246e+02 6.060270000000000437e+02 6.066520000000000437e+02 6.068110000000000355e+02 0.000000000000000000e+00 0.000000000000000000e+00
0.000000000000000000e+00 0.000000000000000000e+00 0.000000000000000000e+00 0.000000000000000000e+00 0.000000000000000000e+00 0.000000000000000000e+00
0.000000000000000000e+00 0.000000000000000000e+00 0.000000000000000000e+00 0.000000000000000000e+00 0.000000000000000000e+00 0.000000000000000000e+00
0.000000000000000000e+00 0.000000000000000000e+00 0.000000000000000000e+00 0.000000000000000000e+00 0.000000000000000000e+00 0.000000000000000000e+00
0.000000000000000000e+00 0.000000000000000000e+00 0.000000000000000000e+00 0.000000000000000000e+00 0.000000000000000000e+00 0.000000000000000000e+00
0.000000000000000000e+00 0.000000000000000000e+00 0.000000000000000000e+00 0.000000000000000000e+00 0.000000000000000000e+00 0.000000000000000000e+00
4.556619999999999777e+02 4.560049999999999955e+02 0.000000000000000000e+00 0.000000000000000000e+00 0.000000000000000000e+00 0.000000000000000000e+00
0.000000000000000000e+00 0.000000000000000000e+00 0.000000000000000000e+00 0.000000000000000000e+00 0.000000000000000000e+00 0.000000000000000000e+00
0.000000000000000000e+00 0.000000000000000000e+00 0.000000000000000000e+00 0.000000000000000000e+00 0.000000000000000000e+00 0.000000000000000000e+00
0.000000000000000000e+00 0.000000000000000000e+00 0.000000000000000000e+00 0.000000000000000000e+00 0.000000000000000000e+00 0.000000000000000000e+00
0.000000000000000000e+00 0.000000000000000000e+00 0.000000000000000000e+00 0.000000000000000000e+00 0.000000000000000000e+00 0.000000000000000000e+00
6.163519999999999754e+02 0.000000000000000000e+00 0.000000000000000000e+00 0.000000000000000000e+00 0.000000000000000000e+00 0.000000000000000000e+00
0.000000000000000000e+00 0.000000000000000000e+00 0.000000000000000000e+00 0.000000000000000000e+00 0.000000000000000000e+00 0.000000000000000000e+00
0.000000000000000000e+00 0.000000000000000000e+00 0.000000000000000000e+00 0.000000000000000000e+00 0.000000000000000000e+00 0.000000000000000000e+00
0.000000000000000000e+00 0.000000000000000000e+00 0.000000000000000000e+00 0.000000000000000000e+00 0.000000000000000000e+00 0.000000000000000000e+00
0.000000000000000000e+00 0.000000000000000000e+00 0.000000000000000000e+00 0.000000000000000000e+00 0.000000000000000000e+00 0.000000000000000000e+00
0.000000000000000000e+00 0.000000000000000000e+00 0.000000000000000000e+00 0.000000000000000000e+00 0.000000000000000000e+00 0.000000000000000000e+00
