0.000000000000000000e+00 0.000000000000000000e+00 0.000000000000000000e+00 0.000000000000000000e+00 0.000000000000000000e+00 0.000000000000000000e+00
0.000000000000000000e+00 0.000000000000000000e+00 0.000000000000000000e+00 0.000000000000000000e+00 0.000000000000000000e+00 0.000000000000000000e+00
0.000000000000000000e+00 0.000000000000000000e+00 0.000000000000000000e+00 0.000000000000000000e+00 0.000000000000000000e+00 0.000000000000000000e+00
0.000000000000000000e+00 0.000000000000000000e+00 0.000000000000000000e+00 0.000000000000000000e+00 0.000000000000000000e+00 0.000000000000000000e+00
0.000000000000000000e+00 0.000000000000000000e+00 0.000000000000000000e+00 0.000000000000000000e+00 0.000000000000000000e+00 0.000000000000000000e+00
0.000000000000000000e+00 0.000000000000000000e+00 0.000000000000000000e+00 0.000000000000000000e+00 0.000000000000000000e+00 0.000000000000000000e+00
0.000000000000000000e+00 0.000000000000000000e+00 0.000000000000000000e+00 0.000000000000000000e+00 0.000000000000000000e+00 0.000000000000000000e+00
0.000000000000000000e+00 2.344774000000000000e+06 1.307492875000000000e+06 1.617702968750000000e+05 1.356013593750000000e+05 0.000000000000000000e+00
1.596037200000000000e+07 1.447370375000000000e+06 5.258126875000000000e+05 0.000000000000000000e+00 0.000000000000000000e+00 0.000000000000000000e+00
1.261349600000000000e+07 1.980605500000000000e+06 0.000000000000000000e+00 0.000000000000000000e+00 0.000000000000000000e+00 0.000000000000000000e+00
1.228035700000000000e+07 8.963361250000000000e+05 2.782540312500000000e+05 0.000000000000000000e+00 0.000000000000000000e+00 0.000000000000000000e+00
9.823325000000000000e+06 6.722450500000000000e+06 3.427526250000000000e+06 6.147983750000000000e+05 3.744803125000000000e+05 0.000000000000000000e+00
5.804042500000000000e+06 4.088849375000000000e+05 0.000000000000000000e+00 0.000000000000000000e+00 0.000000000000000000e+00 0.000000000000000000e+00
1.475255600000000000e+07 1.663576125000000000e+06 0.000000000000000000e+00 1.042108828125000000e+05 0.000000000000000000e+00 0.000000000000000000e+00
3.286121250000000000e+06 5.928095000000000000e+05 3.488571875000000000e+05 0.000000000000000000e+00 0.000000000000000000e+00 0.000000000000000000e+00
3.071176960000000000e+08 2.001583680000000000e+08 1.155961120000000000e+08 1.869268400000000000e+07 1.030254200000000000e+07 7.673169375000000000e+05
8.611160000000000000e+07 1.742467400000000000e+07 1.051119400000000000e+07 0.000000000000000000e+00 4.919373750000000000e+05 9.337559375000000000e+04
0.000000000000000000e+00 9.830660000000000000e+05 5.842486875000000000e+05 6.249302500000000000e+05 5.528143125000000000e+05 4.697099687500000000e+05
3.709268800000000000e+07 1.088724100000000000e+07 8.913199000000000000e+06 0.000000000000000000e+00 0.000000000000000000e+00 1.910852812500000000e+05
5.419128000000000000e+07 8.791609000000000000e+06 3.791073750000000000e+06 8.060350000000000000e+05 5.382868125000000000e+05 3.990307187500000000e+05
0.000000000000000000e+00 0.000000000000000000e+00 0.000000000000000000e+00 0.000000000000000000e+00 0.000000000000000000e+00 0.000000000000000000e+00
1.968736250000000000e+05 0.000000000000000000e+00 0.000000000000000000e+00 0.000000000000000000e+00 0.000000000000000000e+00 0.000000000000000000e+00
1.373416700000000000e+07 1.278489125000000000e+06 1.003737875000000000e+06 1.486805625000000000e+05 6.552508593750000000e+04 0.000000000000000000e+00
6.412871600000000000e+07 5.151222800000000000e+07 3.360253200000000000e+07 8.053328000000000000e+06 4.570554000000000000e+06 7.304128125000000000e+05
7.041380000000000000e+07 3.467069500000000000e+06 2.075451500000000000e+06 1.739610625000000000e+05 1.173060390625000000e+05 0.000000000000000000e+00
2.411278000000000000e+06 1.911283281250000000e+05 1.683457500000000000e+05 0.000000000000000000e+00 2.047969140625000000e+04 0.000000000000000000e+00
0.000000000000000000e+00 0.000000000000000000e+00 0.000000000000000000e+00 0.000000000000000000e+00 0.000000000000000000e+00 0.000000000000000000e+00
5.278560500000000000e+06 7.616526875000000000e+05 3.659282500000000000e+05 4.297171875000000000e+04 0.000000000000000000e+00 0.000000000000000000e+00
9.353892000000000000e+06 1.040500750000000000e+06 1.076830500000000000e+06 2.343881562500000000e+05 0.000000000000000000e+00 0.000000000000000000e+00
0.000000000000000000e+00 2.893772500000000000e+05 1.841612812500000000e+05 0.000000000000000000e+00 0.000000000000000000e+00 0.000000000000000000e+00
6.777431875000000000e+05 0.000000000000000000e+00 1.029542187500000000e+05 0.000000000000000000e+00 0.000000000000000000e+00 0.000000000000000000e+00
8.107487500000000000e+05 0.000000000000000000e+00 0.000000000000000000e+00 0.000000000000000000e+00 0.000000000000000000e+00 0.000000000000000000e+00
2.597956093750000000e+05 0.000000000000000000e+00 0.000000000000000000e+00 0.000000000000000000e+00 0.000000000000000000e+00 0.000000000000000000e+00
5.567820500000000000e+06 4.522266250000000000e+05 7.307815000000000000e+05 0.000000000000000000e+00 6.496278906250000000e+04 0.000000000000000000e+00
1.399658300000000000e+07 2.609466000000000000e+06 1.530665625000000000e+06 1.290173984375000000e+05 8.970037500000000000e+04 0.000000000000000000e+00
0.000000000000000000e+00 0.000000000000000000e+00 0.000000000000000000e+00 0.000000000000000000e+00 0.000000000000000000e+00 0.000000000000000000e+00
0.000000000000000000e+00 0.000000000000000000e+00 0.000000000000000000e+00 0.000000000000000000e+00 0.000000000000000000e+00 0.000000000000000000e+00
7.437664800000000000e+07 2.355802000000000000e+06 1.440357750000000000e+06 1.512227812500000000e+05 0.000000000000000000e+00 0.000000000000000000e+00
0.000000000000000000e+00 0.000000000000000000e+00 0.000000000000000000e+00 0.000000000000000000e+00 0.000000000000000000e+00 0.000000000000000000e+00
1.597183906250000000e+05 0.000000000000000000e+00 0.000000000000000000e+00 0.000000000000000000e+00 0.000000000000000000e+00 0.000000000000000000e+00
1.042507500000000000e+06 2.830101875000000000e+05 0.000000000000000000e+00 0.000000000000000000e+00 0.000000000000000000e+00 0.000000000000000000e+00
1.390962625000000000e+06 0.000000000000000000e+00 9.232987500000000000e+04 0.000000000000000000e+00 0.000000000000000000e+00 0.000000000000000000e+00
1.234208750000000000e+06 1.310327250000000000e+06 0.000000000000000000e+00 2.911799375000000000e+05 2.102562656250000000e+05 0.000000000000000000e+00
8.304257031250000000e+04 0.000000000000000000e+00 0.000000000000000000e+00 0.000000000000000000e+00 0.000000000000000000e+00 0.000000000000000000e+00
9.355167500000000000e+05 7.298873437500000000e+04 9.470806250000000000e+04 0.000000000000000000e+00 0.000000000000000000e+00 0.000000000000000000e+00
6.462493000000000000e+06 7.567571875000000000e+05 0.000000000000000000e+00 2.032987656250000000e+05 1.428785625000000000e+05 0.000000000000000000e+00
2.560744750000000000e+06 0.000000000000000000e+00 0.000000000000000000e+00 0.000000000000000000e+00 0.000000000000000000e+00 0.000000000000000000e+00
0.000000000000000000e+00 0.000000000000000000e+00 0.000000000000000000e+00 0.000000000000000000e+00 0.000000000000000000e+00 0.000000000000000000e+00
0.000000000000000000e+00 0.000000000000000000e+00 0.000000000000000000e+00 0.000000000000000000e+00 0.000000000000000000e+00 0.000000000000000000e+00
2.460712960000000000e+08 1.027459760000000000e+08 6.109097600000000000e+07 1.229988300000000000e+07 6.728094500000000000e+06 6.656867500000000000e+05
0.000000000000000000e+00 0.000000000000000000e+00 0.000000000000000000e+00 0.000000000000000000e+00 0.000000000000000000e+00 0.000000000000000000e+00
0.000000000000000000e+00 0.000000000000000000e+00 0.000000000000000000e+00 0.000000000000000000e+00 0.000000000000000000e+00 0.000000000000000000e+00
4.041690312500000000e+05 1.748444375000000000e+05 0.000000000000000000e+00 0.000000000000000000e+00 0.000000000000000000e+00 0.000000000000000000e+00
0.000000000000000000e+00 0.000000000000000000e+00 0.000000000000000000e+00 0.000000000000000000e+00 0.000000000000000000e+00 0.000000000000000000e+00
0.000000000000000000e+00 0.000000000000000000e+00 0.000000000000000000e+00 0.000000000000000000e+00 0.000000000000000000e+00 0.000000000000000000e+00
0.000000000000000000e+00 0.000000000000000000e+00 0.000000000000000000e+00 0.000000000000000000e+00 0.000000000000000000e+00 0.000000000000000000e+00
1.275995000000000000e+06 2.366525156250000000e+05 6.760398437500000000e+04 0.000000000000000000e+00 0.000000000000000000e+00 0.000000000000000000e+00
9.878988000000000000e+06 7.755916250000000000e+05 0.000000000000000000e+00 0.000000000000000000e+00 0.000000000000000000e+00 0.000000000000000000e+00
0.000000000000000000e+00 0.000000000000000000e+00 0.000000000000000000e+00 0.000000000000000000e+00 0.000000000000000000e+00 0.000000000000000000e+00
0.000000000000000000e+00 0.000000000000000000e+00 0.000000000000000000e+00 0.000000000000000000e+00 0.000000000000000000e+00 0.000000000000000000e+00
5.799838281250000000e+04 6.818950781250000000e+04 0.000000000000000000e+00 0.000000000000000000e+00 0.000000000000000000e+00 0.000000000000000000e+00
0.000000000000000000e+00 0.000000000000000000e+00 0.000000000000000000e+00 0.000000000000000000e+00 0.000000000000000000e+00 0.000000000000000000e+00
2.996216875000000000e+05 0.000000000000000000e+00 0.000000000000000000e+00 0.000000000000000000e+00 0.000000000000000000e+00 0.000000000000000000e+00
0.000000000000000000e+00 0.000000000000000000e+00 0.000000000000000000e+00 0.000000000000000000e+00 0.000000000000000000e+00 0.000000000000000000e+00
0.000000000000000000e+00 0.000000000000000000e+00 0.000000000000000000e+00 0.000000000000000000e+00 0.000000000000000000e+00 0.000000000000000000e+00
0.000000000000000000e+00 0.000000000000000000e+00 0.000000000000000000e+00 0.000000000000000000e+00 0.000000000000000000e+00 0.000000000000000000e+00
0.000000000000000000e+00 0.000000000000000000e+00 0.000000000000000000e+00 0.000000000000000000e+00 0.000000000000000000e+00 0.000000000000000000e+00
0.000000000000000000e+00 0.000000000000000000e+00 0.000000000000000000e+00 0.000000000000000000e+00 0.000000000000000000e+00 0.000000000000000000e+00
0.000000000000000000e+00 0.000000000000000000e+00 0.000000000000000000e+00 0.000000000000000000e+00 0.000000000000000000e+00 0.000000000000000000e+00
0.000000000000000000e+00 0.000000000000000000e+00 0.000000000000000000e+00 0.000000000000000000e+00 0.000000000000000000e+00 0.000000000000000000e+00
4.129040800000000000e+07 0.000000000000000000e+00 0.000000000000000000e+00 9.418205625000000000e+05 6.263010625000000000e+05 4.446129296875000000e+04
6.958481875000000000e+05 0.000000000000000000e+00 0.000000000000000000e+00 0.000000000000000000e+00 0.000000000000000000e+00 0.000000000000000000e+00
0.000000000000000000e+00 0.000000000000000000e+00 0.000000000000000000e+00 0.000000000000000000e+00 0.000000000000000000e+00 0.000000000000000000e+00
2.746785625000000000e+05 0.000000000000000000e+00 0.000000000000000000e+00 0.000000000000000000e+00 0.000000000000000000e+00 0.000000000000000000e+00
0.000000000000000000e+00 0.000000000000000000e+00 0.000000000000000000e+00 0.000000000000000000e+00 0.000000000000000000e+00 0.000000000000000000e+00
0.000000000000000000e+00 0.000000000000000000e+00 0.000000000000000000e+00 0.000000000000000000e+00 0.000000000000000000e+00 0.000000000000000000e+00
1.064692300000000000e+07 5.179704375000000000e+05 3.482268125000000000e+05 6.505510546875000000e+04 0.000000000000000000e+00 0.000000000000000000e+00
1.003515750000000000e+06 0.000000000000000000e+00 0.000000000000000000e+00 0.000000000000000000e+00 0.000000000000000000e+00 0.000000000000000000e+00
0.000000000000000000e+00 0.000000000000000000e+00 0.000000000000000000e+00 0.000000000000000000e+00 0.000000000000000000e+00 0.000000000000000000e+00
1.212384625000000000e+06 1.170898046875000000e+05 0.000000000000000000e+00 0.000000000000000000e+00 0.000000000000000000e+00 0.000000000000000000e+00
0.000000000000000000e+00 0.000000000000000000e+00 0.000000000000000000e+00 0.000000000000000000e+00 0.000000000000000000e+00 0.000000000000000000e+00
0.000000000000000000e+00 0.000000000000000000e+00 1.006063671875000000e+05 0.000000000000000000e+00 0.000000000000000000e+00 0.000000000000000000e+00
5.931700400000000000e+07 3.142939000000000000e+07 1.959219200000000000e+07 3.077968750000000000e+06 1.499166375000000000e+06 0.000000000000000000e+00
0.000000000000000000e+00 0.000000000000000000e+00 0.000000000000000000e+00 0.000000000000000000e+00 0.000000000000000000e+00 0.000000000000000000e+00
0.000000000000000000e+00 0.000000000000000000e+00 0.000000000000000000e+00 0.000000000000000000e+00 0.000000000000000000e+00 0.000000000000000000e+00
0.000000000000000000e+00 0.000000000000000000e+00 0.000000000000000000e+00 0.000000000000000000e+00 0.000000000000000000e+00 0.000000000000000000e+00
0.000000000000000000e+00 0.000000000000000000e+00 0.000000000000000000e+00 0.000000000000000000e+00 0.000000000000000000e+00 0.000000000000000000e+00
2.944675500000000000e+06 1.994107343750000000e+05 3.539621875000000000e+05 3.405262890625000000e+04 0.000000000000000000e+00 0.000000000000000000e+00
0.000000000000000000e+00 0.000000000000000000e+00 0.000000000000000000e+00 0.000000000000000000e+00 0.000000000000000000e+00 0.000000000000000000e+00
0.000000000000000000e+00 0.000000000000000000e+00 0.000000000000000000e+00 0.000000000000000000e+00 0.000000000000000000e+00 0.000000000000000000e+00
0.000000000000000000e+00 0.000000000000000000e+00 0.000000000000000000e+00 0.000000000000000000e+00 0.000000000000000000e+00 0.000000000000000000e+00
0.000000000000000000e+00 0.000000000000000000e+00 0.000000000000000000e+00 0.000000000000000000e+00 0.000000000000000000e+00 0.000000000000000000e+00
0.000000000000000000e+00 0.000000000000000000e+00 0.000000000000000000e+00 0.000000000000000000e+00 0.000000000000000000e+00 0.000000000000000000e+00
1.316213000000000000e+06 1.934090000000000000e+05 0.000000000000000000e+00 0.000000000000000000e+00 0.000000000000000000e+00 0.000000000000000000e+00
0.000000000000000000e+00 0.000000000000000000e+00 0.000000000000000000e+00 0.000000000000000000e+00 0.000000000000000000e+00 0.000000000000000000e+00
0.000000000000000000e+00 0.000000000000000000e+00 0.000000000000000000e+00 0.000000000000000000e+00 0.000000000000000000e+00 0.000000000000000000e+00
0.000000000000000000e+00 0.000000000000000000e+00 0.000000000000000000e+00 0.000000000000000000e+00 0.000000000000000000e+00 0.000000000000000000e+00
0.000000000000000000e+00 0.000000000000000000e+00 0.000000000000000000e+00 0.000000000000000000e+00 0.000000000000000000e+00 0.000000000000000000e+00
4.640719375000000000e+05 0.000000000000000000e+00 0.000000000000000000e+00 0.000000000000000000e+00 0.000000000000000000e+00 0.000000000000000000e+00
0.000000000000000000e+00 0.000000000000000000e+00 0.000000000000000000e+00 0.000000000000000000e+00 0.000000000000000000e+00 0.000000000000000000e+00
0.000000000000000000e+00 0.000000000000000000e+00 0.000000000000000000e+00 0.000000000000000000e+00 0.000000000000000000e+00 0.000000000000000000e+00
0.000000000000000000e+00 0.000000000000000000e+00 0.000000000000000000e+00 0.000000000000000000e+00 0.000000000000000000e+00 0.000000000000000000e+00
0.000000000000000000e+00 0.000000000000000000e+00 0.000000000000000000e+00 0.000000000000000000e+00 0.000000000000000000e+00 0.000000000000000000e+00
0.000000000000000000e+00 0.000000000000000000e+00 0.000000000000000000e+00 0.000000000000000000e+00 0.000000000000000000e+00 0.000000000000000000e+00
