std1-file5 0 1858155.125000 1527.010010 156.076543  std1-file3 0 314252.437500 1543.619995 156.076747  std1-file10 0 1683174.625000 1536.800049 156.076688  std1-file2 0 205004.093750 1517.530029 156.076463  std1-file4 0 1161887.750000 1539.209961 156.076732  std1-file6 0 1399956.375000 1518.410034 156.076589  std1-file8 0 107070.687500 1535.439941 156.076635  std1-file1 0 276402.875000 1525.969971 156.076502  std1-file9 0 256599.234375 1522.329956 156.076594  
std1-file5 0 68220.468750 921.041992 659.111761  std1-file4 0 54255.320313 909.330017 659.111713  
std1-file5 0 134597.750000 2069.010010 171.005455  std1-file3 0 132152.375000 2123.459961 171.005425  std1-file10 0 136714.156250 2120.419922 171.005408  std1-file2 0 127243.968750 2108.300049 171.005465  std1-file4 0 162486.640625 2098.239990 171.005483  std1-file6 0 108670.671875 2127.850098 171.005357  std1-file8 0 108989.570313 2042.319946 171.005439  std1-file1 0 102325.281250 2121.679932 171.005452  std1-file9 0 104179.046875 2107.439941 171.005491  
std1-file5 0 2608023.750000 1038.229980 227.124743  std1-file3 0 884402.187500 1052.390015 227.125033  std1-file10 0 2961402.750000 1046.280029 227.124918  std1-file2 0 1168117.750000 1037.140015 227.124721  std1-file4 0 2345772.250000 1020.830017 227.125060  std1-file6 0 1826754.750000 1041.560059 227.124833  std1-file8 0 1822201.125000 1035.040039 227.125037  std1-file1 0 1162205.375000 1042.339966 227.124766  std1-file9 0 1224196.000000 1035.770020 227.124845  
std1-file5 0 86994.859375 2012.020020 95.046856  std1-file10 0 116076.382813 2053.129883 95.046859  std1-file4 0 102102.375000 2061.179932 95.046890  std1-file6 0 96839.851563 2049.790039 95.046865  std1-file8 0 214619.140625 2013.849976 95.046898  std1-file1 0 69293.062500 2066.060059 95.046866  std1-file9 0 76426.359375 2065.250000 95.046871  
std1-file5 0 2013823.875000 1196.410034 280.091604  std1-file3 0 394872.531250 1199.209961 280.092120  std1-file10 0 845639.875000 1188.229980 280.091884  std1-file2 0 833302.437500 1187.989990 280.091441  std1-file4 0 1486406.375000 1190.280029 280.092089  std1-file6 0 527438.812500 1185.020020 280.091703  std1-file8 0 354233.812500 1215.510010 280.092061  std1-file1 0 832643.000000 1193.170044 280.091513  std1-file9 0 724682.312500 1195.189941 280.091651  
std1-file5 0 1907341.875000 1119.589966 133.060535  std1-file3 0 653624.250000 1121.469971 133.060698  std1-file10 0 1898695.750000 1114.069946 133.060673  std1-file2 0 755441.937500 1110.750000 133.060499  std1-file4 0 2002618.875000 1112.569946 133.060716  std1-file6 0 1542786.125000 1112.390015 133.060583  std1-file8 0 1008398.375000 1116.880005 133.060705  std1-file1 0 755524.062500 1112.079956 133.060516  std1-file9 0 723934.562500 1114.219971 133.060579  
std1-file5 0 2337599.750000 1148.170044 176.102662  std1-file3 0 534724.375000 1151.750000 176.102884  std1-file10 0 2279630.250000 1143.800049 176.102848  std1-file2 0 938025.312500 1140.680054 176.102629  std1-file4 0 1272969.875000 1139.199951 176.102942  std1-file6 0 1951059.625000 1135.640015 176.102764  std1-file8 0 1018796.812500 1143.280029 176.102910  std1-file1 0 916792.937500 1138.819946 176.102662  std1-file9 0 858939.562500 1138.060059 176.102762  
std1-file5 0 172402.250000 1165.400024 487.177919  std1-file3 0 63516.527344 1182.109985 487.178729  std1-file10 0 178253.750000 1172.109985 487.178301  std1-file2 0 221922.531250 1157.229980 487.177578  std1-file4 0 1497384.000000 1169.060059 487.178479  std1-file6 0 227227.843750 1164.729980 487.178075  std1-file1 0 231576.828125 1163.810059 487.177711  std1-file9 0 214045.437500 1160.300049 487.178023  
std1-file5 0 2874224.250000 568.322021 144.065363  std1-file3 0 2577473.750000 561.953003 144.065482  std1-file10 0 3053841.000000 555.825012 144.065442  std1-file2 0 3571816.000000 564.010010 144.065351  std1-file4 0 4643884.000000 555.362000 144.065513  std1-file6 0 2451395.750000 566.822021 144.065300  std1-file8 0 1641615.750000 558.705017 144.065443  std1-file1 0 3539788.500000 559.252014 144.065372  std1-file9 0 3833303.250000 561.330017 144.065416  
std1-file5 0 573473.000000 837.161987 325.042725  std1-file3 0 168476.812500 826.073975 325.043139  std1-file10 0 244134.765625 815.442017 325.042913  std1-file2 0 269235.281250 858.383972 325.042538  std1-file4 0 1213028.000000 842.604004 325.043198  std1-file6 0 360815.218750 837.726013 325.042760  std1-file8 0 96506.148438 866.093994 325.043266  std1-file1 0 261950.437500 852.041992 325.042662  std1-file9 0 208420.375000 852.317993 325.042795  
std1-file5 0 50100.574219 890.291992 159.112468  std1-file10 0 91680.187500 882.023987 159.112616  std1-file8 0 61027.406250 881.364014 159.112631  
std1-file5 0 3604425.000000 1024.939941 148.060186  std1-file3 0 1075184.750000 1028.560059 148.060353  std1-file10 0 2714466.250000 1021.479980 148.060321  std1-file2 0 1192002.375000 1029.560059 148.060174  std1-file4 0 2605550.000000 1016.419983 148.060352  std1-file6 0 2486584.750000 1015.909973 148.060237  std1-file8 0 1540994.125000 1022.590027 148.060335  std1-file1 0 1334093.500000 1018.179993 148.060196  std1-file9 0 1285471.500000 1022.049988 148.060261  
std1-file5 0 4073292.250000 975.989990 177.101981  std1-file3 0 491382.406250 993.299988 177.102074  std1-file10 0 2944733.250000 982.806030 177.102041  std1-file2 0 1444005.875000 965.669983 177.101944  std1-file4 0 464360.312500 946.362000 177.102139  std1-file6 0 2624118.000000 973.091980 177.101998  std1-file8 0 1277487.500000 971.442017 177.102145  std1-file1 0 1468275.250000 969.270020 177.101971  std1-file9 0 1391230.375000 967.890015 177.102023  
std1-file5 0 123636.265625 791.963989 173.128217  std1-file10 0 125610.812500 781.445984 173.128289  std1-file4 0 84025.218750 789.528015 173.128368  std1-file6 0 120000.906250 782.723999 173.128162  std1-file8 0 146096.359375 787.559998 173.128322  
std1-file5 0 3301123.500000 821.796021 198.002608  std1-file3 0 865966.500000 820.122009 198.002737  std1-file10 0 1780296.250000 809.862000 198.002630  std1-file2 0 1105165.000000 810.666016 198.002621  std1-file4 0 1179701.375000 815.556030 198.002715  std1-file6 0 1396053.125000 811.062012 198.002557  std1-file8 0 1660046.875000 813.773987 198.002699  std1-file1 0 1055274.500000 813.078003 198.002642  std1-file9 0 1030880.187500 810.216003 198.002663  
std1-file5 0 330838.968750 844.109985 419.151139  std1-file3 0 52397.796875 831.924011 419.151858  std1-file4 0 261466.843750 826.848022 419.151810  std1-file7 0 53371.179688 868.817993 419.151149  
std1-file2 0 2146732.750000 970.421997 127.050009  std1-file4 0 4604959.000000 961.416016 127.050191  std1-file1 0 2138209.250000 972.443970 127.050029  
std1-file5 0 940799.375000 869.142029 174.038327  std1-file3 0 91351.421875 865.494019 174.038547  std1-file10 0 273037.000000 861.395996 174.038505  std1-file2 0 70842.015625 862.895996 174.038258  std1-file8 0 57366.125000 863.322021 174.038468  std1-file1 0 76628.437500 864.090027 174.038283  std1-file9 0 88744.718750 861.443970 174.038351  
std1-file5 0 1020753.687500 626.526001 537.168468  std1-file3 0 598852.562500 617.388000 537.169111  std1-file10 0 306755.062500 611.033997 537.168650  std1-file2 0 688885.125000 615.528015 537.168385  std1-file4 0 1585131.375000 613.013977 537.169025  std1-file6 0 346114.281250 617.513977 537.168300  std1-file8 0 291920.687500 617.729980 537.169123  std1-file1 0 700339.500000 621.192017 537.168422  std1-file9 0 702717.500000 616.182007 537.168592  
std1-file5 0 475086.656250 721.013977 465.168673  std1-file3 0 88305.593750 712.500000 465.169451  std1-file2 0 157049.375000 712.757996 465.168570  std1-file4 0 240022.281250 704.700012 465.169466  std1-file1 0 132459.703125 714.750000 465.168626  std1-file9 0 133925.296875 715.614014 465.168710  
std1-file5 0 1070432.875000 808.932007 360.149743  std1-file3 0 82648.648438 762.671997 360.150120  std1-file10 0 374020.531250 753.875977 360.149918  std1-file2 0 109773.593750 772.505981 360.149480  std1-file4 0 115894.679688 761.502014 360.150090  std1-file6 0 144591.625000 761.255981 360.149638  std1-file8 0 347211.843750 762.515991 360.150101  std1-file7 0 286101.750000 815.640015 360.149444  std1-file1 0 76678.656250 795.521973 360.149593  std1-file9 0 64739.175781 792.546021 360.149665  
std1-file2 0 57004.417969 584.429016 103.038818  std1-file1 0 71901.640625 582.606995 103.038834  std1-file9 0 66546.828125 587.765015 103.038888  
std1-file5 0 991850.375000 1010.440002 339.015865  std1-file3 0 222541.468750 991.781982 339.016407  std1-file10 0 600556.187500 988.458008 339.016158  std1-file2 0 352209.625000 1007.210022 339.015731  std1-file4 0 905524.750000 990.570007 339.016443  std1-file6 0 379580.343750 1005.929993 339.016007  std1-file8 0 397835.093750 986.633972 339.016442  std1-file7 0 63851.890625 991.122009 339.015763  std1-file1 0 324257.562500 997.242004 339.015786  std1-file9 0 275524.968750 1005.400024 339.015977  
std1-file5 0 10424769.000000 1770.609985 265.111541  std1-file3 0 3556940.500000 1813.729980 265.111835  std1-file10 0 7655857.500000 1796.130005 265.111597  std1-file2 0 4251126.500000 1767.170044 265.111400  std1-file4 0 6951047.500000 1804.550049 265.111802  std1-file6 0 4344222.000000 1766.400024 265.111524  std1-file8 0 5165376.000000 1799.189941 265.111847  std1-file1 0 3916524.000000 1768.400024 265.111466  std1-file9 0 3792455.750000 1763.630005 265.111563  
std1-file5 0 10090335.000000 337.536987 255.110031  std1-file3 0 1877884.375000 331.895996 255.110347  std1-file10 0 1865922.500000 330.708008 255.110102  std1-file2 0 2955535.500000 338.157990 255.110025  std1-file4 0 2519743.500000 334.613007 255.110321  std1-file6 0 2309139.250000 342.454987 255.109966  std1-file8 0 1851795.500000 334.312012 255.110328  std1-file1 0 2962731.250000 338.045013 255.110049  std1-file9 0 2945342.500000 338.320007 255.110129  
std1-file5 0 69860.726563 903.504028 697.100730  std1-file4 0 252164.953125 877.505981 697.100292  
std1-file3 0 126630.500000 1121.469971 216.097859  std1-file2 0 59867.292969 1102.479980 216.097353  std1-file4 0 649798.937500 1097.079956 216.097909  std1-file1 0 60580.460938 1103.709961 216.097414  std1-file9 0 61581.484375 1100.709961 216.097521  
std1-file5 0 259747.515625 1009.000000 211.037947  std1-file3 0 174328.000000 988.739990 211.038218  std1-file10 0 475014.937500 985.632019 211.038153  std1-file2 0 83581.687500 1007.210022 211.037882  std1-file4 0 367020.343750 987.719971 211.038270  std1-file6 0 413584.843750 998.807983 211.038045  std1-file8 0 394625.218750 988.013977 211.038247  std1-file1 0 63347.160156 1004.719971 211.037912  std1-file9 0 60467.570313 1006.919983 211.037983  
std1-file5 0 803661.062500 463.774994 399.126975  std1-file3 0 100126.843750 455.031006 399.127669  std1-file2 0 145003.859375 468.550995 399.126896  std1-file4 0 89941.398438 455.812988 399.127728  std1-file6 0 103151.148438 469.040985 399.126977  std1-file8 0 110232.007813 452.627014 399.127620  std1-file1 0 147779.671875 467.687012 399.126951  std1-file9 0 138227.453125 470.734985 399.127175  
std1-file5 0 996266.562500 1200.949951 537.194424  std1-file10 0 99179.875000 1191.160034 537.194943  std1-file2 0 141869.531250 1204.089966 537.194023  std1-file4 0 229796.343750 1193.349976 537.194970  std1-file6 0 84782.773438 1201.010010 537.194751  std1-file1 0 125808.273438 1198.040039 537.194266  std1-file9 0 93247.742188 1195.189941 537.194448  
std1-file5 0 350738.937500 1777.849976 399.144323  std1-file10 0 338000.625000 1790.459961 399.144385  std1-file4 0 170038.828125 1797.140015 399.144751  std1-file6 0 145857.890625 1769.209961 399.144274  
std1-file5 0 462543.781250 1425.359985 213.084230  std1-file3 0 69850.289063 1434.290039 213.084449  std1-file10 0 267243.375000 1425.959961 213.084397  std1-file4 0 324564.593750 1427.489990 213.084520  std1-file6 0 88527.781250 1412.989990 213.084203  
std1-file5 0 137503.359375 903.504028 371.035851  std1-file10 0 51354.441406 882.023987 371.036098  std1-file2 0 50005.980469 892.038025 371.035737  std1-file4 0 158548.390625 877.505981 371.036405  std1-file1 0 51616.613281 890.346008 371.035800  std1-file9 0 50417.882813 897.335999 371.035898  
std1-file5 0 1964088.250000 307.287994 355.062920  std1-file3 0 1037588.625000 290.539001 355.063708  std1-file10 0 741155.312500 290.725006 355.063159  std1-file2 0 1858829.500000 314.700989 355.062933  std1-file4 0 2846622.250000 298.263000 355.063614  std1-file6 0 1300759.625000 310.752991 355.062903  std1-file8 0 1310951.250000 296.100006 355.063514  std1-file1 0 1794847.125000 312.756012 355.063009  std1-file9 0 1671547.125000 311.218994 355.063130  
std1-file5 0 86817.781250 348.062012 109.075938  std1-file1 0 54219.816406 353.295990 109.075923  
std1-file5 0 320085.312500 1384.209961 162.075784  std1-file3 0 55358.937500 1396.910034 162.075940  std1-file10 0 190221.234375 1389.199951 162.075926  std1-file2 0 102308.156250 1374.579956 162.075671  std1-file4 0 128983.265625 1391.670044 162.076010  std1-file6 0 127578.148438 1375.369995 162.075768  std1-file1 0 107283.359375 1375.699951 162.075710  std1-file9 0 105518.109375 1374.819946 162.075804  
std1-file5 0 2874552.750000 2645.260010 146.165022  std1-file10 0 2414427.000000 2709.830078 146.165056  std1-file2 0 148354.437500 2657.439941 146.164855  std1-file6 0 1597520.625000 2678.290039 146.164907  std1-file1 0 123403.593750 2658.080078 146.164875  std1-file9 0 128713.882813 2655.560059 146.164985  
std1-file5 0 541133.437500 1776.400024 200.075701  std1-file3 0 116251.718750 1802.859985 200.075814  std1-file10 0 899258.437500 1793.300049 200.075810  std1-file2 0 51213.406250 1773.229980 200.075530  std1-file4 0 678968.000000 1797.140015 200.075887  std1-file6 0 1324581.625000 1772.030029 200.075719  std1-file9 0 52679.207031 1769.780029 200.075646  
std1-file5 0 1623698.500000 867.635986 152.056416  std1-file3 0 341753.812500 868.908020 152.056617  std1-file10 0 1147047.500000 862.872009 152.056556  std1-file2 0 292840.156250 865.926025 152.056392  std1-file4 0 181889.781250 864.546021 152.056640  std1-file6 0 488184.343750 864.978027 152.056447  std1-file8 0 537519.812500 868.872009 152.056571  std1-file1 0 303875.281250 862.572021 152.056422  std1-file9 0 300150.718750 862.973999 152.056458  
std1-file5 0 84158.648438 2654.449951 210.084810  std1-file10 0 51403.496094 2698.360107 210.084855  
std1-file5 0 117512.359375 988.133972 251.036172  std1-file10 0 67622.039063 969.906006 251.036362  
std1-file5 0 8752750.000000 1068.800049 189.123041  std1-file3 0 2451715.250000 1082.650024 189.123285  std1-file10 0 5075049.000000 1072.540039 189.123230  std1-file2 0 3507782.750000 1060.310059 189.123049  std1-file4 0 6583211.000000 1056.979980 189.123322  std1-file6 0 4922558.000000 1066.010010 189.123132  std1-file8 0 2888343.750000 1064.099976 189.123307  std1-file1 0 3611042.500000 1067.439941 189.123070  std1-file9 0 3576098.500000 1062.469971 189.123164  
std1-file5 0 2495707.250000 1425.359985 191.102363  std1-file3 0 829590.250000 1432.619995 191.102575  std1-file10 0 2550670.250000 1425.959961 191.102483  std1-file2 0 315903.875000 1420.400024 191.102232  std1-file4 0 3410908.500000 1427.489990 191.102574  std1-file6 0 2483231.500000 1412.989990 191.102371  std1-file8 0 98282.320313 1426.569946 191.102459  std1-file1 0 322827.468750 1422.199951 191.102288  std1-file9 0 415287.875000 1420.869995 191.102358  
std1-file5 0 102433.718750 1425.359985 137.081294  std1-file3 0 68733.570313 1432.619995 137.081449  std1-file10 0 373668.062500 1427.420044 137.081442  std1-file4 0 383010.062500 1427.489990 137.081477  std1-file6 0 310714.062500 1412.989990 137.081340  
std1-file5 0 272502.625000 1589.930054 197.100606  std1-file10 0 204796.375000 1598.599976 197.100758  std1-file4 0 126916.609375 1604.839966 197.100780  std1-file6 0 72239.890625 1588.900024 197.100582  
std1-file5 0 9371853.000000 799.002014 205.096893  std1-file3 0 1314508.125000 796.434021 205.097095  std1-file10 0 6778014.500000 787.109985 205.097007  std1-file2 0 3836633.750000 788.789978 205.096871  std1-file4 0 2629572.500000 790.973999 205.097101  std1-file6 0 5589971.500000 786.978027 205.096919  std1-file8 0 3115751.500000 790.325989 205.097145  std1-file1 0 3619928.500000 786.726013 205.096894  std1-file9 0 3434698.750000 789.612000 205.096933  
std1-file5 0 11088355.000000 793.374023 132.101788  std1-file3 0 3578135.500000 791.778015 132.101855  std1-file10 0 8709418.000000 780.030029 132.101831  std1-file2 0 5753966.000000 782.921997 132.101754  std1-file4 0 6561318.000000 785.177979 132.101881  std1-file6 0 9668475.000000 781.307983 132.101742  std1-file8 0 8432406.000000 786.179993 132.101847  std1-file7 0 5204136.500000 840.581970 132.101780  std1-file1 0 5921166.000000 783.773987 132.101770  std1-file9 0 6075652.500000 783.702026 132.101793  
std1-file5 0 95757.726563 751.205994 207.112516  std1-file10 0 90469.984375 743.765991 207.112615  std1-file4 0 113193.804688 746.934021 207.112705  std1-file6 0 72744.492188 744.059998 207.112463  std1-file8 0 57308.042969 749.994019 207.112705  
std1-file3 0 68550.875000 2071.510010 94.049624  std1-file10 0 84891.242188 2058.750000 94.049760  std1-file8 0 131537.234375 2023.339966 94.049782  
std1-file5 0 198893.156250 1770.609985 153.572585  std1-file3 0 135501.062500 1812.189941 153.572686  std1-file10 0 265786.062500 1797.540039 153.572679  std1-file2 0 105966.617188 1761.079956 153.572478  std1-file4 0 514927.000000 1804.550049 153.572735  std1-file6 0 177453.328125 1773.430054 153.572538  std1-file8 0 130281.312500 1796.449951 153.572635  std1-file1 0 87294.164063 1771.459961 153.572478  std1-file9 0 93493.593750 1772.869995 153.572574  
std1-file5 0 814498.500000 1177.800049 142.026191  std1-file3 0 188018.203125 1188.920044 142.026357  std1-file10 0 689883.187500 1172.109985 142.026339  std1-file2 0 266703.031250 1175.099976 142.026097  std1-file4 0 791782.437500 1167.550049 142.026382  std1-file6 0 731009.125000 1160.380005 142.026227  std1-file8 0 55762.902344 1229.390015 142.026266  std1-file1 0 253945.062500 1180.209961 142.026131  std1-file9 0 258817.296875 1168.660034 142.026199  
std1-file5 0 412713.750000 463.774994 229.081582  std1-file3 0 487301.218750 456.592987 229.081958  std1-file10 0 256070.718750 458.734009 229.081744  std1-file2 0 226785.359375 471.618011 229.081540  std1-file4 0 691139.750000 455.812988 229.082020  std1-file6 0 590761.187500 467.562988 229.081582  std1-file8 0 1000788.437500 458.242004 229.081848  std1-file1 0 243184.250000 472.308990 229.081570  std1-file9 0 208076.312500 467.630005 229.081649  
std1-file5 0 63411.894531 1603.569946 115.086429  std1-file10 0 255343.609375 1616.060059 115.086525  std1-file4 0 199859.562500 1615.750000 115.086562  std1-file6 0 188949.921875 1596.069946 115.086440  
std1-file5 0 4931428.000000 816.078003 152.070438  std1-file3 0 1135604.125000 812.286011 152.070529  std1-file10 0 2672503.750000 802.806030 152.070505  std1-file2 0 1557640.125000 804.846008 152.070419  std1-file4 0 2167984.250000 806.945984 152.070542  std1-file6 0 2162306.000000 803.994019 152.070411  std1-file8 0 2461254.000000 806.903992 152.070511  std1-file1 0 1355942.000000 804.323975 152.070433  std1-file9 0 1328787.375000 804.335999 152.070465  
std1-file5 0 323435.562500 1119.589966 155.042395  std1-file2 0 76084.414063 1112.390015 155.042278  std1-file1 0 68344.757813 1123.790039 155.042308  std1-file9 0 72211.054688 1112.530029 155.042397  
std1-file5 0 4034175.500000 1770.609985 133.059408  std1-file3 0 2472289.750000 1813.729980 133.059471  std1-file10 0 2872144.000000 1798.959961 133.059467  std1-file2 0 3318968.750000 1767.170044 133.059315  std1-file4 0 7511134.000000 1806.030029 133.059491  std1-file6 0 3508882.750000 1773.430054 133.059378  std1-file8 0 1759030.875000 1799.189941 133.059457  std1-file1 0 3345997.000000 1768.400024 133.059345  std1-file9 0 3010471.500000 1769.780029 133.059397  
std1-file5 0 103698.382813 529.835022 153.040376  std1-file3 0 62067.175781 520.572998 153.040569  std1-file4 0 122595.164063 516.005005 153.040622  std1-file6 0 55278.160156 520.044983 153.040306  std1-file9 0 53031.589844 523.757019 153.040446  
std1-file5 0 126531.101563 1589.930054 88.063013  std1-file3 0 76779.125000 1609.380005 88.063139  std1-file10 0 186806.156250 1600.060059 88.063093  std1-file4 0 310370.312500 1604.839966 88.063128  std1-file6 0 193759.078125 1588.900024 88.063017  
std1-file5 0 7237717.500000 903.504028 136.061644  std1-file3 0 3730082.250000 910.968018 136.061761  std1-file10 0 6633999.500000 899.447998 136.061726  std1-file2 0 2633905.000000 893.562012 136.061601  std1-file4 0 3293931.000000 893.357971 136.061805  std1-file6 0 3471986.000000 896.676025 136.061644  std1-file8 0 3976346.750000 900.809998 136.061754  std1-file1 0 2821307.250000 896.471985 136.061624  std1-file9 0 2740162.500000 894.234009 136.061691  
std1-file5 0 3126608.000000 1589.930054 175.118726  std1-file3 0 759233.625000 1611.040039 175.118923  std1-file10 0 2241368.250000 1601.510010 175.118845  std1-file2 0 502142.875000 1584.349976 175.118665  std1-file4 0 3086754.500000 1601.739990 175.118888  std1-file6 0 1738816.750000 1583.189941 175.118765  std1-file8 0 154294.046875 1601.479980 175.118829  std1-file1 0 497636.187500 1585.760010 175.118697  std1-file9 0 544805.312500 1586.890015 175.118781  
std1-file5 0 368453.812500 906.426025 148.096564  std1-file3 0 161491.265625 915.797974 148.096700  std1-file10 0 464543.031250 909.588013 148.096659  std1-file2 0 102208.007813 896.507996 148.096494  std1-file4 0 100016.375000 871.776001 148.096728  std1-file6 0 173306.156250 898.104004 148.096540  std1-file8 0 307036.562500 892.476013 148.096673  std1-file1 0 113961.726563 896.471985 148.096525  std1-file9 0 121347.523438 895.788025 148.096598  
std1-file5 0 320073.218750 1527.010010 178.058412  std1-file10 0 176739.765625 1536.800049 178.058516  std1-file4 0 90649.929688 1537.619995 178.058571  
std1-file5 0 600258.250000 1027.859985 348.069891  std1-file3 0 91307.445313 1023.479980 348.070475  std1-file10 0 304965.843750 1015.669983 348.070211  std1-file2 0 209499.796875 1034.099976 348.069719  std1-file4 0 313316.218750 1007.710022 348.070451  std1-file6 0 348817.312500 1015.909973 348.070049  std1-file8 0 79878.562500 1086.310059 348.070486  std1-file1 0 204909.078125 1031.650024 348.069874  std1-file9 0 197380.234375 1028.099976 348.069975  
std1-file5 0 1056232.500000 424.487000 243.097103  std1-file3 0 799219.875000 414.016998 243.097604  std1-file10 0 344607.375000 414.079010 243.097356  std1-file2 0 525669.875000 423.230011 243.097102  std1-file4 0 1008747.062500 416.040985 243.097623  std1-file6 0 956533.500000 421.420990 243.097161  std1-file8 0 1289020.500000 413.049988 243.097483  std1-file7 0 1506181.750000 358.290985 243.097219  std1-file1 0 493239.656250 421.990997 243.097142  std1-file9 0 468813.781250 424.544006 243.097266  
std1-file5 0 59478.382813 2009.109985 94.041216  std1-file3 0 71314.554688 2074.570068 94.041126  std1-file8 0 149785.078125 2021.979980 94.041230  
std1-file3 0 101147.140625 1391.800049 282.118386  std1-file2 0 67022.054688 1390.339966 282.117641  std1-file4 0 877650.750000 1385.359985 282.118388  std1-file1 0 59892.054688 1390.099976 282.117707  std1-file9 0 66970.656250 1386.319946 282.117841  
std1-file5 0 574217.500000 1148.170044 198.084563  std1-file10 0 225941.437500 1143.800049 198.084730  std1-file2 0 204579.671875 1137.339966 198.084539  std1-file4 0 67818.828125 1142.400024 198.084729  std1-file6 0 150293.125000 1134.180054 198.084596  std1-file8 0 71355.976563 1144.670044 198.084777  std1-file1 0 206950.515625 1140.510010 198.084560  std1-file9 0 198396.750000 1138.060059 198.084639  
std1-file5 0 123341.320313 1119.589966 87.055140  std1-file10 0 52898.398438 1117.030029 87.055253  std1-file2 0 53990.363281 1109.099976 87.055090  std1-file4 0 123445.414063 1112.569946 87.055306  std1-file6 0 50957.984375 1106.589966 87.055157  std1-file1 0 53966.277344 1118.780029 87.055113  std1-file9 0 60532.546875 1110.849976 87.055167  
std1-file5 0 2748293.500000 921.041992 330.059378  std1-file3 0 1032275.875000 907.799988 330.059941  std1-file10 0 1627483.250000 902.333984 330.059612  std1-file2 0 1182959.750000 919.187988 330.059290  std1-file4 0 3096379.250000 904.961975 330.059924  std1-file6 0 1205307.000000 921.078003 330.059466  std1-file8 0 1211063.375000 909.132019 330.059868  std1-file7 0 653659.312500 955.901978 330.059206  std1-file1 0 1215673.625000 923.807983 330.059325  std1-file9 0 1099240.875000 921.911987 330.059497  
std1-file5 0 7649340.000000 749.765991 365.105109  std1-file3 0 1951059.375000 757.937988 365.105656  std1-file10 0 2884960.500000 750.978027 365.105236  std1-file2 0 3844846.750000 758.892029 365.104941  std1-file4 0 2270430.500000 754.236023 365.105591  std1-file6 0 3043415.000000 755.526001 365.105075  std1-file8 0 1870203.125000 752.771973 365.105661  std1-file7 0 1354448.500000 761.771973 365.104939  std1-file1 0 3497350.250000 756.575989 365.105024  std1-file9 0 3844658.500000 756.330017 365.105112  
std1-file5 0 1113177.375000 1168.500000 266.074310  std1-file3 0 230048.953125 1182.109985 266.074755  std1-file10 0 386586.625000 1172.109985 266.074530  std1-file2 0 361933.375000 1158.839966 266.074165  std1-file4 0 199702.765625 1164.520020 266.074667  std1-file6 0 194952.875000 1154.589966 266.074321  std1-file8 0 222363.734375 1168.280029 266.074696  std1-file1 0 340702.812500 1163.810059 266.074236  std1-file9 0 316231.281250 1158.619995 266.074334  
std1-file5 0 1453616.125000 983.627991 126.021873  std1-file3 0 520805.750000 979.427979 126.021938  std1-file10 0 1106874.500000 969.906006 126.021915  std1-file2 0 503958.312500 978.330017 126.021810  std1-file4 0 689547.937500 971.880005 126.022020  std1-file6 0 740615.500000 975.978027 126.021842  std1-file8 0 662496.875000 970.056030 126.021920  std1-file7 0 475690.718750 1026.969971 126.021872  std1-file1 0 508785.531250 975.612000 126.021838  std1-file9 0 456299.843750 975.953979 126.021890  
std1-file5 0 941199.812500 625.056030 291.069509  std1-file3 0 381512.343750 617.388000 291.070010  std1-file10 0 512836.062500 611.033997 291.069710  std1-file2 0 340050.500000 619.986023 291.069559  std1-file4 0 341393.656250 615.893982 291.070099  std1-file6 0 373875.906250 617.513977 291.069524  std1-file8 0 620535.312500 617.729980 291.069911  std1-file1 0 334877.281250 616.697998 291.069606  std1-file9 0 381968.375000 616.182007 291.069733  
std1-file5 0 239223.640625 1042.770020 249.106687  std1-file3 0 63126.085938 1050.729980 249.107104  std1-file10 0 58137.812500 1043.380005 249.106784  
std1-file5 0 17091138.000000 751.205994 166.086094  std1-file3 0 7916746.000000 753.161987 166.086225  std1-file10 0 10890863.000000 743.765991 166.086174  std1-file2 0 9245226.000000 742.271973 166.086040  std1-file4 0 14120136.000000 748.403992 166.086252  std1-file6 0 13231864.000000 744.059998 166.086064  std1-file8 0 8445030.000000 747.216003 166.086190  std1-file7 0 7668053.000000 774.588013 166.086082  std1-file1 0 8890080.000000 741.377991 166.086060  std1-file9 0 8731136.000000 744.083984 166.086136  
std1-file5 0 200046.703125 1187.150024 346.040487  std1-file10 0 77605.250000 1182.369995 346.040848  std1-file4 0 93700.953125 1179.609985 346.041115  
std1-file5 0 3594714.250000 626.526001 269.087665  std1-file3 0 3442637.250000 617.388000 269.088075  std1-file10 0 3185594.000000 611.033997 269.087778  std1-file2 0 2761971.000000 619.986023 269.087686  std1-file4 0 7601657.000000 613.013977 269.088089  std1-file6 0 4056663.750000 616.067993 269.087633  std1-file8 0 4431575.000000 617.729980 269.088038  std1-file1 0 2708771.250000 616.697998 269.087709  std1-file9 0 2646946.500000 617.682007 269.087800  
std1-file5 0 721128.062500 337.536987 465.249513  std1-file3 0 279573.750000 343.026001 465.250125  std1-file2 0 603422.125000 351.852997 465.249276  std1-file4 0 864616.437500 343.376007 465.249938  std1-file6 0 420141.031250 349.839996 465.249239  std1-file8 0 217506.609375 344.102997 465.250044  std1-file1 0 608700.750000 345.691010 465.249341  std1-file9 0 624618.125000 342.950012 465.249505  
std1-file5 0 54417.843750 852.677979 347.024524  std1-file4 0 71403.757813 842.604004 347.025201  
std1-file5 0 1541257.500000 447.135010 227.052191  std1-file3 0 408976.562500 442.276001 227.052576  std1-file10 0 201780.656250 421.410004 227.052469  std1-file2 0 397579.250000 448.612000 227.052230  std1-file4 0 389632.593750 438.380005 227.052614  std1-file6 0 177198.203125 449.942993 227.052151  std1-file8 0 739739.875000 441.375000 227.052460  std1-file1 0 383751.000000 447.634003 227.052258  std1-file9 0 421183.281250 447.371002 227.052373  
std1-file5 0 670926.937500 1580.880005 119.081392  std1-file3 0 127021.937500 1597.680054 119.081501  std1-file10 0 985963.437500 1591.310059 119.081485  std1-file2 0 50682.750000 1576.449951 119.081267  std1-file4 0 457172.218750 1593.949951 119.081505  
std1-file5 0 546790.250000 1127.359985 102.054778  std1-file3 0 217277.031250 1148.160034 102.054852  std1-file10 0 378752.750000 1137.859985 102.054890  std1-file2 0 260112.875000 1122.349976 102.054746  std1-file4 0 439246.375000 1121.810059 102.054934  std1-file6 0 534847.250000 1125.489990 102.054870  std1-file8 0 288632.843750 1132.150024 102.054935  std1-file1 0 294481.187500 1128.800049 102.054768  std1-file9 0 302949.812500 1121.000000 102.054805  
std1-file5 0 774426.062500 355.463989 179.081233  std1-file3 0 297017.093750 352.290985 179.081449  std1-file10 0 386063.343750 369.670990 179.081367  std1-file2 0 241389.703125 356.398010 179.081197  std1-file4 0 203969.750000 356.463989 179.081409  std1-file6 0 946727.437500 360.096985 179.081215  std1-file8 0 448383.031250 351.070007 179.081375  std1-file1 0 258563.531250 357.842987 179.081239  std1-file9 0 284952.093750 356.746002 179.081295  
std1-file5 0 225686.500000 1050.410034 74.060014  std1-file3 0 82354.460938 1054.040039 74.060072  std1-file2 0 131357.625000 1052.510010 74.059983  std1-file4 0 215114.796875 1043.410034 74.060082  std1-file1 0 141536.125000 1051.680054 74.059997  std1-file9 0 142007.484375 1054.540039 74.060020  
std1-file5 0 672574.125000 1954.699951 89.107225  std1-file3 0 125372.460938 1992.410034 89.107325  std1-file10 0 916241.812500 1981.489990 89.107280  std1-file2 0 73469.875000 1942.609985 89.107148  std1-file4 0 418971.218750 1984.510010 89.107341  std1-file6 0 535339.250000 1949.400024 89.107216  std1-file8 0 240378.687500 1967.630005 89.107277  std1-file1 0 73971.023438 1948.920044 89.107178  std1-file9 0 80781.609375 1947.300049 89.107251  
std1-file5 0 67310.617188 1058.119995 116.033990  std1-file4 0 61913.156250 1050.959961 116.034156  
std1-file5 0 379424.625000 1044.290039 136.047947  std1-file3 0 144862.640625 1055.709961 136.048071  std1-file10 0 141482.234375 1041.939941 136.048010  std1-file6 0 58645.125000 1113.849976 136.047854  std1-file8 0 201793.062500 1040.569946 136.048046  
std1-file5 0 506244.437500 353.989014 167.033625  std1-file3 0 584529.000000 344.563995 167.033864  std1-file10 0 201505.453125 372.613007 167.033732  std1-file2 0 375943.093750 357.912994 167.033660  std1-file4 0 842247.000000 349.170990 167.033851  std1-file6 0 838989.875000 360.096985 167.033626  std1-file8 0 700639.500000 345.497009 167.033811  std1-file1 0 383550.125000 357.842987 167.033675  std1-file9 0 379042.656250 356.746002 167.033743  
std1-file5 0 175549.250000 1058.119995 88.039165  std1-file10 0 62870.910156 1053.500000 88.039261  std1-file2 0 68988.406250 1052.510010 88.039122  std1-file4 0 207124.296875 1050.959961 88.039309  std1-file6 0 64039.914063 1050.180054 88.039174  std1-file1 0 74966.234375 1054.810059 88.039150  std1-file9 0 77866.429688 1054.540039 88.039213  
std1-file5 0 832265.750000 336.074005 165.054440  std1-file3 0 264877.406250 331.895996 165.054608  std1-file10 0 80846.406250 333.705994 165.054451  std1-file2 0 728096.375000 336.628998 165.054428  std1-file4 0 716953.250000 333.114014 165.054619  std1-file6 0 224729.765625 336.524994 165.054349  std1-file1 0 766194.000000 339.582001 165.054440  std1-file9 0 775217.125000 338.320007 165.054536  
std1-file5 0 5990114.500000 355.463989 138.054789  std1-file3 0 1271393.625000 352.290985 138.054932  std1-file10 0 1411433.000000 371.141998 138.054890  std1-file2 0 3331857.250000 356.398010 138.054804  std1-file4 0 1177734.250000 356.463989 138.054939  std1-file6 0 4718458.000000 357.153992 138.054773  std1-file8 0 1280461.000000 351.070007 138.054881  std1-file1 0 3481649.500000 356.325989 138.054817  std1-file9 0 3485668.250000 356.746002 138.054879  
std1-file5 0 4737714.000000 839.934021 150.058174  std1-file3 0 1104822.000000 834.875977 150.058302  std1-file10 0 2842978.500000 826.596008 150.058235  std1-file2 0 1515335.875000 827.880005 150.058168  std1-file4 0 2221605.500000 831.083984 150.058275  std1-file6 0 2183911.000000 827.880005 150.058150  std1-file8 0 2523531.250000 830.177979 150.058280  std1-file1 0 1463159.125000 828.869995 150.058186  std1-file9 0 1351845.750000 827.526001 150.058227  
std1-file5 0 62424.222656 1055.030029 135.047808  std1-file10 0 53585.671875 1054.959961 135.047935  std1-file4 0 97587.382813 1049.449951 135.047959  
std1-file5 0 6946691.000000 888.815979 118.086087  std1-file3 0 2951643.500000 890.148010 118.086212  std1-file10 0 5477391.000000 883.481995 118.086172  std1-file2 0 1979125.625000 893.562012 118.086049  std1-file4 0 2498241.500000 867.443970 118.086223  std1-file6 0 4060460.750000 882.323975 118.086091  std1-file8 0 4251941.500000 879.971985 118.086184  std1-file1 0 2122830.750000 893.411987 118.086066  std1-file9 0 2183903.750000 891.138000 118.086125  
std1-file5 0 1696881.625000 842.711975 232.061121  std1-file3 0 446143.312500 834.875977 232.061382  std1-file10 0 864658.437500 835.080017 232.061226  std1-file2 0 531179.062500 832.158020 232.061095  std1-file4 0 417644.687500 825.437988 232.061357  std1-file6 0 610537.125000 825.083984 232.061121  std1-file8 0 614451.687500 830.177979 232.061337  std1-file7 0 648982.250000 865.770020 232.061064  std1-file1 0 543529.312500 841.776001 232.061098  std1-file9 0 587029.250000 836.148010 232.061208  
std1-file5 0 195863.281250 869.142029 325.087409  std1-file7 0 148217.125000 972.737976 325.087515  
std1-file3 0 1244473.375000 542.013000 245.076206  std1-file10 0 1072961.000000 534.151001 245.076099  std1-file8 0 1309255.250000 540.479980 245.076541  
std1-file10 0 221907.343750 1980.050049 86.083798  std1-file6 0 319506.343750 1960.719971 86.083692  
std1-file5 0 136084.734375 1425.359985 116.568051  std1-file3 0 80172.882813 1434.290039 116.568158  std1-file10 0 319010.187500 1424.510010 116.568154  std1-file4 0 378394.687500 1427.489990 116.568208  std1-file6 0 310986.875000 1417.300049 116.568064  
std1-file5 0 134760.796875 1589.930054 108.576249  std1-file3 0 105960.968750 1611.040039 108.576389  std1-file10 0 444404.593750 1600.060059 108.576348  std1-file4 0 501678.718750 1601.739990 108.576365  std1-file6 0 315832.500000 1583.189941 108.576257  std1-file8 0 58004.664063 1597.359985 108.576258  
std1-file3 0 309327.718750 915.797974 325.150809  std1-file4 0 1232598.875000 873.210022 325.150763  std1-file9 0 54402.613281 900.419983 325.150255  
std1-file5 0 159797.953125 1603.569946 94.573177  std1-file3 0 99100.164063 1624.290039 94.573270  std1-file10 0 391032.593750 1616.060059 94.573270  std1-file4 0 371992.687500 1618.880005 94.573287  std1-file6 0 369439.312500 1600.359985 94.573218  
std1-file5 0 857483.187500 845.513977 441.133198  std1-file3 0 114589.101563 834.875977 441.133861  std1-file10 0 120885.359375 832.236023 441.133597  std1-file2 0 127013.492188 832.158020 441.133155  std1-file4 0 154234.203125 828.257996 441.133743  std1-file6 0 78854.335938 846.234009 441.133322  std1-file7 0 355520.812500 868.817993 441.133182  std1-file1 0 118085.640625 830.297974 441.133248  std1-file9 0 109308.085938 836.148010 441.133412  
std1-file2 0 318714.843750 7.272720 75.080378  std1-file1 0 570343.000000 11.758100 75.080399  
std1-file5 0 226006.671875 1349.040039 241.030645  std1-file10 0 240489.390625 1347.719971 241.030887  std1-file4 0 165708.750000 1343.680054 241.031023  std1-file6 0 157376.671875 1340.500000 241.030737  
std1-file5 0 4029650.250000 842.711975 210.079216  std1-file3 0 1350393.875000 833.393982 210.079442  std1-file10 0 1540797.125000 828.000000 210.079299  std1-file2 0 1580260.875000 832.158020 210.079189  std1-file4 0 3137348.250000 825.437988 210.079402  std1-file6 0 1096757.000000 832.091980 210.079180  std1-file8 0 1213787.250000 827.435974 210.079391  std1-file7 0 1137624.500000 868.817993 210.079089  std1-file1 0 1495926.625000 831.726013 210.079213  std1-file9 0 1418385.375000 831.828003 210.079255  
std1-file5 0 344772.093750 626.526001 559.150173  std1-file3 0 58880.628906 622.049988 559.150830  std1-file10 0 77255.328125 605.231995 559.150496  std1-file2 0 89015.429688 614.046021 559.150241  std1-file4 0 52381.671875 617.333984 559.150700  std1-file8 0 61932.015625 612.138000 559.150753  std1-file1 0 74467.882813 613.721985 559.150125  std1-file9 0 85089.046875 616.182007 559.150411  
std1-file4 0 460931.250000 867.443970 210.016114  std1-file6 0 150653.265625 864.978027 210.015832  
std1-file5 0 71338.054688 983.627991 167.048201  std1-file3 0 57108.359375 981.023987 167.048617  std1-file10 0 169973.062500 969.906006 167.048507  std1-file4 0 52536.003906 971.880005 167.048473  std1-file6 0 69076.203125 970.205994 167.048229  std1-file8 0 122276.578125 971.442017 167.048415  
std1-file5 0 681189.437500 1384.209961 202.068271  std1-file3 0 63220.101563 1396.910034 202.068452  std1-file10 0 98814.101563 1389.199951 202.068367  std1-file4 0 99546.390625 1391.670044 202.068464  
std1-file4 0 67382.601563 447.109985 165.065760  std1-file8 0 59831.332031 448.415009 165.065668  std1-file7 0 66973.890625 374.532990 165.065627  
std1-file5 0 1483404.500000 463.774994 377.145145  std1-file3 0 675945.500000 455.031006 377.145772  std1-file10 0 267687.687500 457.225006 377.145250  std1-file2 0 960573.937500 468.550995 377.145075  std1-file4 0 1563503.750000 450.007996 377.145684  std1-file6 0 601159.937500 464.628998 377.145050  std1-file8 0 723587.937500 452.627014 377.145691  std1-file1 0 961732.875000 464.618011 377.145130  std1-file9 0 798706.062500 470.734985 377.145245  
std1-file3 0 197054.812500 791.778015 160.107958  std1-file4 0 308984.531250 783.719971 160.107988  std1-file8 0 132787.937500 783.414001 160.107871  
std1-file5 0 280680.625000 343.479004 116.106849  std1-file3 0 141546.875000 338.347992 116.106935  std1-file10 0 191595.515625 336.720001 116.106893  std1-file2 0 93529.359375 345.782013 116.106811  std1-file4 0 343807.093750 349.170990 116.106969  std1-file6 0 257411.546875 343.931000 116.106798  std1-file8 0 253081.453125 338.518005 116.106906  std1-file1 0 144437.796875 344.165985 116.106824  std1-file9 0 208932.406250 341.410004 116.106883  
std1-file5 0 1281227.750000 338.998993 487.231328  std1-file3 0 91948.632813 330.278015 487.232044  std1-file10 0 103823.593750 330.708008 487.231480  std1-file2 0 358802.750000 339.683014 487.231038  std1-file4 0 206264.640625 334.613007 487.231704  std1-file6 0 118736.851563 340.973999 487.231215  std1-file8 0 134785.328125 334.312012 487.231899  std1-file1 0 389313.250000 338.045013 487.231143  std1-file9 0 265208.312500 338.320007 487.231354  
std1-file5 0 7389217.000000 456.359009 124.039167  std1-file3 0 4211610.500000 448.751007 124.039312  std1-file10 0 1434675.625000 427.273987 124.039278  std1-file2 0 4718499.500000 454.772003 124.039163  std1-file4 0 5548286.000000 447.109985 124.039324  std1-file6 0 6286897.000000 455.816010 124.039146  std1-file8 0 4988153.000000 448.415009 124.039269  std1-file1 0 4767017.000000 455.389008 124.039180  std1-file9 0 4708188.000000 455.213989 124.039238  
std1-file5 0 5557930.000000 951.317993 116.070451  std1-file3 0 3641553.500000 950.502014 116.070566  std1-file10 0 3878283.000000 942.059998 116.070551  std1-file2 0 3051500.750000 940.614014 116.070426  std1-file4 0 8627683.000000 930.023987 116.070596  std1-file6 0 4562971.500000 938.357971 116.070470  std1-file8 0 3707347.500000 939.599976 116.070561  std1-file1 0 3220678.250000 951.731995 116.070454  std1-file9 0 3192488.000000 950.142029 116.070495  
std1-file10 0 1084112.625000 835.080017 146.092325  std1-file4 0 192662.375000 839.693970 146.092327  
std1-file5 0 17466296.000000 337.536987 233.128216  std1-file3 0 4606176.000000 331.895996 233.128499  std1-file10 0 5221381.500000 330.708008 233.128278  std1-file2 0 7609486.500000 339.683014 233.128175  std1-file4 0 7511820.000000 339.022003 233.128504  std1-file6 0 7520684.500000 340.973999 233.128173  std1-file8 0 6007172.000000 332.907990 233.128424  std1-file1 0 7908619.500000 338.045013 233.128184  std1-file9 0 7869950.000000 338.320007 233.128335  
std1-file5 0 343620.968750 869.142029 168.989346  std1-file3 0 77203.781250 868.908020 168.989539  std1-file2 0 211492.953125 896.507996 168.989414  std1-file4 0 1715431.000000 867.443970 168.989685  std1-file6 0 591316.812500 864.978027 168.989435  std1-file1 0 216263.140625 885.713989 168.989437  std1-file9 0 198948.250000 883.307983 168.989533  
std1-file5 0 968979.625000 1606.619995 147.112568  std1-file3 0 251831.203125 1624.290039 147.112740  std1-file10 0 1083845.250000 1616.060059 147.112705  std1-file2 0 82559.726563 1600.229980 147.112442  std1-file4 0 992975.562500 1618.880005 147.112727  std1-file6 0 865675.250000 1601.780029 147.112608  std1-file8 0 56561.886719 1622.099976 147.112627  std1-file1 0 113413.335938 1605.050049 147.112491  std1-file9 0 105715.406250 1600.040039 147.112593  
std1-file5 0 1916811.625000 1168.500000 244.092457  std1-file3 0 1162338.250000 1180.410034 244.092836  std1-file10 0 1987507.375000 1172.109985 244.092636  std1-file2 0 1134400.125000 1160.469971 244.092348  std1-file4 0 3423962.500000 1166.040039 244.092816  std1-file6 0 1701878.375000 1161.829956 244.092517  std1-file8 0 1446594.625000 1166.890015 244.092854  std1-file1 0 1053706.125000 1160.530029 244.092406  std1-file9 0 982727.812500 1158.619995 244.092497  
std1-file5 0 951135.062500 1168.500000 509.159915  std1-file3 0 84776.695313 1180.410034 509.160815  std1-file10 0 148079.500000 1172.109985 509.160301  std1-file2 0 275379.281250 1157.229980 509.159551  std1-file4 0 53320.417969 1169.060059 509.160567  std1-file6 0 79127.984375 1157.479980 509.160025  std1-file1 0 290128.968750 1163.810059 509.159725  std1-file9 0 224153.046875 1160.300049 509.159920  
std1-file5 0 1659617.125000 466.717010 291.104589  std1-file3 0 157329.687500 505.447998 291.105005  std1-file2 0 385054.656250 517.556030 291.104476  std1-file4 0 317079.750000 503.936005 291.105030  std1-file6 0 408361.875000 469.040985 291.104557  std1-file8 0 160347.031250 458.242004 291.104891  std1-file1 0 383592.812500 520.247009 291.104575  std1-file9 0 384903.906250 509.411987 291.104689  
std1-file5 0 12076275.000000 791.963989 263.073458  std1-file3 0 1279915.000000 787.049988 263.073732  std1-file10 0 1963800.875000 777.179993 263.073522  std1-file2 0 2418435.500000 782.921997 263.073406  std1-file4 0 1286224.750000 780.791992 263.073726  std1-file6 0 2020410.500000 782.723999 263.073422  std1-file8 0 1916483.750000 783.414001 263.073775  std1-file1 0 2236293.750000 820.302002 263.073527  std1-file9 0 2438011.000000 786.666016 263.073468  
std1-file5 0 1241615.875000 903.504028 349.053992  std1-file3 0 419869.687500 888.539978 349.054519  std1-file10 0 789071.812500 883.481995 349.054191  std1-file2 0 697308.250000 907.122009 349.053815  std1-file4 0 2952273.500000 878.940002 349.054487  std1-file6 0 1149397.875000 896.676025 349.054038  std1-file8 0 353063.312500 949.271973 349.054510  std1-file7 0 91255.750000 883.343994 349.053850  std1-file1 0 660861.250000 908.622009 349.053875  std1-file9 0 610896.000000 906.552002 349.054010  
std1-file5 0 84804.914063 988.133972 148.003565  std1-file8 0 51115.058594 974.208008 148.003697  
std1-file5 0 1095329.500000 1185.589966 324.058639  std1-file3 0 314525.218750 1187.219971 324.059307  std1-file10 0 942595.000000 1179.439941 324.058964  std1-file2 0 445687.656250 1175.099976 324.058475  std1-file4 0 1681612.250000 1175.079956 324.059248  std1-file6 0 929472.937500 1170.520020 324.058812  std1-file8 0 174732.437500 1219.670044 324.059219  std1-file1 0 416039.375000 1178.569946 324.058550  std1-file9 0 396761.406250 1180.319946 324.058740  
std1-file5 0 130100.273438 2645.260010 73.586237  std1-file10 0 301857.625000 2709.830078 73.586270  std1-file4 0 126405.476563 2746.060059 73.586299  std1-file6 0 539339.875000 2678.290039 73.586194  
std1-file5 0 2193130.000000 1199.430054 258.109747  std1-file3 0 708019.937500 1199.209961 258.110181  std1-file10 0 1587882.125000 1188.229980 258.109958  std1-file2 0 1082928.750000 1187.989990 258.109614  std1-file4 0 3810017.500000 1184.170044 258.110181  std1-file6 0 1247444.500000 1185.020020 258.109828  std1-file8 0 617820.687500 1215.510010 258.110181  std1-file1 0 1062637.125000 1189.930054 258.109682  std1-file9 0 912272.000000 1193.540039 258.109792  
std1-file5 0 3997116.750000 1009.000000 170.011514  std1-file3 0 1781510.125000 991.781982 170.011928  std1-file10 0 3154041.250000 988.458008 170.011763  std1-file2 0 2674336.750000 1007.210022 170.011482  std1-file4 0 3835794.750000 987.719971 170.011778  std1-file6 0 3380173.000000 1000.229980 170.011582  std1-file8 0 2226658.000000 986.633972 170.011764  std1-file7 0 770407.375000 991.122009 170.011532  std1-file1 0 2438076.750000 1000.239990 170.011520  std1-file9 0 2359382.000000 1006.919983 170.011604  
std1-file5 0 62516.503906 424.487000 485.187268  std1-file7 0 219688.640625 358.290985 485.187204  
std1-file5 0 12252240.000000 1038.229980 114.066071  std1-file3 0 5824748.000000 1054.040039 114.066179  std1-file10 0 8503391.000000 1043.380005 114.066159  std1-file2 0 6922498.000000 1031.079956 114.066045  std1-file4 0 10997532.000000 1020.830017 114.066192  std1-file6 0 8541903.000000 1031.560059 114.066094  std1-file8 0 6473549.500000 1033.660034 114.066167  std1-file1 0 7125373.500000 1037.739990 114.066068  std1-file9 0 7276892.500000 1035.770020 114.066100  
