1-Naphthylacetic acid (186.068073548)
3,187.074566369,1.00649282148,"M+H"




Serotonin (176.095143548)




Melatonin (232.121033548)




Phenylhydrazine (108.068803548)




Nicotinate (123.032043548)




Pyridoxine (169.073823548)




riboflavin (376.138203548)




Glycerol (92.047403548)




Adenine (135.054463548)




Creatinine (113.058853548)




L-Phenylalanine (165.078923548)
8,166.085468252,1.00654470381,"M+H"
8,149.070192921,-16.0087306274,""
8,154.082290794,-10.9966327536,""
8,153.078957367,-11.9999661814,""
7,167.088785941,2.00986239282,"M+H [C13]"
6,150.073556783,-15.0053667649,""
4,153.090118216,-11.9888053325,""
2,277.040672685,111.961749137,""
2,170.055442537,4.9765189888,""
1,376.125896054,211.046972506,""
1,374.122346223,209.043422675,""
1,375.125864291,210.046940743,""
1,202.024338824,36.9454152761,""
1,84.068728971,-81.010194577,""
1,288.16959934,123.090675792,""
1,235.045533659,69.9666101111,""
1,194.06672304,28.9877994922,""
1,213.063677967,47.9847544188,""
1,251.01938493,85.9404613819,""
1,293.068641099,127.989717551,""
1,186.050379974,20.9714564262,""
1,348.85079986,183.771876312,""
1,220.178771745,55.099848197,""
1,331.137714192,166.058790644,""
1,225.182336946,60.1034133982,""
1,281.089661099,116.010737551,""
1,166.093043297,1.01411974916,""
1,130.074243819,-35.004679729,""




L-Leucine (131.094573548)




4-Aminobenzoate (137.047703548)




Inosine (268.080553548)




2-Phenylglycine (151.063383548)




Selenomethionine (191.001283548)




L-Methionine (149.050993548)




Imidazole-4-acetate (126.042913548)




L-Tryptophan (204.089923548)




N-Acetyl-D-glucosamine (221.089923548)




Cytidine (243.085393548)
8,244.092013968,1.0066204197,"M+H"
3,230.076512846,-13.0088807024,""
2,95.0371203333,-148.048273215,""
2,199.084493042,-44.0009005061,""
1,141.109594124,-101.975799424,""
1,295.91076673,52.8253731815,""
1,184.056459897,-59.0289336506,""
1,191.880754005,-51.2046395426,""
1,193.879135212,-49.206258336,""
1,175.030331081,-68.0550624675,""
1,274.095231781,31.0098382334,""
1,174.115638826,-68.9697547217,""
1,222.110278246,-20.9751153016,""
1,116.094934193,-126.990459355,""
1,152.083689828,-91.0017037198,""
1,166.093556264,-76.9918372836,""
1,233.069760371,-10.0156331769,""
1,211.087749964,-31.9976435844,""
1,162.12550528,-80.9598882679,""
1,205.131370163,-37.9540233854,""
1,231.07986048,-12.0055330675,""
1,225.121063431,-17.9643301174,""
1,167.058247638,-76.0271459104,""
1,110.1095449,-132.975848648,""
1,263.100264119,20.0148705712,""
1,198.100445849,-44.9849476989,""
1,231.075452428,-12.0099411196,""
1,146.057896832,-97.0274967158,""
1,115.09972936,-127.985664188,""
1,245.089769966,2.00437641777,""
1,264.103797877,21.0184043294,""
1,246.093116153,3.00772260484,""
1,288.089176121,45.003782573,""
1,132.009048839,-111.076344709,""




Guanine (151.049453548)
1,175.09563703,24.0461834823,""
1,160.073160983,9.02370743464,""
1,177.096112893,26.0466593446,""
1,177.099498899,26.0500453506,""
1,198.080901718,47.03144817,""
1,132.089838893,-18.9596146552,""
1,219.059570279,68.0101167306,""
1,365.206029783,214.156576235,""
1,87.0320174937,-64.0174360543,""
1,176.093108768,25.0436552197,""
1,113.047684502,-38.0017690457,""
1,199.095804304,48.0463507564,""
1,114.079325376,-36.9701281725,""
1,158.069131984,7.01967843555,""
1,159.072489097,8.02303554858,""
1,197.077617983,46.0281644346,""
1,176.098947053,25.0494935048,""
1,157.085111356,6.035657808,""
1,129.090227313,-21.959226235,""
1,152.056165386,1.0067118383,"M+H"
1,213.051500148,62.0020465995,""
1,105.042595579,-46.0068579686,""
1,112.063617215,-38.9858363334,""
1,254.0689001,103.019446552,""
1,140.058554846,-10.9908987019,""
1,106.045900167,-45.0035533814,""
1,198.074722325,47.0252687771,""
1,215.049764033,64.0003104852,""
1,159.066051442,8.01659789359,""
1,350.191111622,199.141658074,""
1,69.0577641982,-81.9916893498,""
1,539.193960871,388.144507323,""
1,149.006364905,-2.0430886431,""
1,113.06698135,-37.9824721978,""




L-Valine (117.078893548)




L-Proline (115.063243548)




sn-glycero-3-Phosphocholine (257.102553548)




L-Threonine (119.058253548)




trans-4-Hydroxy-L-proline (131.058153548)




L-Histidine (155.069413548)
8,191.152172962,36.0827594135,""
8,192.155478892,37.0860653445,""
8,295.162769638,140.09335609,""
8,116.083711764,-38.9857017842,""
8,156.076228033,1.00681448486,"M+H"
8,232.084729458,77.0153159097,""
8,134.094261187,-20.9751523609,""
8,237.121071373,82.0516578252,""
8,102.03166834,-53.0377452081,""
8,242.07649811,87.0070845621,""
8,151.120816327,-3.94859722111,""
8,311.157915445,156.088501897,""
7,316.113620214,161.044206666,""
7,173.141612301,18.0721987533,""
7,188.106163603,33.0367500546,""
6,227.090469767,72.0210562186,""
6,222.100315128,67.0309015799,""
6,248.079619989,93.0102064414,""
5,130.063057641,-25.006355907,""
5,162.115677962,7.04626441376,""
4,369.19947605,214.130062502,""
4,178.085481016,23.0160674683,""
3,180.089873044,25.0204594964,""
3,220.09460636,65.0251928121,""
3,243.07979271,88.0103791619,""
3,300.118405002,145.048991454,""
3,194.115454303,39.0460407555,""
3,230.116835906,75.0474223575,""
3,187.04004655,31.9706330024,""
3,111.031988818,-44.0374247296,""
3,272.076907969,117.007494421,""
3,250.095135154,95.0257216057,""
3,220.066943104,64.9975295564,""
2,211.141891371,56.0724778228,""
2,325.163536806,170.094123258,""
2,169.110256749,14.0408432014,""
2,164.106282462,9.03686891416,""
2,137.047687562,-18.0217259861,""
2,239.115515577,84.0461020287,""
2,99.0683905786,-56.0010229694,""
2,179.058167065,23.9887535167,""
2,274.131402922,119.061989374,""
2,238.124660595,83.0552470469,""
2,288.169557624,133.100144076,""
1,187.120810856,32.0513973077,""
1,133.056119035,-22.0132945135,"[M-CH2O2]+Na [C13]"
1,152.124164122,-2.94524942584,""
1,184.121216984,29.0518034357,""
1,290.094035225,135.024621677,""
1,157.110267196,2.04085364833,""
1,369.110325866,214.040912318,""
1,189.037015015,33.9676014669,""
1,189.109380003,34.0399664551,""
1,175.120820239,20.0514066905,""
1,214.131764449,59.0623509011,""
1,229.094885986,74.0254724379,""
1,244.107575705,89.0381621571,""
1,194.105672921,39.0362593732,""
1,176.131371278,21.0619577303,""
1,353.204802345,198.135388797,""
1,245.104979644,90.0355660956,""
1,128.047249901,-27.0221636465,""
1,135.06845936,-20.0009541877,""
1,194.051448796,38.9820352484,""
1,206.051385885,50.9819723367,""
1,88.0523633711,-67.0170501769,""
1,116.094933572,-38.9744799764,""
1,288.051009585,132.981596037,""
1,254.102843865,99.0334303174,""
1,249.082794365,94.0133808172,""
1,258.05028557,102.980872022,""
1,255.100394532,100.030980984,""
1,125.08406744,-29.9853461077,""
1,148.073635795,-6.99577775255,""




N2-Acetyl-L-lysine (188.116073548)




D-Glucosamine (179.079313548)




L-Glutamine (146.069003548)




Taurine (125.014683548)




L-Aspartate (133.037403548)




L-Asparagine (132.053453548)




beta-Alanine (89.047673548)




Glycine (75.032033548)




dGMP (347.062853548)




L-Serine (105.042623548)




Ethanolamine phosphate (141.019133548)
5,142.026636733,1.00750318472,"M+H"
4,206.042700699,65.0235671509,""
2,160.037160418,19.0180268698,""
2,228.024502644,87.0053690965,""
1,269.229372852,128.210239304,""
1,250.006300956,108.987167408,""
1,269.038303647,128.019170099,""
1,310.065000363,169.045866815,""
1,320.041760426,179.022626878,""
1,188.032059691,47.0129261432,""
1,341.132189211,200.113055663,""
1,243.998452003,102.979318455,""
1,386.079624339,245.060490791,""
1,325.108733251,184.089599703,""
1,224.072430622,83.0532970741,""
1,155.069500593,14.0503670451,""
1,193.110270059,52.0911365107,""
1,156.072791819,15.0536582707,""
1,269.223015617,128.203882069,""
1,161.921687651,20.9025541028,""
1,265.088127231,124.068993683,""
1,95.9500244143,-45.0691091337,""
1,245.071979457,104.052845909,""
1,143.9201493,2.90101575245,""




L-Citrulline (175.095663548)




L-Cystine (240.023683548)




meso-2_6-Diaminoheptanedioate (190.095293548)




L-2_4-Diaminobutanoate (118.074253548)




Thiamin (264.104293548)




L-Lysine (146.105473548)




L-Arginine (174.111663548)




Spermidine (145.158023548)




Phenolsulfonphthalein (352.042103548)




Thymidine (240.076023548)




MOPS (207.057753548)




Pyruvate (86.001533548)




Deoxyuridine (226.060453548)




4-Coumarate (162.032963548)




pyrazinoate (122.012763548)




(R)-3-Hydroxybutanoate (102.032803548)




3'_5'-Cyclic AMP (327.038373548)




Uridine (242.055223548)




D-glucose (178.048993548)




Orotate (154.002653548)




L-Rhamnose (162.054083548)




Xanthine (150.018903548)




3_4-Dihydroxyphenylacetate (166.027753548)
5,167.034656493,1.00690294548,"M+H"
1,123.032047859,-42.9957056893,""
1,193.07376549,27.046011942,""
1,165.078993486,-0.948760062377,""
1,210.100592135,44.0728385866,""
1,186.052869556,20.0251160078,""
1,217.094970599,51.0672170509,""
1,222.03837002,56.0106164717,""
1,190.103398335,24.075644787,""
1,153.078938989,-12.9488145586,""




Phthalate (164.012053548)




D-Gluconic acid (194.043843548)
1,179.079430062,-14.964413486,""
1,195.050841279,1.0069977309,"M+H"




UMP (322.021743548)




Thiamin diphosphate (422.023393548)




L-Glutamate (145.038653548)




IMP (346.033033548)




Methylmalonate (116.011993548)




CMP (321.037673548)




(R)-2-Hydroxyglutarate (146.022643548)




L-Cysteate (166.989993548)




D-ribose 5-phosphate (228.004773548)




Malonate (101.996393548)




D-Galacturonate (192.028153548)




Fumarate (113.996373548)




D-glucose 6-phosphate (258.015363548)




D-Galactarate (208.023153548)




Phosphoenolpyruvate (165.967883548)




6-Phospho-D-gluconate (274.010453548)




cis-Aconitate (172.001883548)




Gallate (168.007023548)
3,169.014096798,1.00707324972,"M+H"
2,131.058223859,-36.9487996889,""
2,113.047705914,-54.9593176343,""
2,133.064854568,-34.9421689803,""
2,172.08480983,4.07778628187,""
2,85.0527133686,-82.9543101794,""
2,153.040107011,-14.9669165374,""
2,133.062467774,-34.9445557743,""
2,132.055389633,-35.9516339145,""
2,132.061548485,-35.9454750633,""
1,321.168763731,153.161740183,""
1,114.051030562,-53.9559929862,""
1,175.022113491,7.01508994292,""
1,96.0211112412,-71.9859123068,""
1,252.000884057,83.9938605088,""
1,269.068526338,101.06150279,""




