102.03384570821972	1	2.3714728E7	2114.169921875
100.11195761461873	1	2.1693618E7	815.010009765625
166.0860399979155	1	9245226.0	742.27197265625
102.033788943661	1	9002259.0	2236.469970703125
94.04505606856229	1	8200585.5	2050.35009765625
167.01277554579923	1	8087591.5	2114.169921875
102.03378628280225	1	8076623.0	2253.10009765625
81.52057425666129	1	7886721.0	2109.77001953125
94.04507453697224	1	7804786.5	2062.3701171875
233.12817515255537	1	7609486.5	339.6830139160156
102.0337861490162	1	7413747.5	2266.699951171875
114.06604535586766	1	6922498.0	1031.0799560546875
102.03377302270812	1	6891653.5	2318.139892578125
298.096460031272	1	6815030.0	599.1530151367188
170.08089247877663	1	5973465.0	911.6400146484375
102.03377307899756	1	5951228.5	2339.320068359375
102.0337663957628	1	5762921.0	2355.97998046875
132.10175441524325	1	5753966.0	782.9219970703125
102.03375889171954	1	5658981.0	2378.800048828125
102.03375436580419	1	5448093.0	2404.659912109375
245.06308714452436	1	4730144.0	555.2830200195312
124.03916285508657	1	4718499.5	454.7720031738281
102.03375527027269	1	4436706.5	2432.0
122.5471252766905	1	4400322.0	2108.300048828125
265.11140031869377	1	4251126.5	1767.1700439453125
137.04563356600576	1	4230118.5	615.5280151367188
365.1049408158804	1	3844846.75	758.8920288085938
205.09687054246055	1	3836633.75	788.7899780273438
102.09115999037127	1	3822088.75	1.5364400148391724
122.54711958738844	1	3778476.75	2124.4599609375
125.98620475877986	1	3711578.75	2109.77001953125
122.54709952771032	1	3580299.5	2134.800048828125
144.06535065001555	1	3571816.0	564.010009765625
122.54709053503085	1	3515396.75	2154.070068359375
189.12304903684205	1	3507782.75	1060.31005859375
365.10498692664623	1	3464543.5	769.4879760742188
138.05480428853895	1	3331857.25	356.39801025390625
133.0593148929578	1	3318968.75	1767.1700439453125
102.03373808820315	1	3205777.0	2518.929931640625
125.98619103481782	1	3084441.25	2127.39990234375
116.0704261022962	1	3051500.75	940.614013671875
102.03373154529812	1	2963813.25	2564.6201171875
255.11002482094935	1	2955535.5	338.1579895019531
102.0337325928789	1	2907622.75	2546.320068359375
122.54708078959614	1	2804243.5	2168.989990234375
309.1838849156638	1	2794504.25	829.3079833984375
102.03373132666061	1	2781338.0	2575.27001953125
102.03372374286465	1	2770250.25	2605.780029296875
269.0876861878243	1	2761971.0	619.9860229492188
151.03517019836448	1	2725118.25	2050.35009765625
170.01148151912133	1	2674336.75	1007.2100219726562
136.06160144291923	1	2633905.0	893.56201171875
102.03372944239015	1	2631726.75	2736.4599609375
102.0337338512905	1	2630505.25	2584.419921875
102.03372783406316	1	2617255.0	2713.659912109375
365.1050756262819	1	2569209.0	793.1699829101562
102.03372706836412	1	2520173.5	2614.889892578125
102.03373135228178	1	2483931.25	2684.800048828125
102.03372694542425	1	2454639.25	2657.43994140625
102.03372718702019	1	2429016.5	2636.139892578125
122.54706392468236	1	2425050.5	2182.389892578125
263.0734058590834	1	2418435.5	782.9219970703125
102.03371145205679	1	2363806.5	93.52739715576172
81.52055411892948	1	2278262.5	2296.949951171875
81.5205620620828	1	2260077.0	2418.360107421875
122.5470618300896	1	2253701.0	2189.8701171875
81.52055901775135	1	2248783.5	2333.27001953125
347.09442109011655	1	2248120.25	552.364990234375
81.52055511794609	1	2244190.5	2349.89990234375
127.05000908059763	1	2146732.75	970.4219970703125
263.0735015588295	1	2123197.5	820.7639770507812
122.54705531226016	1	2107521.75	2201.860107421875
81.52057025512781	1	2084875.25	2450.320068359375
94.04510231760136	1	2080639.375	2154.070068359375
102.53534840018156	1	2046962.125	2114.169921875
167.0126915510659	1	2030778.125	2253.10009765625
81.52056580644602	1	2018767.875	2505.199951171875
118.08604859383165	1	1979125.625	893.56201171875
94.0450781001161	1	1910582.625	2182.389892578125
110.01992346208843	1	1903179.875	2033.81005859375
94.04509326501383	1	1887870.25	2168.989990234375
102.0337174181197	1	1867307.75	38.39910125732422
167.0126851668467	1	1860264.875	2266.699951171875
355.06293283142605	1	1858829.5	314.70098876953125
94.04506676411546	1	1852524.5	2209.330078125
132.0652935877376	1	1831019.375	995.2739868164062
122.5470271293055	1	1828375.625	2233.4599609375
94.04511418347906	1	1766975.375	2134.800048828125
472.14547832875576	1	1756632.25	832.1580200195312
94.04505074426659	1	1741454.875	2236.469970703125
81.52056520565726	1	1736813.125	2747.110107421875
125.9861642268951	1	1712488.375	2167.489990234375
122.54702196360081	1	1707381.25	2253.10009765625
81.5205610952333	1	1697909.25	2712.139892578125
205.07047998649628	1	1678455.125	569.8280029296875
81.52056183295353	1	1649255.375	2634.639892578125
81.5205626091962	1	1641723.75	2737.969970703125
94.54582598798703	1	1621129.0	2050.35009765625
167.01266030312905	1	1613466.0	2318.139892578125
94.04504733993565	1	1605320.0	2253.10009765625
202.14345238775633	1	1586552.125	873.5579833984375
210.07918931009127	1	1580260.875	832.1580200195312
152.07041851163706	1	1557640.125	804.8460083007812
150.05816759780427	1	1515335.875	827.8800048828125
120.08063772359945	1	1497255.125	740.7540283203125
90.97645335184991	1	1490115.5	1261.1700439453125
94.0450414666734	1	1483287.125	2266.699951171875
177.10194373077545	1	1444005.875	965.6699829101562
411.21536585267614	1	1434054.5	853.9019775390625
101.11520289851642	1	1433367.125	816.4559936523438
94.04501423510007	1	1430043.875	2318.139892578125
81.52055150844372	1	1398574.5	56.5442008972168
113.03439239131437	1	1383366.875	555.2830200195312
122.54701885612043	1	1381106.0	2266.699951171875
127.04996948474195	1	1377935.25	423.2300109863281
391.28386038656754	1	1353516.75	450.1570129394531
167.0126499573427	1	1307504.125	2355.97998046875
86.09623613183307	1	1285847.5	779.969970703125
122.54700436561129	1	1221251.875	2290.8798828125
182.98490068126168	1	1214814.25	1.5364400148391724
149.02314076615	1	1201782.875	354.8819885253906
148.06017354158462	1	1192002.375	1029.56005859375
144.06530917640276	1	1190116.875	379.5450134277344
122.54699655468491	1	1186576.5	2318.139892578125
330.0592903022496	1	1182959.75	919.18798828125
205.0705202045811	1	1178622.875	826.4580078125
227.124720524781	1	1168117.75	1037.1400146484375
160.07543060916757	1	1167942.5	964.0919799804688
188.07038230235838	1	1163767.625	787.3259887695312
120.06532588728531	1	1160634.375	1043.239990234375
244.09234783584895	1	1134400.125	1160.469970703125
167.01263770025935	1	1126472.625	2404.659912109375
198.00262094207002	1	1105165.0	810.666015625
174.10228451915114	1	1086071.125	364.01800537109375
258.10961391059067	1	1082928.75	1187.989990234375
234.13135772479094	1	1075349.125	341.2099914550781
245.07566955934644	1	1064944.625	549.4450073242188
147.07612202036526	1	1027921.1875	1082.8299560546875
125.98612542347502	1	1026559.5	2234.969970703125
122.546988819719	1	998441.3125	2359.050048828125
268.1174717642747	1	997921.25	701.8560180664062
226.95101004204335	1	971425.0625	1261.1700439453125
409.16014132853934	1	963482.625	590.2940063476562
377.1450745854018	1	960573.9375	468.5509948730469
102.53531935239113	1	941613.9375	2201.860107421875
176.10262870305223	1	938025.3125	1140.6800537109375
94.06501305371725	1	913713.125	608.0880126953125
324.12846799466445	1	912114.75	761.916015625
167.01264546647502	1	904874.1875	2419.8798828125
182.98502566080916	1	900787.9375	2033.81005859375
167.08924770771486	1	884784.4375	742.27197265625
122.54697903008515	1	874791.6875	2372.719970703125
182.98506617881472	1	867160.6875	2050.35009765625
89.50662082816953	1	860627.5625	1.5364400148391724
391.28376130715253	1	849358.4375	543.5770263671875
85.08385447752067	1	842573.75	7.272719860076904
111.11664793308948	1	834206.125	316.2850036621094
280.09144139621054	1	833302.4375	1187.989990234375
79.02113722422845	1	825509.125	496.8500061035156
244.07873580123731	1	821659.0625	711.2039794921875
299.0996452987339	1	820559.375	599.1530151367188
400.12802625533885	1	815563.0625	450.1570129394531
90.05478245085855	1	804675.8125	1110.75
102.53530255933818	1	800381.1875	2233.4599609375
167.01262768203253	1	798340.6875	2444.18994140625
383.09403004421637	1	770963.625	269.677001953125
81.52055110059007	1	770239.875	2029.300048828125
133.0604988749477	1	755441.9375	1110.75
81.52053067470962	1	752606.6875	2012.5799560546875
273.0939827013712	1	750221.25	384.2569885253906
199.16897635398456	1	749519.5	316.2850036621094
83.0855150953894	1	747004.6875	815.010009765625
122.54697395173676	1	738626.0	2404.659912109375
174.09116506044882	1	738076.5	341.2099914550781
125.98611663112473	1	736404.875	2306.0400390625
160.08673229602476	1	732686.0	348.8169860839844
81.52052337516737	1	728141.125	1979.97998046875
165.05442766628286	1	728096.375	336.6289978027344
134.0445321052995	1	715898.9375	1054.06005859375
112.0502815915581	1	715079.0625	1166.989990234375
125.98612154590377	1	712141.0	2330.260009765625
467.13645198733815	1	710881.25	695.52001953125
167.0126235285298	1	706601.125	2476.22998046875
81.52051838486916	1	702612.0625	1969.0999755859375
94.04497452334004	1	699620.625	2511.2900390625
349.0538146141882	1	697308.25	907.1220092773438
537.1683854717842	1	688885.125	615.5280151367188
102.5353083902827	1	687091.5625	2266.699951171875
125.98611733008354	1	684253.125	2349.89990234375
255.9439922468332	1	665068.5625	2109.77001953125
167.01261750191458	1	664806.6875	2482.340087890625
94.04496683730198	1	660591.25	2564.6201171875
106.04965965284403	1	651980.3125	1115.68994140625
204.0863564907912	1	647480.5625	711.2039794921875
81.52051492972409	1	643695.75	1961.3499755859375
167.0126023235712	1	627980.4375	2499.139892578125
391.2837191645599	1	627783.1875	484.07000732421875
125.98610915953083	1	623608.0	2368.14990234375
286.1643592875025	1	622582.125	846.5399780273438
102.53529270734032	1	621094.5625	2318.139892578125
167.01260834563934	1	613826.1875	2511.2900390625
94.04495368951784	1	607560.8125	2712.139892578125
234.13326326449686	1	607118.875	755.8800048828125
94.04495983951311	1	606904.8125	93.52739715576172
94.04495816609	1	603505.25	2736.4599609375
465.2492764576992	1	603422.125	351.8529968261719
81.52050868157136	1	600667.5	1923.8599853515625
129.12715518465762	1	598592.0	319.49200439453125
413.26570961582166	1	596350.0625	543.5770263671875
174.09121616677845	1	594396.5	347.29998779296875
237.11305265728754	1	591612.25	653.718017578125
122.07110815197638	1	578859.3125	1773.22998046875
94.04496194955912	1	571967.625	2681.75
122.54690377600257	1	571927.75	93.52739715576172
94.04495449226228	1	571660.3125	2605.780029296875
117.13843374885805	1	570379.8125	1973.780029296875
94.04496315652086	1	563201.625	2575.27001953125
266.1145898625529	1	560465.5625	1771.7099609375
94.04496727292684	1	556969.3125	2744.070068359375
167.01261021332385	1	553687.1875	2534.10009765625
94.04495507233402	1	552435.3125	2658.969970703125
151.03520469699333	1	551895.625	2154.070068359375
94.0449653467732	1	551628.875	2590.5400390625
122.54697567680637	1	549223.625	2432.0
508.20201084029316	1	545562.625	749.843994140625
151.03521096866385	1	542196.125	2124.4599609375
94.04495866575071	1	535696.1875	2646.77001953125
171.08410739069845	1	533735.375	911.6400146484375
113.0343803865679	1	533359.375	470.0840148925781
151.03521327640095	1	532560.6875	2143.659912109375
104.03008600860308	1	532321.5625	2109.77001953125
232.06109541926236	1	531179.0625	832.1580200195312
151.0351805401201	1	529018.0625	2168.989990234375
167.01258096486876	1	528789.5625	2564.6201171875
391.28376431170227	1	525916.75	442.3580017089844
243.0971016294957	1	525669.875	423.2300109863281
102.53530185637686	1	520932.625	2359.050048828125
94.04495936455625	1	520866.5625	2619.449951171875
81.52050618074995	1	518065.9375	1850.4200439453125
151.0351826828996	1	516823.28125	2173.449951171875
391.28354607133963	1	516646.46875	316.2850036621094
366.1082576976561	1	512234.65625	758.8920288085938
182.98492590796604	1	509875.96875	65.64659881591797
102.5352916694763	1	504505.5625	2378.800048828125
126.02181023585881	1	503958.3125	978.3300170898438
175.11866473698402	1	502142.875	1584.3499755859375
94.04495245423348	1	498004.75	2754.699951171875
158.96374081082752	1	494318.0	1265.699951171875
81.52051064111272	1	490016.5	1830.0899658203125
151.03517060041872	1	486026.84375	2204.860107421875
90.52571502247378	1	480858.875	56.5442008972168
345.13343674385885	1	479566.75	882.8159790039062
90.52569911722635	1	476383.5	11.614100456237793
167.01257406827457	1	475652.9375	2712.139892578125
81.52052256656874	1	475329.8125	1794.6199951171875
196.0033866291552	1	475041.34375	810.666015625
167.01258064650608	1	473674.96875	2582.889892578125
82.02224233043451	1	473324.59375	2109.77001953125
125.98609115358117	1	473216.96875	2518.929931640625
102.53529617366408	1	471301.875	2404.659912109375
263.0733992106195	1	469591.96875	574.2050170898438
89.50662907989616	1	469314.28125	67.16580200195312
167.01256508810286	1	467782.5	2605.780029296875
123.04869843227077	1	467756.75	2099.5
122.54697412958781	1	465580.5625	2451.840087890625
467.13668409845246	1	463762.21875	769.4879760742188
72.08076948169158	1	460141.59375	893.56201171875
167.01255131333684	1	459020.875	77.92140197753906
167.01258119001773	1	453738.1875	2614.889892578125
94.04494814497797	1	453458.75	56.5442008972168
391.2836645758828	1	450319.9375	509.67401123046875
167.01257424659715	1	449655.5625	2751.669921875
151.0351348767641	1	449193.34375	2236.469970703125
246.0967021270139	1	447997.9375	564.010009765625
324.05847534086706	1	445687.65625	1175.0999755859375
167.01257073319275	1	445532.4375	2646.77001953125
84.95967036421452	1	444487.03125	2109.77001953125
81.52052025384671	1	443203.75	1771.7099609375
275.07332075802367	1	442645.9375	566.9180297851562
217.17946700488397	1	442485.375	314.70098876953125
125.98608550037329	1	437084.03125	2566.14990234375
222.0968530087317	1	435970.84375	709.6439819335938
208.03931200287897	1	435251.71875	2114.169921875
167.01256604617987	1	433775.375	2657.43994140625
206.10013184114118	1	433729.84375	788.7899780273438
547.2129475616483	1	432465.65625	793.1699829101562
167.0125692206065	1	425274.125	2683.280029296875
133.56090548166657	1	422653.6875	1768.68994140625
167.01256553326408	1	421105.25	2736.4599609375
137.0455901855477	1	418168.5625	902.5859985351562
73.53183634339473	1	417086.75	2209.330078125
391.28366513417683	1	410936.375	406.98199462890625
94.04494171983909	1	410043.71875	32.375999450683594
263.07340452447835	1	408049.5625	645.8759765625
391.2837990768255	1	404206.0	582.9669799804688
125.98608302207707	1	399323.15625	2587.47998046875
227.05223018553164	1	397579.25	448.61199951171875
133.10499837107184	1	396786.5	782.9219970703125
305.0836986008798	1	395822.875	619.9860229492188
114.55824693939111	1	392587.3125	2033.81005859375
169.04927781805335	1	391660.875	555.2830200195312
135.04381857230877	1	390821.0	804.8460083007812
141.95837548913585	1	389983.6875	1.5364400148391724
73.5318222479674	1	389726.78125	2251.580078125
73.5318064424672	1	387880.40625	2424.409912109375
256.11326196191646	1	386921.65625	339.6830139160156
73.53180160857096	1	385273.03125	2450.320068359375
291.1044760065454	1	385054.65625	517.5560302734375
73.53180251747133	1	383877.28125	2387.929931640625
356.0661445476452	1	383870.09375	314.70098876953125
246.06616378346382	1	381911.71875	555.2830200195312
73.5318125255305	1	381512.8125	2306.0400390625
73.53181410135458	1	379561.78125	2337.820068359375
125.98607197972763	1	378820.0625	2718.260009765625
291.1045109697955	1	378804.0625	504.88800048828125
391.28367678723976	1	377098.6875	85.66739654541016
125.98606681466495	1	376816.59375	2628.60009765625
291.10452467574254	1	376381.1875	477.79998779296875
167.03365979505887	1	375943.09375	357.9129943847656
73.53180783621332	1	375440.40625	2360.570068359375
137.04555694524143	1	372944.90625	896.5079956054688
125.98608495277966	1	371674.6875	2753.179931640625
151.03511995897037	1	370841.53125	2318.139892578125
73.5318153008528	1	369134.96875	2283.280029296875
252.0896673153761	1	368981.53125	793.1699829101562
122.54695545151357	1	368566.40625	2457.919921875
125.98607143092153	1	368170.4375	2616.39990234375
114.55826987277612	1	365836.15625	2062.3701171875
73.53180562027342	1	365241.1875	2352.929931640625
151.03511849870065	1	363203.8125	2299.9599609375
73.53180084901254	1	363170.875	2436.570068359375
266.07416476136217	1	361933.375	1158.8399658203125
73.53179904225172	1	361128.9375	2473.18994140625
73.53179470685652	1	361073.375	2529.530029296875
102.53530358601198	1	359706.65625	2451.840087890625
487.2310383970565	1	358802.75	339.6830139160156
117.05445147848228	1	358680.53125	470.0840148925781
287.09965475318637	1	358609.21875	400.47100830078125
167.0125267231418	1	357689.4375	38.39910125732422
392.28699134031183	1	356760.5625	450.1570129394531
151.0351042196189	1	356378.59375	2355.97998046875
263.0732834108872	1	354120.40625	655.302001953125
310.1871074073242	1	352493.78125	832.1580200195312
339.0157314070391	1	352209.625	1007.2100219726562
151.03511552029968	1	351647.1875	2333.27001953125
125.98606765466567	1	351242.84375	2674.169921875
125.98606984794662	1	349356.34375	2652.860107421875
413.26567228260205	1	346452.875	450.1570129394531
335.09422570356656	1	344462.65625	676.1220092773438
291.06955900065776	1	340050.5	619.9860229492188
168.0159569439482	1	338364.875	2103.889892578125
70.01270320145322	1	335473.71875	2117.110107421875
144.06532903166985	1	334109.40625	826.4580078125
102.53530128500354	1	333858.09375	2482.340087890625
279.133366584138	1	332541.75	1124.010009765625
158.00259412647816	1	329424.71875	65.64659881591797
291.1045410304414	1	329298.15625	531.5900268554688
146.49941439106004	1	328867.125	2108.300048828125
125.98604336195838	1	324201.21875	56.5442008972168
143.9967041268384	1	323323.15625	2118.580078125
73.53178379631609	1	323151.40625	2757.719970703125
104.03005462295353	1	321054.625	2163.010009765625
75.0803778364022	1	318714.84375	7.272719860076904
391.2835109853483	1	318043.40625	682.6019897460938
191.1022318171226	1	315903.875	1420.4000244140625
151.03508409369883	1	315496.28125	2387.929931640625
159.07608600825523	1	315090.0625	1135.68994140625
122.5469451475813	1	314410.65625	2482.340087890625
73.53178177680611	1	314204.875	2712.139892578125
130.04965018207807	1	313673.6875	1084.4599609375
73.53178527608793	1	313441.75	2634.639892578125
73.53178980194102	1	312505.78125	2725.820068359375
70.0651529434595	1	311773.34375	389.04998779296875
73.53178559745963	1	311580.1875	2592.050048828125
219.08359785078068	1	310542.40625	569.8280029296875
82.53709586432667	1	309450.5625	2056.35009765625
104.03004795050607	1	308528.8125	2182.389892578125
73.53178476233545	1	308080.9375	2686.330078125
125.04240204654913	1	307132.21875	457.84100341796875
152.0703293088041	1	306146.90625	907.1220092773438
202.1797929357774	1	304835.5625	925.27197265625
102.53230095280223	1	303132.78125	2108.300048828125
73.53178236366469	1	302569.625	2660.5
413.26568071919746	1	301121.25	582.9669799804688
73.53178890654529	1	299526.96875	2573.739990234375
190.1262514958747	1	298780.53125	1058.739990234375
115.069260045498	1	298144.71875	1029.56005859375
249.09398211740694	1	297978.5	647.4420166015625
95.04383270590388	1	296213.84375	2154.070068359375
70.01263228545055	1	295742.90625	2587.47998046875
152.05639216376272	1	292840.15625	865.926025390625
89.50667687181476	1	291009.875	2445.719970703125
95.04385156479212	1	290656.78125	2108.300048828125
151.03508852835006	1	290636.875	2413.7900390625
95.04380584210232	1	289434.40625	2182.389892578125
89.50668976118331	1	288742.34375	2407.719970703125
246.06615554593876	1	288341.0	561.1069946289062
296.9705685582438	1	287968.0625	2114.169921875
152.03593829480087	1	285191.65625	2045.8399658203125
202.0681662068563	1	284957.96875	1374.5799560546875
270.0908467858634	1	282679.46875	619.9860229492188
89.50666245908243	1	279646.875	2518.929931640625
125.98601812324574	1	279411.71875	30.865999221801758
509.1595507108338	1	275379.28125	1157.22998046875
89.50669144545093	1	275156.46875	2419.8798828125
300.0920318988853	1	275079.65625	597.6690063476562
102.53529882658506	1	275073.53125	2518.929931640625
70.01262953829483	1	274758.125	2728.8701171875
81.5205068934558	1	272511.5625	1650.97998046875
95.04378881000903	1	272117.28125	2201.860107421875
89.5066667074051	1	271817.5	2485.3798828125
329.08371939077125	1	271633.1875	432.81298828125
70.01262451984867	1	270730.21875	2616.39990234375
325.0425381001106	1	269235.28125	858.3839721679688
149.02308678394826	1	268207.21875	450.1570129394531
294.93831625421683	1	268187.46875	1265.699951171875
70.01265128796652	1	267013.5625	2422.89990234375
110.00866741465208	1	267003.9375	2056.35009765625
102.5352738473468	1	266977.75	1976.8900146484375
142.02609734853434	1	266703.03125	1175.0999755859375
72.08078414740964	1	266168.59375	1969.0999755859375
73.53177594363095	1	264738.1875	45.9385986328125
102.53529014856537	1	264617.84375	2564.6201171875
89.50664481399694	1	262698.0	2686.330078125
89.50674077876067	1	262231.03125	2216.840087890625
348.09760723655234	1	260815.5	555.2830200195312
102.05474590498238	1	260112.875	1122.3499755859375
205.07033962651087	1	259918.75	695.52001953125
89.50670408461302	1	258454.90625	2349.89990234375
141.9583652107939	1	257779.078125	65.64659881591797
89.5066509787793	1	257441.796875	2564.6201171875
102.5352516970104	1	256810.4375	1936.3499755859375
95.04384110310103	1	256547.40625	2134.800048828125
70.0651458723552	1	256249.109375	942.1500244140625
393.1361003254099	1	255849.65625	479.3599853515625
151.0350559223484	1	255372.5625	2441.1298828125
144.06531569311002	1	254696.921875	797.5499877929688
122.54692599730691	1	254673.203125	2508.25
246.09688046262204	1	253294.734375	820.7639770507812
89.50664100306057	1	252944.453125	2592.050048828125
263.07321908311127	1	250586.421875	672.8880004882812
89.50664233764192	1	249231.921875	2745.60009765625
89.50678179572711	1	247303.28125	2182.389892578125
74.5305746983148	1	247301.046875	2056.35009765625
89.50663674091021	1	246847.59375	2649.830078125
95.04376950273794	1	245951.78125	2253.10009765625
95.04377057644739	1	245879.953125	2236.469970703125
89.50670860492687	1	245257.140625	2318.139892578125
70.01261331410346	1	245145.78125	50.51919937133789
82.53709788457577	1	244110.1875	2038.3299560546875
574.1772239848184	1	243075.796875	832.1580200195312
89.50672994696394	1	242932.609375	2234.969970703125
89.50664529898286	1	242175.203125	2584.419921875
179.0811965459066	1	241389.703125	356.39801025390625
89.50663783715733	1	240907.015625	2713.659912109375
137.04556915923337	1	239923.015625	931.385986328125
238.0930190198107	1	239182.3125	712.7579956054688
102.53528329855487	1	238994.671875	2712.139892578125
151.0350304670888	1	238684.0625	2518.929931640625
89.50663618801688	1	238056.03125	2627.06005859375
102.5352881338706	1	237944.421875	2584.419921875
89.50664091643624	1	237914.15625	2611.8701171875
76.0392019715652	1	236745.109375	1105.780029296875
102.53524608053088	1	235889.234375	1905.1500244140625
325.04267201464967	1	235549.171875	843.6420288085938
271.1048560763846	1	234628.65625	360.9620056152344
89.50670876737425	1	234581.421875	2330.260009765625
89.50672624722571	1	234460.5625	2256.139892578125
89.50663891651479	1	234419.0	2757.719970703125
151.03503020760635	1	234095.046875	2500.659912109375
307.10189986779517	1	231883.5	761.916015625
139.0580532491432	1	231168.109375	356.39801025390625
412.2187586717093	1	231061.28125	853.9019775390625
89.50663632615927	1	230751.65625	2657.43994140625
473.14894366504376	1	230687.5	832.1580200195312
95.04376615133845	1	230502.40625	2272.719970703125
123.04865316564577	1	228863.96875	2209.330078125
89.50671478191819	1	228631.15625	2274.219970703125
70.01270234649837	1	227772.0	2092.1201171875
122.54690898105794	1	227378.234375	2564.6201171875
229.08153976049383	1	226785.359375	471.6180114746094
102.53526485273119	1	225955.515625	1873.93994140625
104.03005971191992	1	225474.609375	2209.330078125
89.50675396944355	1	224186.046875	2204.860107421875
89.506765013161	1	224085.25	2200.360107421875
102.5352931739694	1	224053.875	2747.110107421875
362.9256143416582	1	222928.265625	1265.699951171875
249.12296476111345	1	222426.21875	362.489013671875
487.17757769655645	1	221922.53125	1157.22998046875
104.03004473106638	1	221531.34375	2222.89990234375
122.54692904443627	1	221377.828125	2520.4599609375
144.06530709285357	1	218030.453125	787.3259887695312
145.06858283982632	1	217370.625	564.010009765625
102.53528726579778	1	216911.03125	2636.139892578125
81.52051752006686	1	216719.421875	1584.3499755859375
347.09425283191285	1	216538.171875	647.4420166015625
138.04886098680228	1	216416.046875	618.5040283203125
102.53528414487305	1	215840.375	2737.969970703125
151.03503785442018	1	215587.9375	2534.10009765625
413.2655102329419	1	215250.890625	406.98199462890625
101.07081885237648	1	213599.90625	1007.2100219726562
95.04374353696248	1	213582.5	2310.590087890625
74.03222261561088	1	213334.015625	2044.3399658203125
307.10186144137975	1	213145.015625	556.739990234375
391.2837873114017	1	212974.625	837.8820190429688
347.094227444682	1	212319.515625	661.6619873046875
168.98941428974538	1	211492.953125	896.5079956054688
169.04921831974184	1	209944.984375	793.1699829101562
348.069719339284	1	209499.796875	1034.0999755859375
102.53527297384848	1	209218.03125	93.52739715576172
122.54691984590328	1	209076.9375	2575.27001953125
122.54689582837676	1	208531.109375	2605.780029296875
275.0733533598934	1	207363.03125	590.2940063476562
151.08635293275327	1	207197.015625	348.8169860839844
102.53528534841385	1	206412.25	1796.1500244140625
82.02224089186667	1	206213.265625	2194.360107421875
117.05439810580799	1	206119.53125	423.2300109863281
246.06608892595284	1	206068.109375	504.88800048828125
95.0437517199288	1	205576.734375	2293.889892578125
102.53526881365455	1	205454.3125	4.393499851226807
103.09440607890703	1	205393.734375	1.5364400148391724
391.2834262207186	1	205195.6875	238.82000732421875
156.0764625614714	1	205004.09375	1517.530029296875
198.0845385320445	1	204579.671875	1137.3399658203125
151.0350172499974	1	203890.296875	2581.35009765625
151.03501004856827	1	203396.0	2543.260009765625
81.52051858971478	1	203105.140625	1562.0999755859375
136.0616449769679	1	202413.421875	590.2940063476562
307.10186634378204	1	202227.875	793.1699829101562
123.04016151294913	1	201719.65625	2048.840087890625
115.03880175661722	1	200046.390625	555.2830200195312
95.04374293264652	1	198723.5	2318.139892578125
104.03003501102224	1	197949.9375	2233.4599609375
151.03499545107704	1	197554.40625	2747.110107421875
147.04380219059962	1	196676.90625	335.0950012207031
151.03499996937373	1	196488.390625	2592.050048828125
205.07034672198844	1	196098.578125	661.6619873046875
187.05982918209858	1	195620.625	569.8280029296875
143.9965819463004	1	194250.03125	2517.39990234375
392.28707918751735	1	193748.671875	543.5770263671875
99.04392207225783	1	192493.734375	471.6180114746094
151.03499367545814	1	191460.171875	2718.260009765625
391.2837049073779	1	191296.65625	1013.1699829101562
180.08625001397795	1	191140.921875	1404.5799560546875
413.26546660101144	1	191032.5625	682.6019897460938
123.04862100327779	1	188697.265625	2233.4599609375
144.04749456787	1	188398.1875	1773.22998046875
81.52052331543501	1	188301.15625	1541.4200439453125
246.09683633479906	1	186644.46875	796.0919799804688
238.07074495927384	1	186096.359375	534.6329956054688
151.03500237718157	1	185877.421875	2605.780029296875
169.04922801042744	1	184884.25	832.1580200195312
123.04861287855597	1	184832.359375	2253.10009765625
151.03498523356137	1	184202.296875	2684.800048828125
102.53525919378268	1	183642.71875	1737.9200439453125
205.07036317207542	1	182119.171875	645.8759765625
143.99658134646594	1	181623.21875	2499.139892578125
151.03498240435354	1	181416.4375	2649.830078125
207.15867325396508	1	181223.65625	10.160799980163574
95.04374754738606	1	181009.140625	2334.7900390625
102.535282890652	1	180882.546875	1753.4300537109375
95.0437427994175	1	180846.28125	2365.1201171875
379.15269348020075	1	180479.203125	887.4299926757812
104.03004325322213	1	178247.71875	2253.10009765625
124.08673028596064	1	177669.828125	856.8900146484375
81.03345417180094	1	177604.71875	470.0840148925781
111.03907164950444	1	177240.609375	2095.070068359375
143.99659502391893	1	176220.671875	2482.340087890625
264.07661364437774	1	176206.4375	779.969970703125
246.0968121657598	1	176016.078125	788.7899780273438
143.9965686655728	1	175449.375	2555.510009765625
180.08624513293128	1	174868.625	1373.0
449.1259913044461	1	174331.859375	552.364990234375
194.00525509353514	1	172629.078125	810.666015625
104.030039459722	1	172410.53125	2269.7099609375
111.02003679131991	1	172384.28125	2014.1199951171875
304.17495802671186	1	172245.640625	873.5579833984375
133.03156083693358	1	171994.96875	832.1580200195312
413.2654841518561	1	171959.75	309.9110107421875
205.07036576175537	1	170592.6875	379.5450134277344
81.04469592004745	1	170432.75	972.0120239257812
95.04372855517933	1	170407.921875	2404.659912109375
143.99654630147703	1	170147.3125	2636.139892578125
70.01265529870139	1	169746.265625	2349.89990234375
151.03495060457576	1	169047.609375	53.54069900512695
430.91301223906584	1	168950.9375	1268.719970703125
410.1635137946162	1	168849.546875	590.2940063476562
159.96875565408672	1	168490.1875	1.5364400148391724
122.54689513257088	1	168166.921875	2712.139892578125
364.0995406062791	1	167922.9375	423.2300109863281
79.01782228777569	1	167178.34375	2731.89990234375
122.54691618065915	1	167013.21875	2590.5400390625
102.53528185736764	1	166885.109375	56.5442008972168
143.9965461860571	1	166412.484375	2605.780029296875
384.09732730087	1	166297.1875	271.4389953613281
143.99659117203782	1	165631.484375	2454.889892578125
83.51707858276531	1	164086.140625	2118.580078125
117.07369021645775	1	163440.265625	940.614013671875
200.00266873136928	1	163289.34375	810.666015625
143.99655745120054	1	162526.578125	2576.780029296875
79.01783034594769	1	162255.0625	2581.35009765625
192.0615229249661	1	161814.921875	2045.8399658203125
192.06149508505754	1	161814.921875	2045.8399658203125
124.08677365880915	1	161790.671875	797.5499877929688
143.99656095389977	1	161128.703125	2751.669921875
122.54689869830673	1	160823.6875	2736.4599609375
81.5205286247233	1	160748.0	1506.4000244140625
73.06476475335565	1	158718.109375	11.614100456237793
426.160079450652	1	157461.875	737.7059936523438
102.53527236463052	1	157431.28125	38.39910125732422
102.03664524408134	1	157128.953125	2112.7099609375
465.1685697920771	1	157049.375	712.7579956054688
180.97594687753	1	156695.0	810.666015625
79.01783576107319	1	156573.984375	2515.8798828125
100.11630457450244	1	156452.984375	816.4559936523438
104.03002672788335	1	155600.609375	2303.0
267.10690946204784	1	155406.265625	1771.7099609375
143.9965598154945	1	154512.59375	2696.9599609375
110.52150086753434	1	154081.6875	2017.1300048828125
122.54690862697845	1	153918.171875	2681.75
442.2280819456478	1	152857.359375	812.1179809570312
79.01783404501134	1	152698.203125	2531.0400390625
143.99655914807016	1	152600.78125	2725.820068359375
359.1300451736686	1	152581.28125	832.1580200195312
143.9965910912611	1	151898.328125	2418.360107421875
378.14843344202217	1	151625.21875	467.0220031738281
271.10486336344434	1	151548.265625	371.760009765625
122.54690883849096	1	150959.15625	2744.070068359375
474.2177109288586	1	150952.484375	793.1699829101562
141.95836965725988	1	150636.703125	2652.860107421875
513.2471304134253	1	150101.21875	853.9019775390625
143.99652877592308	1	149490.609375	56.5442008972168
413.26563784518646	1	148834.546875	484.07000732421875
146.1648546841827	1	148354.4375	2657.43994140625
203.14674462044536	1	147990.765625	873.5579833984375
391.28362623854673	1	147747.015625	853.9019775390625
466.2526679654865	1	147692.75	345.7820129394531
577.133187011316	1	147171.140625	104.5780029296875
102.05478589167187	1	146906.546875	1050.969970703125
357.1415696516629	1	146244.015625	364.01800537109375
375.12555078154884	1	145891.640625	402.1099853515625
258.11796448691763	1	145537.390625	826.4580078125
141.95838031352773	1	145166.25	2757.719970703125
399.1268957378796	1	145003.859375	468.5509948730469
79.01781584121022	1	145002.296875	2634.639892578125
100.11826370748636	1	144654.84375	816.4559936523438
413.26538044005406	1	144232.03125	238.82000732421875
82.02223389012381	1	143980.359375	2352.929931640625
254.1018927620017	1	143626.03125	796.0919799804688
141.9583681910975	1	143617.5625	2672.659912109375
82.53709638168765	1	143464.875	2518.929931640625
141.95839040840968	1	143248.0625	2573.739990234375
141.95837341898752	1	143103.109375	2604.25
85.02819440882755	1	142800.296875	587.3569946289062
182.98481853791054	1	142715.921875	638.1300048828125
79.01780380099275	1	142227.59375	45.9385986328125
537.194023266983	1	141869.53125	1204.0899658203125
143.99649792794884	1	141456.71875	24.84910011291504
264.0766719865982	1	139991.09375	816.4559936523438
141.9583740188297	1	139976.1875	2686.330078125
82.02224168684242	1	139676.421875	2334.7900390625
149.02305815377875	1	139658.4375	543.5770263671875
82.02224537371292	1	139227.265625	2409.22998046875
134.05709707314912	1	139194.1875	1767.1700439453125
369.3508366695585	1	138987.859375	308.3080139160156
466.2527125705558	1	138505.03125	354.8819885253906
141.95839174989192	1	138282.359375	2521.989990234375
414.2690233004061	1	138260.140625	543.5770263671875
141.95838438268493	1	138111.828125	2561.570068359375
445.1812732380921	1	137262.84375	787.3259887695312
104.03002291933767	1	137034.703125	2381.860107421875
220.11754733703452	1	136980.90625	843.6420288085938
82.02223214931196	1	136969.078125	2274.219970703125
82.5371004194669	1	136685.640625	2733.419921875
178.10518037142822	1	136293.65625	965.6699829101562
82.02223710002333	1	136241.796875	2299.9599609375
265.01526457586243	1	135953.796875	2050.35009765625
130.04966674005195	1	135828.796875	1026.5699462890625
141.95837981279115	1	135721.125	2701.530029296875
204.08640154170706	1	135598.53125	810.666015625
95.04373002269182	1	134862.875	2432.0
82.5370946914314	1	134624.875	2470.139892578125
79.01783782990263	1	134476.109375	2486.909912109375
82.537105698055	1	133868.375	2686.330078125
141.95837132020597	1	133752.21875	2631.6201171875
610.233350384554	1	133691.46875	742.27197265625
124.08674379455812	1	133581.75	421.64300537109375
342.1176687395404	1	133492.640625	426.40899658203125
82.02224596509485	1	133395.03125	2377.27001953125
143.99658336589812	1	132959.609375	2392.489990234375
340.1962174797722	1	132828.921875	817.89599609375
214.08917042200264	1	132775.453125	1.5364400148391724
141.9583981564621	1	132603.15625	2505.199951171875
409.15999221960493	1	131935.46875	782.9219970703125
195.00590916056274	1	131649.625	812.1179809570312
143.99664628285035	1	131566.671875	2216.840087890625
74.0599833745179	1	131357.625	1052.510009765625
494.1865428321931	1	131185.84375	804.8460083007812
363.0891226729475	1	131018.6484375	574.2050170898438
211.478295183814	1	130689.6484375	2114.169921875
82.53709930215406	1	130361.484375	2710.6298828125
413.26556080322615	1	129896.453125	439.2049865722656
123.04860907455226	1	129163.5546875	2292.3701171875
104.03003834421612	1	128702.8203125	2339.320068359375
124.00612119595564	1	128657.859375	1008.7000122070312
82.53710125253431	1	128375.3046875	2744.070068359375
269.12062568939604	1	128081.5703125	701.8560180664062
229.14048294930717	1	128073.453125	10.160799980163574
82.02225216849766	1	127598.0546875	2441.1298828125
159.02390412027685	1	127427.359375	2074.3701171875
82.53710287892928	1	127331.40625	2701.530029296875
82.02224690904687	1	127317.1015625	2486.909912109375
171.00546473638883	1	127243.96875	2108.300048828125
441.13315482982375	1	127013.4921875	832.1580200195312
104.03002745171554	1	126965.859375	2354.449951171875
102.53524877276834	1	126420.046875	1571.6700439453125
132.00293465222532	1	125866.7734375	1268.719970703125
372.18582893133566	1	125853.4140625	787.3259887695312
82.53709653535381	1	124949.328125	2652.860107421875
82.53710387466084	1	124843.7421875	2613.3798828125
82.0222475879223	1	124329.1796875	2479.2900390625
82.53709812988858	1	123920.7890625	2630.1201171875
190.0495764917823	1	123584.640625	357.9129943847656
141.95838992937536	1	123275.015625	2476.22998046875
347.09427107695797	1	123038.5	708.0900268554688
233.06269071701846	1	122722.5078125	684.2219848632812
305.0836375272784	1	122436.5234375	701.8560180664062
95.0437157681698	1	121768.8125	2464.010009765625
121.12204506371494	1	121564.65625	11.614100456237793
124.08675998607994	1	121265.3515625	995.2739868164062
82.53709584521123	1	121146.84375	2459.419921875
121.0839223644819	1	121097.2421875	743.7899780273438
206.07369887933956	1	121057.6015625	569.8280029296875
137.06478411057125	1	120767.4453125	899.5499877929688
122.54686503979183	1	120735.96875	32.375999450683594
342.13911861967017	1	120692.5078125	550.906982421875
109.02229607188033	1	120592.3046875	2018.6600341796875
100.1119025103151	1	120080.5703125	893.56201171875
803.541596754878	1	120042.3671875	450.1570129394531
538.1719538333683	1	119998.2578125	627.47998046875
82.5370901637821	1	119772.9609375	2413.7900390625
89.05952991550703	1	119708.1015625	50.51919937133789
307.1282604781406	1	119698.1953125	772.5059814453125
102.53225554748376	1	119629.8203125	2207.830078125
236.11779831614075	1	118786.78125	645.8759765625
82.53709609793546	1	117922.75	2436.570068359375
143.99659799919243	1	117307.9375	2368.14990234375
430.913039249021	1	116255.8125	1279.3399658203125
466.2526048229852	1	116002.2421875	336.6289978027344
143.99661221626278	1	115710.4140625	2250.070068359375
474.217617804338	1	114643.6953125	779.969970703125
375.12561616782835	1	114637.3203125	387.4410095214844
141.9583979167587	1	114476.0390625	2422.89990234375
258.11797022343194	1	114117.125	779.969970703125
523.1768011335827	1	113853.65625	1184.800048828125
263.0733116516279	1	113804.4765625	739.22998046875
82.02225117498767	1	113212.921875	2552.43994140625
270.0907090798355	1	113148.9296875	644.3159790039062
143.9965951232508	1	112780.125	2333.27001953125
82.53709390707088	1	112715.2734375	2427.449951171875
82.02225524958001	1	112552.875	2585.949951171875
279.13326355260705	1	112479.953125	1157.22998046875
348.98947460561175	1	112267.28125	1.5364400148391724
199.02902375944754	1	112234.7890625	96.65640258789062
82.53710334005183	1	112171.0703125	55.03269958496094
138.5106509524378	1	112009.9375	2078.820068359375
214.9174434451113	1	111568.9609375	2109.77001953125
104.05260855368829	1	111512.1171875	827.8800048828125
79.01784874191173	1	111142.6953125	2418.360107421875
143.99659578406835	1	110631.8984375	2346.8798828125
360.1494800944038	1	109773.59375	772.5059814453125
189.07361660639808	1	109770.5078125	787.3259887695312
331.0624707474392	1	108848.53125	919.18798828125
100.08512520436943	1	108313.4609375	816.4559936523438
82.53711146711068	1	108264.859375	35.3827018737793
233.0627609822264	1	107984.46875	769.4879760742188
350.9865126681767	1	107866.765625	1.5364400148391724
509.20540412306275	1	107865.59375	749.843994140625
82.02225231561587	1	107417.3828125	2686.330078125
490.3885990310029	1	107322.515625	837.8820190429688
498.9004368651277	1	106581.2421875	1261.1700439453125
100.1055607357114	1	106473.9765625	817.89599609375
161.0786603849312	1	106378.3671875	962.5020141601562
95.04370775384933	1	106283.8671875	2474.719970703125
536.1643793398919	1	106187.8984375	294.97698974609375
128.05322833948622	1	106081.953125	970.4219970703125
149.08052206953784	1	106055.0	405.36199951171875
153.5724779626244	1	105966.6171875	1761.0799560546875
280.99290646947674	1	105873.5703125	2074.3701171875
102.06158331802385	1	105774.65625	2099.5
82.02225237728281	1	105402.859375	2652.860107421875
168.01590359778533	1	105398.90625	2210.840087890625
239.9663625541443	1	105224.90625	2081.780029296875
169.04907702625556	1	105224.59375	760.4039916992188
301.14040076137616	1	105024.5703125	1.5364400148391724
233.09170995589662	1	104224.7265625	822.1920166015625
468.13971458379984	1	104123.640625	692.3159790039062
74.0334045172075	1	104121.515625	2044.3399658203125
149.02304765603765	1	104085.59375	484.07000732421875
102.53223539257853	1	103013.1171875	2241.010009765625
82.02225862591833	1	102889.546875	2734.929931640625
392.2868655794195	1	102867.5859375	316.2850036621094
84.08311814300713	1	102529.453125	2681.75
162.07567070804168	1	102308.15625	1374.5799560546875
84.04438350566382	1	102235.7265625	569.8280029296875
148.09649449359745	1	102208.0078125	896.5079956054688
224.07740283536629	1	101260.0703125	742.27197265625
143.99662746291708	1	101113.953125	2266.699951171875
100.13892146239095	1	100859.1875	816.4559936523438
548.2164531452961	1	100543.9921875	791.7119750976562
102.06161428393804	1	100259.4375	2127.39990234375
128.05324447102848	1	100058.8359375	987.7260131835938
349.07009582476576	1	99990.640625	104.5780029296875
175.10559160900493	1	99892.65625	377.9849853515625
176.01301988943925	1	99679.875	4.393499851226807
363.0891678135339	1	99363.6171875	590.2940063476562
102.53523938198974	1	98706.765625	1514.3499755859375
468.1400335943618	1	98522.53125	742.27197265625
172.00706896484505	1	98494.0	1007.2100219726562
95.54531672801019	1	98456.2109375	2050.35009765625
104.03002150531779	1	98384.7890625	2432.0
153.07365185098274	1	98372.34375	806.3040161132812
319.0994289725834	1	98175.453125	556.739990234375
82.53708754743977	1	97691.6875	2349.89990234375
401.1314813328873	1	97546.3984375	456.30499267578125
263.0732412536227	1	97305.359375	731.5560302734375
100.12032119288729	1	96555.4375	820.7639770507812
217.06793838987525	1	96496.328125	555.2830200195312
279.1585139044471	1	96152.875	450.1570129394531
171.99126368849326	1	96080.375	11.614100456237793
95.04370240713291	1	95486.2578125	2518.929931640625
392.28707963201555	1	95105.15625	338.1579895019531
143.99658684075996	1	94836.578125	2283.280029296875
211.0824307142648	1	94729.8515625	832.1580200195312
116.1068111838194	1	93529.359375	345.7820129394531
95.04368224300086	1	92616.2109375	90.37560272216797
144.06524526111548	1	92505.1875	960.9180297851562
246.0794218459547	1	92406.5546875	549.4450073242188
187.08629773599327	1	92377.921875	816.4559936523438
488.234676375519	1	92006.390625	341.2099914550781
245.09552123144343	1	91631.265625	1160.469970703125
451.0991648411476	1	91527.75	104.5780029296875
82.5370900997198	1	91118.109375	2366.639892578125
82.53709042116064	1	90911.8046875	2333.27001953125
594.1596747270603	1	90765.2421875	104.5780029296875
310.14255284947313	1	90759.3984375	850.9320068359375
325.1316853183849	1	90509.265625	763.427978515625
311.17947910229634	1	89980.78125	829.3079833984375
391.14947410189353	1	89930.25	605.1060180664062
199.0290000642571	1	89578.265625	77.92140197753906
161.01089673936553	1	89304.1640625	456.30499267578125
170.15354431012975	1	89124.359375	317.8810119628906
139.00231820879233	1	89039.21875	440.7829895019531
559.150241359728	1	89015.4296875	614.0460205078125
310.14242217266076	1	88757.4765625	859.8839721679688
141.13838019666508	1	88348.5	816.4559936523438
115.03881556594271	1	88330.796875	793.1699829101562
319.135620016531	1	88191.625	400.47100830078125
149.02301787129463	1	88188.3203125	1.5364400148391724
82.02224930977358	1	88097.9765625	56.5442008972168
168.01587268591334	1	87273.6328125	2234.969970703125
84.0834586524407	1	86840.2265625	2480.81005859375
95.04370595281674	1	86826.765625	2534.10009765625
102.53220204754997	1	86565.015625	2303.0
101.09600956042699	1	86432.609375	45.9385986328125
150.026392099233	1	86229.4375	354.8819885253906
82.02226166575385	1	86031.203125	33.875
100.10419382350027	1	86003.0546875	819.3359985351562
187.0598245158022	1	85709.90625	835.0079956054688
157.01286710578984	1	84033.0	442.3580017089844
119.08937477377202	1	84002.78125	893.56201171875
392.2870805581847	1	83706.890625	582.9669799804688
211.03788248627865	1	83581.6875	1007.2100219726562
82.53708575263546	1	83272.890625	2315.1201171875
84.08294380214313	1	83189.859375	2722.800048828125
566.8877395633058	1	83116.0546875	1261.1700439453125
325.13164954607976	1	83052.359375	774.0120239257812
100.10218559270966	1	82969.21875	816.4559936523438
84.08340165313025	1	82948.3203125	2704.580078125
124.54346822804176	1	82927.2421875	2099.5
84.08296034607105	1	82918.1171875	2636.139892578125
187.05982547445203	1	82883.2890625	793.1699829101562
115.111509493532	1	82744.90625	29.34980010986328
271.08383118078314	1	82665.0703125	338.1579895019531
147.11244180447738	1	82559.7265625	1600.22998046875
84.08347243382845	1	82510.078125	2608.830078125
116.07034578890641	1	82300.1640625	10.160799980163574
413.2658359344541	1	82196.453125	338.1579895019531
131.07001738034865	1	81895.203125	403.739990234375
186.07570282562511	1	81723.640625	709.6439819335938
133.06853227673074	1	81705.3203125	998.2559814453125
206.07372482765896	1	81614.1484375	829.3079833984375
95.04369333511995	1	81547.1640625	2546.320068359375
649.2443940067279	1	81377.015625	787.3259887695312
200.1722111490431	1	81137.1953125	314.70098876953125
228.12795654468917	1	80811.6015625	1040.18994140625
126.98945820009607	1	80766.890625	2112.7099609375
121.12205288787534	1	80517.203125	39.90140151977539
84.08279958199958	1	80349.3671875	2737.969970703125
82.53708421173803	1	80102.421875	2256.139892578125
84.083471809583	1	79942.59375	2590.5400390625
195.08604911131906	1	79771.4140625	584.4290161132812
95.04681700157234	1	79458.6640625	2050.35009765625
95.04369298706924	1	79363.2578125	2564.6201171875
94.54538818658052	1	79024.1640625	99.80159759521484
141.95848702739335	1	78578.9140625	2130.3701171875
413.26575372579816	1	78208.3203125	377.9849853515625
109.04164030320695	1	78015.3984375	2108.300048828125
321.13168942462454	1	77891.140625	335.0950012207031
278.18586650673706	1	77766.453125	350.3349914550781
104.03002614345459	1	77472.15625	2457.919921875
141.95840706540005	1	76606.8515625	2343.85009765625
291.1543159071286	1	76141.28125	1112.3900146484375
155.04227843182284	1	76084.4140625	1112.3900146484375
84.07816737277074	1	76040.453125	2512.820068359375
82.53707485300717	1	76010.1328125	2173.449951171875
113.96346885899156	1	75929.53125	67.16580200195312
413.26567126137064	1	75031.921875	755.8800048828125
275.0995638069736	1	74896.1953125	395.55499267578125
130.5217699944892	1	74770.0859375	2050.35009765625
259.1127940775795	1	74571.3984375	1189.5799560546875
95.04369455096044	1	74562.9453125	2681.75
94.54534583481495	1	74466.359375	4.393499851226807
82.01378640528975	1	74451.859375	2048.840087890625
169.05793599583535	1	74321.546875	1100.8299560546875
287.16763830909207	1	74179.8359375	846.5399780273438
114.55828420169792	1	74117.578125	2154.070068359375
413.2657677692707	1	74112.921875	362.489013671875
239.08841151063305	1	73970.7890625	10.160799980163574
95.04369456560669	1	73654.4921875	2713.659912109375
89.1071476285451	1	73469.875	1942.6099853515625
95.04369190569679	1	73437.2109375	2736.4599609375
104.03002626053807	1	73378.40625	2485.3798828125
375.1518752995703	1	73318.5234375	415.21099853515625
414.2689670135549	1	73263.921875	450.1570129394531
363.0890939217812	1	73191.0546875	647.4420166015625
233.09167306579016	1	72915.359375	832.1580200195312
377.1049330927528	1	72417.390625	574.2050170898438
206.07360927742312	1	72086.4296875	794.6339721679688
566.1772369368817	1	71957.1171875	614.0460205078125
242.92488176606298	1	71730.0546875	1255.1300048828125
100.12371012679583	1	71597.21875	822.1920166015625
95.04369622527774	1	71507.1796875	2590.5400390625
216.10161141230776	1	71216.4375	341.2099914550781
263.0732454315857	1	71127.09375	922.22998046875
141.95844469543192	1	71074.6796875	2177.909912109375
238.116297861381	1	71019.4609375	653.718017578125
265.1177425335837	1	70901.3515625	400.47100830078125
577.1331813747644	1	70847.8984375	76.37339782714844
174.03825840977203	1	70842.015625	862.89599609375
348.07875304984293	1	70830.9140625	1230.3199462890625
293.17013510947584	1	70777.7578125	1909.800048828125
86.05978677986158	1	70749.9296875	1002.72998046875
141.95843120311469	1	70302.984375	2333.27001953125
154.9899022142507	1	70189.8984375	2018.6600341796875
128.01894980477874	1	69887.734375	24.84910011291504
325.165286020825	1	69847.1796875	734.64599609375
357.058580380052	1	69824.046875	311.5140075683594
94.54538112517116	1	69550.203125	79.45860290527344
141.95841211637705	1	69453.1171875	2316.6298828125
594.1599995159077	1	69414.2421875	76.37339782714844
141.0543926090181	1	69380.2421875	555.2830200195312
95.04369403010134	1	69341.3515625	2582.889892578125
141.9584357742494	1	69177.9765625	2204.860107421875
88.0391219919074	1	68988.40625	1052.510009765625
222.09683868775872	1	68946.6328125	801.9299926757812
190.9790733635879	1	68691.8046875	2062.3701171875
84.07774216146103	1	68676.453125	2625.530029296875
206.07363450909745	1	68645.953125	778.4879760742188
144.0652418303517	1	68606.8359375	1007.2100219726562
104.02998838967305	1	68533.8671875	1936.3499755859375
166.09236105082448	1	68310.4765625	745.3079833984375
261.09390327640244	1	68207.6875	504.88800048828125
176.01304075378368	1	68163.296875	56.5442008972168
79.01792457315729	1	68155.6796875	2117.110107421875
141.95848401504753	1	67909.8671875	2149.580078125
392.2868299473584	1	67874.9140625	682.6019897460938
282.1176405668444	1	67022.0546875	1390.3399658203125
223.08070566721273	1	66880.9921875	905.6160278320312
104.03001688779699	1	66641.8359375	2009.5
83.51708786793397	1	66087.2890625	2218.360107421875
141.95842157825558	1	66084.46875	2275.719970703125
468.13997530380215	1	65920.3828125	779.969970703125
274.09718858350055	1	65900.3828125	385.84100341796875
84.07781063445412	1	65831.2890625	2689.3798828125
128.0531896577461	1	65727.96875	423.2300109863281
114.55826407598735	1	65650.1875	2182.389892578125
170.08072922658675	1	65466.63671875	1081.18994140625
104.0299990382156	1	65302.19921875	1975.3399658203125
153.03267037674513	1	65293.48828125	2109.77001953125
102.5321780688238	1	65232.26171875	2387.929931640625
349.0700336652906	1	65167.578125	88.79399871826172
98.09630968612896	1	65125.99609375	345.7820129394531
141.95843536285986	1	65119.2109375	2218.360107421875
141.95853018668154	1	65056.20703125	2118.580078125
166.09531779103554	1	64773.04296875	745.3079833984375
171.01463785099486	1	64646.65625	1004.2100219726562
102.53219983572355	1	64608.125	2368.14990234375
175.09436958223472	1	64607.703125	341.2099914550781
168.0158360234238	1	64138.578125	2303.0
153.0326354465754	1	63965.66796875	2154.070068359375
141.95840565195022	1	63777.0703125	2244.02001953125
82.53707735099562	1	63452.51171875	2160.02001953125
451.0990424817909	1	63427.9921875	271.4389953613281
295.0258818615891	1	63371.6171875	990.7739868164062
104.03002606698188	1	63337.10546875	2517.39990234375
559.1499658659981	1	63203.7890625	639.6719970703125
95.04367944863782	1	63132.59765625	2624.0
414.2689878129447	1	63069.23828125	582.9669799804688
133.0757783673554	1	63058.4375	742.27197265625
392.1547874878804	1	62824.4296875	817.89599609375
82.53707113851718	1	62589.44140625	2123.0
201.00786036828345	1	62423.87890625	52.04280090332031
145.06854989770977	1	62409.88671875	379.5450134277344
178.97670926823304	1	62350.87890625	809.2139892578125
370.1488945613736	1	62209.18359375	672.8880004882812
348.98940228726093	1	61997.87890625	29.34980010986328
319.13564974665775	1	61861.53125	415.21099853515625
115.06289550710999	1	61596.01953125	1029.56005859375
184.98515830352548	1	61544.69921875	1.5364400148391724
84.07775429679175	1	61445.6953125	2575.27001953125
258.1178280152039	1	61442.359375	855.39599609375
84.08579883469858	1	61346.4140625	2613.3798828125
84.07650987606891	1	61186.640625	2544.780029296875
75.04396626481505	1	60978.6484375	403.739990234375
330.00779773761536	1	60827.078125	1.5364400148391724
113.96354038449981	1	60700.94140625	2039.8399658203125
417.19761406797863	1	60565.12109375	793.1699829101562
112.11992752009483	1	60534.81640625	314.70098876953125
84.07507154427061	1	60494.12109375	18.92799949645996
98.51189992463014	1	60337.53125	65.64659881591797
488.23470159943946	1	60281.5390625	347.29998779296875
74.53059822308325	1	60240.046875	2183.889892578125
540.119009886768	1	60100.39453125	810.666015625
406.1702365858567	1	59940.1015625	779.969970703125
216.09735286117643	1	59867.29296875	1102.47998046875
245.0818977040533	1	59853.34765625	709.6439819335938
87.0996368936882	1	59787.31640625	784.3920288085938
166.07803264048084	1	59778.4921875	745.3079833984375
153.03261081983217	1	59498.75390625	2164.510009765625
153.0326304563855	1	59326.48828125	2134.800048828125
114.55823656432725	1	59309.8515625	2233.4599609375
132.0762667162681	1	59206.0703125	1002.72998046875
688.3729864132396	1	59182.95703125	600.635986328125
130.09723083052444	1	58842.671875	945.239990234375
141.95851201882178	1	58571.39453125	2099.5
222.09681392066767	1	58549.046875	445.49700927734375
413.26562861244065	1	58497.81640625	1014.6599731445312
100.11188398788437	1	58316.42578125	957.7680053710938
84.07674648178252	1	58212.53125	2674.169921875
240.10763326642893	1	57968.640625	555.2830200195312
84.08697206171814	1	57535.73828125	2585.949951171875
151.0613820035471	1	57338.046875	827.8800048828125
392.1547864604016	1	57305.3671875	801.9299926757812
219.04693175924797	1	57244.79296875	7.272719860076904
279.10450409977983	1	57100.6796875	734.64599609375
114.55826916728368	1	57098.046875	2210.840087890625
103.03881752106307	1	57004.41796875	584.4290161132812
114.5582160006098	1	56971.234375	2266.699951171875
84.07675666245791	1	56870.703125	2596.6298828125
102.53216620899755	1	56625.1171875	2395.5400390625
166.0576782207713	1	56538.36328125	335.0950012207031
84.09455153536005	1	56479.453125	5.830530166625977
84.08596280287269	1	56447.13671875	2499.139892578125
688.3728825002	1	56445.24609375	582.9669799804688
356.09452663544226	1	56039.60546875	456.30499267578125
123.04852679016835	1	55944.0390625	95.08560180664062
407.11542597415985	1	55943.35546875	574.2050170898438
79.0178512469096	1	55826.71875	2349.89990234375
117.09073432431701	1	55737.50390625	17.456499099731445
106.0649134434145	1	55698.32421875	806.3040161132812
350.0572034095596	1	55667.7890625	911.6400146484375
240.1074806346957	1	55478.02734375	512.8460083007812
223.09732706671304	1	55197.61328125	660.072021484375
84.08600205966421	1	55185.9375	2558.530029296875
161.08996537042484	1	55028.05859375	345.7820129394531
296.06535937247685	1	55005.05078125	1231.949951171875
95.04368532636956	1	54981.76171875	56.5442008972168
212.0747994603339	1	54818.30859375	832.1580200195312
210.47922810908688	1	54749.3984375	2134.800048828125
169.0579409284479	1	54578.046875	1094.3499755859375
319.1357318087391	1	54547.37109375	392.28900146484375
153.0326079416059	1	54461.125	2176.429931640625
281.0946405790818	1	54296.69921875	1187.989990234375
249.10757108562166	1	54216.515625	1014.6599731445312
74.53055990935351	1	54184.984375	2380.340087890625
87.05508966203647	1	53990.36328125	1109.0999755859375
138.04245483638874	1	53967.1328125	619.9860229492188
599.1151157545198	1	53879.3359375	104.5780029296875
238.09287907806944	1	53628.765625	1084.4599609375
100.12772950152605	1	53593.7421875	816.4559936523438
282.11765903032887	1	53585.8203125	1396.6600341796875
201.0078369868381	1	53472.1875	7.272719860076904
511.1916778741346	1	53402.51953125	689.0880126953125
490.38881054544595	1	53365.76953125	810.666015625
289.0462407704822	1	53299.0390625	1071.4100341796875
261.0575376997591	1	53044.42578125	647.4420166015625
388.19589712649537	1	52907.87109375	849.4619750976562
100.11189117693853	1	52688.6796875	1014.6599731445312
207.98483230509095	1	52600.13671875	68.69219970703125
335.15955307554674	1	52512.5390625	360.9620056152344
149.06345061100492	1	52458.93359375	1019.1199951171875
74.53057619134417	1	52262.703125	2271.219970703125
101.1088898949331	1	52107.71875	816.4559936523438
84.08622932161579	1	52096.57421875	2684.800048828125
205.07872808911037	1	52071.1015625	547.9819946289062
103.03882346719661	1	52034.12109375	591.7680053710938
74.09635811282809	1	52028.52734375	24.84910011291504
407.1155570972857	1	51939.13671875	581.5089721679688
127.03876354676187	1	51898.140625	555.2830200195312
426.15990277534814	1	51880.5859375	703.416015625
106.0287788455526	1	51733.96484375	2105.360107421875
663.4520804292808	1	51690.9453125	308.3080139160156
437.1928848777413	1	51633.65625	314.70098876953125
100.11826261189934	1	51629.40625	836.4420166015625
180.98940412950927	1	51493.07421875	1.5364400148391724
169.00859910373856	1	51266.08203125	2114.169921875
200.07553016139804	1	51213.40625	1773.22998046875
166.09810647503127	1	51203.14453125	751.3560180664062
95.06832591408448	1	51157.55078125	606.593994140625
235.1932444587384	1	50998.234375	816.4559936523438
84.07677721944404	1	50903.14453125	2491.47998046875
168.0804243673496	1	50898.7109375	319.49200439453125
119.08126711680147	1	50682.75	1576.449951171875
100.11188191712476	1	50640.734375	993.780029296875
247.06641371268472	1	50557.6015625	555.2830200195312
104.03000349131284	1	50391.09765625	2712.139892578125
74.53055773405545	1	50282.47265625	2447.260009765625
84.07671007556627	1	50109.0078125	2454.889892578125
231.0471865663223	1	50087.6640625	568.3729858398438
371.0357371083736	1	50005.98046875	892.0380249023438
