100.1119602984063	1	2.1214136E7	814.5360107421875
102.03386166430708	1	2.079957E7	2111.300048828125
102.03382045376257	1	9506585.0	2209.239990234375
166.08606017724046	1	8890080.0	741.3779907226562
102.0338062217673	1	8844366.0	2236.840087890625
233.12818435048285	1	7908619.5	338.0450134277344
81.52059086785343	1	7843128.0	2106.830078125
102.03379366722936	1	7176992.5	2293.699951171875
114.06606795000721	1	7125373.5	1037.739990234375
167.01281820311976	1	6705547.5	2114.260009765625
298.0964864504379	1	6694484.0	597.3259887695312
170.08091776263808	1	6181829.0	910.1339721679688
102.03378624829399	1	6053368.5	2309.110107421875
132.1017695195959	1	5921166.0	783.7739868164062
102.03378103095308	1	5618334.0	2336.909912109375
102.03377345822152	1	4944516.0	2383.25
102.03377384972912	1	4893441.5	2358.550048828125
102.03377678534306	1	4855281.0	2392.5400390625
124.03918038348074	1	4767017.0	455.3890075683594
245.06318757628105	1	4426071.0	546.1220092773438
137.04564726440373	1	4372754.0	621.1920166015625
102.03376637900367	1	4261437.5	2431.18994140625
122.54711613044664	1	4106479.0	2103.840087890625
265.1114661023774	1	3916524.0	1768.4000244140625
245.06312378354244	1	3727983.5	557.7979736328125
167.01277335336877	1	3684585.75	2165.169921875
102.03376050415253	1	3661460.25	2459.050048828125
205.09689422901448	1	3619928.5	786.7260131835938
189.12307041961134	1	3611042.5	1067.43994140625
102.03376287471325	1	3592626.75	2443.590087890625
125.98620544492371	1	3556874.75	2121.679931640625
144.06537153011976	1	3539788.5	559.2520141601562
365.10502440575675	1	3497350.25	756.5759887695312
138.05481660288086	1	3481649.5	356.32598876953125
133.05934543890783	1	3345997.0	1768.4000244140625
116.07045383370809	1	3220678.25	951.7319946289062
102.03375626881251	1	3084693.75	2488.610107421875
255.1100490105685	1	2962731.25	338.0450134277344
102.0337485430174	1	2867819.75	2017.0400390625
102.03372529868338	1	2831542.25	1971.18994140625
136.06162382887567	1	2821307.25	896.4719848632812
102.03373444545586	1	2805956.25	2004.4000244140625
102.03375170868568	1	2783486.25	2516.570068359375
309.18392969046516	1	2728956.25	830.2979736328125
269.0877094536513	1	2708771.25	616.697998046875
102.09116476254401	1	2686523.75	4.422070026397705
102.03375605303994	1	2676346.5	4.422070026397705
102.03373612425476	1	2664201.25	1977.489990234375
102.03372119837027	1	2646621.25	1875.5899658203125
102.03375106740205	1	2613591.25	2533.64990234375
81.52057007512533	1	2595205.0	2253.7900390625
167.01273298654752	1	2481600.75	2209.239990234375
102.03374459902216	1	2471465.75	2544.6201171875
151.03519006794028	1	2463128.5	2058.39990234375
170.01152004809578	1	2438076.75	1000.239990234375
102.03373009294289	1	2437205.75	2746.699951171875
365.105109859605	1	2411798.25	798.4559936523438
102.0337259912143	1	2401759.5	91.86180114746094
81.52056208488449	1	2395739.75	2284.4599609375
167.01272935656706	1	2392735.0	2213.830078125
102.03373666469984	1	2392154.25	2567.85009765625
102.03374388126552	1	2355022.0	2592.699951171875
102.0337420007942	1	2346259.0	2609.81005859375
102.03373229794892	1	2296289.75	1800.8599853515625
102.03374024397326	1	2251287.75	2737.449951171875
81.52056499246758	1	2236757.75	2347.75
263.0735267098652	1	2236293.75	820.302001953125
263.0734341699511	1	2233422.25	783.7739868164062
347.09450920956976	1	2226339.75	549.0540161132812
102.0337338974391	1	2211842.5	2631.64990234375
102.03374233735398	1	2182610.5	1768.4000244140625
102.03373605491763	1	2164057.25	2647.22998046875
81.52056959236745	1	2156208.75	2409.5
167.0127054770998	1	2146876.5	2236.840087890625
127.05002859050852	1	2138209.25	972.4439697265625
81.5205631187594	1	2135759.75	2336.909912109375
81.52056954336359	1	2130482.0	2384.800048828125
81.52057474347758	1	2124451.5	2421.909912109375
118.08606598877793	1	2122830.75	893.4119873046875
102.03373961205517	1	2101119.5	2720.389892578125
81.52057287058908	1	2086183.5	2451.340087890625
102.03373578324121	1	2074929.875	58.87089920043945
102.03372810086975	1	2016321.625	1756.0699462890625
81.52057383821446	1	1989740.625	2466.830078125
102.03373204570052	1	1965216.875	41.944000244140625
102.03373463717269	1	1963940.875	2711.080078125
205.07052265549322	1	1943348.125	563.6129760742188
102.5353796782566	1	1839674.375	2111.300048828125
102.5353749694136	1	1823980.0	2103.840087890625
81.52057199841201	1	1817572.875	2549.31005859375
132.06532177498642	1	1804111.5	1003.219970703125
102.03370735149046	1	1796798.125	1705.02001953125
355.0630094414246	1	1794847.125	312.7560119628906
94.04510889533013	1	1740980.25	2171.2099609375
94.04516537000525	1	1720406.0	2115.739990234375
94.04512935355048	1	1716355.875	2151.610107421875
122.54704745641354	1	1714682.625	2236.840087890625
94.0450742087924	1	1697677.625	2236.840087890625
81.52057387110167	1	1681486.0	2611.360107421875
81.52057151167546	1	1679244.75	2737.449951171875
94.04508907357479	1	1663112.125	2213.830078125
202.14349245610256	1	1659998.25	871.7639770507812
81.52056988247243	1	1653909.25	2692.300048828125
81.52057241898731	1	1652647.875	2720.389892578125
81.52057557721632	1	1652647.875	2720.389892578125
102.03370176394282	1	1651632.375	1659.949951171875
365.1048701141501	1	1651327.625	706.9019775390625
94.04510280447553	1	1648716.0	2189.3798828125
110.01994342690499	1	1627849.25	2017.0400390625
120.08065419998833	1	1592159.625	741.3779907226562
81.52057143988385	1	1573229.625	2676.7099609375
472.1455569545758	1	1570021.0	830.2979736328125
90.97647133952864	1	1547667.5	1260.8900146484375
113.03441952566631	1	1520359.5	546.1220092773438
81.52055851648272	1	1512420.375	49.597999572753906
94.04504861519094	1	1499661.25	2293.699951171875
210.07921307670276	1	1495926.625	831.7260131835938
133.05933716473177	1	1494291.375	1789.969970703125
411.21544716776924	1	1494254.25	859.5479736328125
102.03369024905261	1	1477067.625	1614.72998046875
177.1019714418762	1	1468275.25	969.27001953125
102.53537982022556	1	1466949.75	2132.1201171875
150.05818614478494	1	1463159.125	828.8699951171875
101.11520536951876	1	1400228.75	814.5360107421875
167.01268709154485	1	1388946.75	2309.110107421875
152.07043287945183	1	1355942.0	804.323974609375
148.0601960760401	1	1334093.5	1018.1799926757812
245.0628942184479	1	1319695.0	585.531982421875
86.09625839855688	1	1316374.25	785.25
127.04999393574155	1	1308907.375	425.1789855957031
122.5470296214967	1	1306992.875	2293.699951171875
102.53534105996647	1	1293233.375	2153.110107421875
149.0231685439236	1	1259294.25	356.32598876953125
205.07056290962018	1	1255853.375	823.1640014648438
205.07052436086104	1	1221139.5	831.7260131835938
330.05932454843895	1	1215673.625	923.8079833984375
120.0653415045241	1	1198141.125	1050.1099853515625
144.06533817217735	1	1182738.875	376.427001953125
160.07545581381441	1	1175368.0	970.8599853515625
227.12476620143943	1	1162205.375	1042.3399658203125
94.54571456229095	1	1156118.625	2067.580078125
102.53533811669195	1	1112579.625	2165.169921875
234.13140347503023	1	1108033.375	338.0450134277344
188.0704111685498	1	1104523.0	789.6719970703125
205.07066830680716	1	1089565.375	795.52197265625
245.0757143203334	1	1081128.5	550.5159912109375
94.04502220519166	1	1074580.625	2400.219970703125
258.1096821693527	1	1062637.125	1189.9300537109375
111.11666438274422	1	1062604.125	315.9639892578125
94.04502270873667	1	1059097.0	2383.25
198.0026416255309	1	1055274.5	813.0780029296875
244.09240598714024	1	1053706.125	1160.530029296875
147.07615133331117	1	1053284.875	1085.3599853515625
174.10232922312434	1	1038044.625	376.427001953125
167.01265797810441	1	1037337.1875	2378.610107421875
122.5470193064866	1	1027729.0	2309.110107421875
167.01267074020825	1	1023974.75	2400.219970703125
122.54700564946431	1	1001029.875	2321.5
94.06503515726659	1	998081.875	612.22802734375
268.11751581273694	1	994703.1875	706.9019775390625
226.95103910602512	1	990688.0	1260.8900146484375
377.14512997317047	1	961732.875	464.6180114746094
102.53533913515743	1	948132.25	2184.830078125
199.1689979138732	1	943504.875	315.9639892578125
94.04501238941069	1	941089.25	2431.18994140625
79.02115405160646	1	933536.625	497.83099365234375
122.54700875268695	1	930645.1875	2329.199951171875
409.1601670529873	1	917844.25	587.0
125.98615242150728	1	917214.75	2253.7900390625
176.10266237331365	1	916792.9375	1138.8199462890625
167.01265647734186	1	892638.0	2431.18994140625
167.0892668573604	1	888018.375	739.85400390625
182.9849376080232	1	881534.5625	2.976530075073242
90.05481472233025	1	878967.25	1105.4000244140625
122.54701101925522	1	863218.625	2346.199951171875
324.1285131428525	1	861839.6875	764.177978515625
89.50663636717678	1	853345.9375	2.976530075073242
280.09151268984795	1	832643.0	1193.1700439453125
198.00264476887224	1	821331.0625	820.302001953125
125.9861424415548	1	807222.5	2270.659912109375
391.28358839524213	1	803076.0625	199.07000732421875
174.09118885635908	1	801202.125	338.0450134277344
299.09964858878254	1	796000.4375	601.781982421875
94.04500698362466	1	795504.375	2459.050048828125
83.08551849785789	1	793034.8125	814.5360107421875
90.52592939418487	1	790836.125	2106.830078125
112.05031147157703	1	789248.3125	1163.81005859375
160.08675015902728	1	771135.375	347.2130126953125
244.07877901939673	1	769212.9375	710.0339965820312
81.52053353397633	1	766672.3125	2010.760009765625
165.05443989966804	1	766194.0	339.5820007324219
263.0733345586668	1	759761.0625	849.0780029296875
134.04454403428474	1	757667.5625	1053.239990234375
129.12718759116956	1	756891.75	315.9639892578125
102.53532049709953	1	756105.625	2236.840087890625
133.060515721962	1	755524.0625	1112.0799560546875
400.1281256481214	1	748103.4375	447.6340026855469
122.54700266852969	1	745441.25	2392.5400390625
90.52591389462754	1	744562.1875	2129.1298828125
125.986145381568	1	743671.75	2307.570068359375
167.01265265971477	1	740689.8125	2443.590087890625
182.98507501000788	1	736146.25	2037.0799560546875
125.98613229310118	1	734386.6875	2323.030029296875
273.0940322817596	1	733378.3125	385.9150085449219
81.52053000270354	1	728489.5625	1994.9300537109375
174.091145091097	1	712898.125	334.9670104980469
81.5205191330089	1	710363.0	1953.7099609375
383.0941216420995	1	703074.375	268.8999938964844
537.1684219991863	1	700339.5	621.1920166015625
94.04499841473114	1	694268.75	2488.610107421875
467.1367721631407	1	680761.75	745.9559936523438
125.98613531188039	1	676639.625	2350.830078125
204.08638946749966	1	673359.875	710.0339965820312
106.04969053358384	1	667109.3125	1113.760009765625
349.0538751988332	1	660861.25	908.6220092773438
81.52051527078225	1	656960.0	1937.800048828125
467.1365329644903	1	646582.0625	695.8079833984375
90.52590227394882	1	642541.625	2145.639892578125
125.986136239227	1	613184.3125	2370.8701171875
234.13329364501928	1	610543.875	759.6119995117188
465.24934127117734	1	608700.75	345.6910095214844
102.53530861930949	1	603277.5625	2282.93994140625
125.98613951546002	1	601540.1875	2381.7099609375
94.04498649518213	1	596867.5625	93.45120239257812
255.94404092450824	1	594808.0	2114.260009765625
167.01262644082303	1	591119.4375	2488.610107421875
90.52576681887989	1	584231.5625	2504.14990234375
237.1130887649971	1	581927.6875	652.031982421875
122.07113514105644	1	581876.1875	1766.8599853515625
94.04500107831453	1	581388.4375	2507.2900390625
72.08078281077539	1	573422.9375	893.4119873046875
125.9861266574083	1	572066.25	2409.5
94.0449976462299	1	571577.75	2516.570068359375
90.52574470135194	1	570550.9375	2574.0400390625
75.0803986182372	1	570343.0	11.758099555969238
90.52574316946533	1	570098.1875	2740.52001953125
90.5257734047629	1	568432.1875	2482.429931640625
90.52577835151658	1	563147.125	2445.139892578125
171.08412052812417	1	562299.25	910.1339721679688
90.52576003458884	1	561127.8125	2524.330078125
122.54698506935894	1	557317.4375	2424.989990234375
94.04497865942287	1	557220.875	2746.699951171875
89.50676341134668	1	556802.75	2046.219970703125
113.03440720475331	1	555444.875	464.6180114746094
90.52574169486358	1	552715.6875	2611.360107421875
122.54691644820866	1	548149.8125	91.86180114746094
102.53531809290756	1	543584.4375	2309.110107421875
232.06109775626442	1	543529.3125	841.7760009765625
90.5257513027509	1	542140.875	2541.5
90.52574991669732	1	542019.4375	2589.56005859375
89.50671868749183	1	539886.375	2020.1300048828125
413.2654859276386	1	538642.375	199.07000732421875
102.03367399355173	1	538171.75	1193.1700439453125
151.03523111597025	1	535986.25	2153.110107421875
125.98612885995824	1	532857.625	2440.489990234375
508.20210404158996	1	532605.125	753.552001953125
246.09677122239336	1	531303.125	563.6129760742188
205.0703705490775	1	527302.4375	849.0780029296875
81.52051703795982	1	525496.0625	1827.6600341796875
84.95967808103347	1	523432.78125	2106.830078125
94.04499237302173	1	514658.0625	2544.6201171875
126.02183837319097	1	508785.53125	975.6119995117188
94.04498230254	1	508212.40625	2609.81005859375
81.52053125031681	1	506583.75	1779.1300048828125
151.03521380642763	1	505220.84375	2160.639892578125
90.52578949373543	1	501254.09375	2421.909912109375
117.13845705416558	1	501093.625	1971.18994140625
125.98612217616149	1	499654.0	2466.830078125
467.136551475669	1	497965.53125	676.2420043945312
266.1146491892904	1	497676.90625	1768.4000244140625
175.11869696401874	1	497636.1875	1585.760009765625
90.52587647859438	1	496256.53125	2178.77001953125
90.52573972649206	1	495980.46875	43.46770095825195
104.03011641735733	1	494910.53125	2114.260009765625
94.04498590593505	1	493851.5625	2567.85009765625
243.09714204125493	1	493239.65625	421.9909973144531
94.04498446385733	1	491838.0	2737.449951171875
73.53187861069378	1	490132.28125	2148.6298828125
158.96376510665993	1	489637.9375	1260.8900146484375
94.04498938456224	1	489451.625	2592.699951171875
217.17952514506453	1	486659.125	319.2019958496094
81.52051804835344	1	482654.875	1793.0799560546875
94.04497470040734	1	480927.75	2631.64990234375
90.5257258902222	1	480473.75	23.683300018310547
94.04497966826206	1	479937.1875	2664.300048828125
73.53186876998069	1	474317.375	2153.110107421875
94.04498119488318	1	473910.3125	2720.389892578125
125.9861229752895	1	473492.34375	2479.330078125
82.02224786630389	1	471039.5625	2112.77001953125
196.00340771343338	1	469605.75	814.5360107421875
90.52587362557945	1	466928.5	2197.02001953125
81.52053285448963	1	465177.125	1766.8599853515625
81.52051971260487	1	464655.5	1752.969970703125
366.1083028750619	1	464303.0	756.5759887695312
137.0455896033869	1	462234.625	908.6220092773438
169.04935145174568	1	453795.03125	566.5189819335938
151.03520811981662	1	453198.3125	2189.3798828125
167.0126147713575	1	451121.78125	2592.699951171875
94.0449741830579	1	450004.75	46.52880096435547
102.53532008563779	1	437690.5625	2353.909912109375
90.52580424261954	1	437664.3125	2387.89990234375
73.53185810256407	1	436956.375	2178.77001953125
169.04933966346485	1	436876.84375	557.7979736328125
151.03518786691657	1	435658.78125	2204.64990234375
123.04871813945572	1	435518.53125	2103.840087890625
167.0126250112207	1	433209.8125	2609.81005859375
263.07344273133634	1	428454.875	572.35302734375
167.01259891385104	1	428044.53125	2631.64990234375
167.01259498140644	1	426332.78125	2746.699951171875
167.01257599479112	1	423948.3125	85.50900268554688
135.04383986883437	1	422021.59375	804.323974609375
345.13350449054127	1	421454.28125	884.166015625
90.52581485286005	1	421395.53125	2350.830078125
90.52580705750589	1	418969.96875	2384.800048828125
70.01273391246228	1	418918.8125	2106.830078125
90.5258275241267	1	417736.46875	2284.4599609375
324.058549950541	1	416039.375	1178.5699462890625
73.53183934182522	1	413911.125	2221.5
90.52584054207236	1	411508.96875	2253.7900390625
206.10015309829964	1	409631.75	786.7260131835938
151.0351748092991	1	409348.4375	2221.5
125.986127143284	1	407103.90625	2606.68994140625
222.09688454849865	1	407100.03125	708.468017578125
73.5318507298485	1	405978.15625	2204.64990234375
167.0126014941848	1	405728.65625	2720.389892578125
167.0125923564994	1	399077.5	2658.080078125
133.56092782355412	1	397719.5	1776.050048828125
275.0733904723338	1	396356.84375	566.5189819335938
151.03516424529005	1	395889.90625	2236.840087890625
104.03009776004086	1	391613.78125	2094.85009765625
487.2311429867497	1	389313.25	338.0450134277344
125.98610287417222	1	389154.71875	2611.360107421875
73.53183946710075	1	388838.46875	2253.7900390625
81.52051120815644	1	388680.03125	1714.6600341796875
90.52582645560899	1	386505.25	2307.570068359375
125.98609955642026	1	385409.625	2748.260009765625
125.98609766826404	1	385112.65625	2752.89990234375
73.53181781847577	1	384765.90625	2409.5
73.53182735853756	1	384130.5	2276.820068359375
227.05225802223276	1	383751.0	447.6340026855469
291.1045745027744	1	383592.8125	520.2470092773438
167.03367510142496	1	383550.125	357.8429870605469
114.55828275386237	1	383368.53125	2041.6400146484375
256.11329637270916	1	381577.40625	338.0450134277344
70.01271390138051	1	380120.15625	2133.6201171875
167.01260037016374	1	379912.9375	2715.75
151.03513894593587	1	377991.40625	2293.699951171875
167.01259268559724	1	377259.09375	2695.409912109375
305.08372834457845	1	376076.71875	621.1920166015625
275.0733379588416	1	374938.65625	559.2520141601562
73.53181428167821	1	374884.8125	2451.340087890625
81.52051252952462	1	374603.53125	1684.1400146484375
246.06620758244074	1	374525.5	546.1220092773438
70.06516655637412	1	374032.25	384.3210144042969
133.10501686331853	1	373951.8125	783.7739868164062
104.03009572311106	1	373232.46875	2135.1201171875
263.07338829277325	1	370995.78125	637.9019775390625
117.05446829729499	1	368747.53125	467.68701171875
167.01257506789256	1	368493.8125	41.944000244140625
547.2129969708215	1	366578.3125	791.1300048828125
356.06624451986613	1	364255.875	314.36199951171875
73.53182494299405	1	363126.8125	2304.5
73.53181921617261	1	363037.3125	2398.68994140625
73.53182405583824	1	360932.03125	2323.030029296875
125.9860953057779	1	360450.25	2625.389892578125
125.98610041717279	1	359743.65625	2690.739990234375
141.95839814302192	1	359360.46875	2.976530075073242
73.53180727428659	1	357521.1875	2516.570068359375
208.03927127118902	1	357191.28125	2115.739990234375
73.53183147295735	1	356676.4375	2296.7900390625
73.53182004603795	1	352325.71875	2375.489990234375
125.98609259995412	1	352010.125	2662.75
130.04968848538388	1	351922.625	1082.06005859375
73.53182319804603	1	351000.1875	2350.830078125
125.986088747237	1	350073.96875	2651.889892578125
73.53181545483451	1	349691.53125	2431.18994140625
73.5318233153216	1	348884.53125	2341.530029296875
73.53181062636054	1	348451.09375	2466.830078125
151.03513231809862	1	347818.28125	2270.659912109375
110.00872304695588	1	345375.65625	2052.300048828125
122.54698021735742	1	341603.84375	2459.050048828125
125.98608627289369	1	340941.75	55.75979995727539
266.0742364486613	1	340702.8125	1163.81005859375
152.07035874837945	1	340469.4375	908.6220092773438
310.18713655662145	1	339684.125	831.7260131835938
73.53179873486823	1	339007.25	2720.389892578125
151.03513433298997	1	338948.46875	2309.110107421875
255.94400041194203	1	337051.4375	2139.6298828125
279.13343674826325	1	336830.0625	1127.1199951171875
291.0696056062829	1	334877.28125	616.697998046875
159.07611827404142	1	334168.5625	1138.8199462890625
252.0896963531147	1	333945.71875	795.52197265625
114.55829218884932	1	332512.09375	2062.989990234375
335.0942568308427	1	329756.90625	677.8800048828125
73.53180306391513	1	326740.28125	2550.860107421875
151.03512520389728	1	326365.90625	2336.909912109375
339.01578606049685	1	324257.5625	997.2420043945312
73.53179750644775	1	323862.9375	2752.89990234375
191.10228789312112	1	322827.46875	1422.199951171875
167.01253364056905	1	319252.0625	4.422070026397705
70.01264146161475	1	317405.4375	2729.679931640625
151.03512182256873	1	317335.0	2321.5
339.0158198406754	1	315608.15625	1016.6900024414062
287.09971010430553	1	315450.28125	400.6679992675781
219.08362500755428	1	314517.53125	566.5189819335938
81.5205066335635	1	314122.84375	1651.8900146484375
70.0126393906449	1	313550.6875	2572.489990234375
70.0126469474605	1	312724.90625	2611.360107421875
125.9860585913036	1	311416.6875	34.272701263427734
153.03261517098062	1	311074.0	2053.81005859375
70.012647664476	1	310005.4375	2553.919921875
70.01263945889777	1	308941.15625	2687.60009765625
115.06928048736172	1	307723.84375	1028.6300048828125
70.0126468577151	1	307574.03125	2532.090087890625
73.53180525608636	1	307130.90625	2606.68994140625
70.01264818810006	1	305906.78125	2518.1298828125
70.0127243500533	1	305452.0	2102.35009765625
152.05642238106051	1	303875.28125	862.572021484375
73.53179936738498	1	303747.9375	2665.85009765625
70.01264205481651	1	302783.0	2597.39990234375
70.01264990531547	1	301761.78125	2539.919921875
413.2654909740699	1	301605.25	215.63800048828125
82.53710580953079	1	300173.53125	2046.219970703125
73.53180338724206	1	300112.84375	2598.949951171875
158.00263441376626	1	299808.03125	23.683300018310547
70.0651496127183	1	299344.25	947.0159912109375
70.01265287521746	1	296883.1875	2510.39990234375
125.04241335588206	1	296766.8125	455.3890075683594
102.05476773052968	1	294481.1875	1128.800048828125
146.49944787230552	1	293049.96875	2121.679931640625
70.01264196198521	1	292122.9375	2625.389892578125
168.01601800740627	1	291360.96875	2115.739990234375
70.01266006701643	1	291194.65625	2440.489990234375
202.17983176415893	1	290839.4375	929.9340209960938
190.12629803427106	1	290544.90625	1061.0899658203125
509.1597247629348	1	290128.96875	1163.81005859375
81.52051134636967	1	287761.125	1638.989990234375
202.06822880267364	1	286195.21875	1375.699951171875
73.53179672013822	1	285752.21875	2658.080078125
73.53179481130576	1	285358.5625	58.87089920043945
89.5068061852553	1	282960.0625	2082.820068359375
151.03510249613007	1	282248.875	2375.489990234375
73.5317986482948	1	281569.71875	2634.800048828125
143.99673169921854	1	281262.78125	2121.679931640625
70.01263997128996	1	277550.96875	48.058101654052734
114.55824547759804	1	276806.90625	2035.550048828125
156.07650164670355	1	276402.875	1525.969970703125
70.01263678483284	1	276122.9375	2648.780029296875
72.0807994993795	1	275424.71875	1963.25
300.0920732070447	1	273165.21875	594.364013671875
393.1361797778077	1	271352.1875	475.41400146484375
249.09400812050526	1	271179.03125	652.031982421875
205.07037439516148	1	270030.46875	700.5960083007812
70.0126413308072	1	269818.125	2636.35009765625
95.04382948741673	1	269285.875	2171.2099609375
348.09770362230114	1	268410.9375	547.5889892578125
122.54697031668941	1	268331.75	2488.610107421875
152.03594348589405	1	267605.1875	2056.8798828125
70.01263963024606	1	267506.09375	2673.6298828125
270.0908918992194	1	266738.1875	616.697998046875
74.53058452901075	1	266053.09375	2053.81005859375
82.53710258354245	1	264965.75	2069.1201171875
325.04266211570524	1	261950.4375	852.0419921875
179.08123851315418	1	258563.53125	357.8429870605469
139.0580717417164	1	257180.921875	356.32598876953125
81.52050503476138	1	256023.15625	1605.050048828125
142.02613088249345	1	253945.0625	1180.2099609375
294.9383466138826	1	253902.28125	1260.8900146484375
95.04384218682426	1	253608.359375	2153.110107421875
81.52051981480481	1	252569.890625	1582.52001953125
73.53178986003388	1	251885.796875	23.683300018310547
76.03921364864517	1	251430.78125	1117.1199951171875
102.53533082149222	1	250796.875	2507.2900390625
102.53535381098197	1	250672.484375	2017.0400390625
102.53527559467227	1	249403.25	1971.18994140625
102.53533653126857	1	249398.5	2533.64990234375
246.09691401626313	1	248920.21875	824.5919799804688
412.21878461715613	1	248850.78125	859.5479736328125
296.97068292819296	1	247596.953125	2111.300048828125
95.04387093510411	1	246525.203125	2121.679931640625
151.0350812582629	1	244513.4375	2446.679931640625
229.0815702154683	1	243184.25	472.3089904785156
110.00869008040546	1	242986.25	2062.989990234375
95.04378627594467	1	239909.984375	2236.840087890625
329.0837555930286	1	238621.25	438.0979919433594
104.03007966817323	1	237572.96875	2184.830078125
102.53531891638588	1	237284.921875	2550.860107421875
89.50671270204629	1	236437.46875	2409.5
348.09766868496615	1	236227.515625	537.2349853515625
102.5352748712756	1	234896.90625	1942.56005859375
413.2655749357445	1	234576.578125	164.39500427246094
147.0438548738916	1	232198.625	338.0450134277344
366.1084401703284	1	232133.03125	804.323974609375
487.1777114681259	1	231576.828125	1163.81005859375
238.0930566084522	1	230943.703125	714.75
95.0438163124977	1	229996.828125	2195.47998046875
393.13624644506143	1	228337.828125	472.3089904785156
89.50668785567271	1	227803.15625	2482.429931640625
202.06823783377374	1	227088.625	1391.699951171875
187.05991202342	1	226337.90625	565.0659790039062
102.53529033058504	1	225745.828125	1920.260009765625
102.53527743229627	1	225745.828125	1920.260009765625
574.1772488796513	1	225721.171875	830.2979736328125
95.04377815089006	1	223551.640625	2278.35009765625
246.096855356926	1	222817.984375	831.7260131835938
74.03223158214573	1	222461.609375	2056.8798828125
89.50668706419889	1	221702.140625	2502.590087890625
95.04380093676221	1	221449.921875	2221.5
348.0977196690263	1	220136.484375	559.2520141601562
145.06860792208153	1	219710.453125	559.2520141601562
138.04886174573915	1	218781.609375	615.2100219726562
307.10186756051553	1	218453.71875	566.5189819335938
168.98943721016474	1	216263.140625	885.7139892578125
115.03883409179029	1	216247.890625	557.7979736328125
151.03506624425543	1	216026.875	2482.429931640625
246.06612288159812	1	215792.640625	532.708984375
136.06166196893756	1	215430.859375	600.2940063476562
102.53531292078013	1	215271.890625	2746.699951171875
102.5352843098059	1	215171.046875	1886.739990234375
89.50667765509645	1	214944.765625	2516.570068359375
169.0492988321131	1	214734.359375	823.1640014648438
487.2311860825192	1	214428.859375	345.6910095214844
151.0863589726284	1	214335.0	348.7359924316406
473.1489939754109	1	213841.734375	837.4559936523438
122.5469477707261	1	213723.40625	2516.570068359375
151.03506729773292	1	213097.78125	2502.590087890625
102.53529469523465	1	212526.390625	4.422070026397705
123.04019763931252	1	212145.25	2050.780029296875
307.10191300503647	1	211198.671875	767.2319946289062
362.92566414362074	1	210631.03125	1260.8900146484375
141.95847864290235	1	210426.703125	2052.300048828125
182.9849750176875	1	209795.8125	2424.989990234375
182.9849743437493	1	209630.9375	2451.340087890625
102.53229621150138	1	209497.703125	2087.31005859375
82.02223521054164	1	209224.578125	2204.64990234375
101.07084018207789	1	208022.109375	911.64599609375
151.03504541295914	1	207598.859375	2533.64990234375
102.5353131995477	1	207385.625	2569.39990234375
249.12301090559416	1	207114.375	362.4259948730469
198.08456040939657	1	206950.515625	1140.510009765625
101.07084510493915	1	206476.3125	1018.1799926757812
102.53530539811388	1	206154.796875	2631.64990234375
366.1081304242828	1	204994.25	706.9019775390625
348.0698742005831	1	204909.078125	1031.6500244140625
102.53529974316575	1	204821.015625	96.6449966430664
182.98493349535988	1	204601.09375	2533.64990234375
124.0867557638401	1	204454.09375	852.0419921875
123.04863989316895	1	203861.359375	2213.830078125
89.50673802098203	1	203287.53125	2272.18994140625
102.53530597553888	1	202936.75	1800.8599853515625
182.98499798149274	1	202921.796875	2392.5400390625
102.53527391612911	1	201895.671875	1854.81005859375
89.50666667069	1	201846.90625	2550.860107421875
182.98496440338965	1	201053.1875	2459.050048828125
89.50665733565599	1	200979.734375	2746.699951171875
182.98490673891325	1	200730.046875	2664.300048828125
392.2867858887847	1	198496.5	199.07000732421875
81.5205157097285	1	197910.03125	1529.199951171875
271.1048962417197	1	197049.421875	360.89300537109375
102.53531872523827	1	195537.453125	2592.699951171875
104.03006195938747	1	194492.375	2224.550048828125
89.50678650075173	1	194231.59375	2169.679931640625
89.50677494847035	1	194183.859375	2203.1298828125
89.5066539519021	1	193436.03125	65.0790023803711
182.9850278119108	1	192726.765625	2209.239990234375
182.9849522792262	1	192572.453125	2488.610107421875
89.50682218815837	1	192111.59375	2129.1298828125
99.04394043782295	1	192075.796875	467.68701171875
182.98499304553445	1	191665.640625	2378.610107421875
182.9849568681261	1	191253.21875	2507.2900390625
335.0942950671754	1	191165.3125	706.9019775390625
89.50675681126	1	191027.59375	2221.5
169.04927288974005	1	190904.078125	798.4559936523438
169.0492762614963	1	190589.671875	831.7260131835938
803.5409813077015	1	190515.578125	199.07000732421875
151.0350404652801	1	190383.40625	2522.780029296875
89.50673647752201	1	190199.03125	2290.6201171875
89.50666049189917	1	190163.328125	2704.830078125
102.5353157817247	1	190105.546875	1811.8599853515625
182.98505617984162	1	189880.390625	2197.02001953125
182.9849080753582	1	189841.671875	2737.449951171875
182.9849327084203	1	189647.359375	2676.7099609375
95.04376746077571	1	188931.921875	2309.110107421875
89.50667000844457	1	188631.5625	2597.39990234375
182.98500324766906	1	188493.296875	2321.5
89.50666615312758	1	188288.28125	2623.830078125
182.98492118818612	1	188130.15625	2567.85009765625
304.1749737367835	1	187477.015625	873.31201171875
102.5353188950936	1	186574.359375	2704.830078125
89.50681118743135	1	185739.71875	2145.639892578125
182.98506330681363	1	185468.28125	2168.179931640625
151.03503067102764	1	185060.203125	2557.010009765625
102.53532264288611	1	184827.0625	1789.969970703125
133.56093345059608	1	184683.390625	1789.969970703125
89.506659594668	1	184584.75	2631.64990234375
89.50674618571858	1	184557.109375	2253.7900390625
182.98500179936175	1	184348.0625	2352.3701171875
180.9759637430173	1	184287.578125	810.1619873046875
180.08629016048664	1	184229.203125	1377.2900390625
144.04753084924556	1	183485.765625	1766.8599853515625
246.09683425933378	1	183462.265625	795.52197265625
182.98500096834084	1	183289.671875	2278.35009765625
81.03346542448834	1	181555.65625	467.68701171875
102.5353148266371	1	181000.421875	2664.300048828125
180.0862911991384	1	180602.59375	1406.1600341796875
70.01266470718048	1	179781.015625	2323.030029296875
205.07041324630222	1	179204.140625	381.14300537109375
307.1019236975286	1	179185.875	795.52197265625
101.07082513386793	1	179049.5	1105.4000244140625
89.50666263749778	1	178347.1875	2653.449951171875
238.07077307081937	1	178173.078125	540.218994140625
101.070821122971	1	177150.234375	885.7139892578125
101.07081962654817	1	177145.71875	1085.3599853515625
151.03503124777913	1	177135.515625	2740.52001953125
151.0350381278624	1	177131.734375	2723.5
182.98489952637448	1	177067.796875	2658.080078125
111.02005538602964	1	177042.53125	2017.0400390625
182.98507801274906	1	176730.390625	2139.6298828125
70.0126826061064	1	176650.546875	2256.860107421875
169.0492841694855	1	176377.953125	591.4149780273438
151.03503283474996	1	176348.21875	2752.89990234375
264.07663346977074	1	176281.015625	789.6719970703125
117.07371975068973	1	176270.625	951.7319946289062
182.9849497152927	1	176260.4375	2515.0400390625
151.03502101531322	1	176117.25	2574.0400390625
151.03503010476066	1	176117.25	2574.0400390625
102.53528606375191	1	174937.625	1756.0699462890625
151.03504339200427	1	174003.234375	2592.699951171875
122.54693580626484	1	173077.796875	2544.6201171875
203.14678616876606	1	172722.078125	871.7639770507812
151.03502041732114	1	172410.515625	2704.830078125
182.98491903990538	1	171043.4375	2589.56005859375
81.04469982726393	1	170952.296875	972.4439697265625
102.5352755292052	1	170234.4375	1721.0799560546875
151.03502764249933	1	169091.90625	2681.3701171875
102.05480795522135	1	169021.59375	1045.449951171875
102.05483264374165	1	169021.59375	1045.449951171875
70.01266096315992	1	168627.46875	2330.75
79.0178455986684	1	168405.015625	2574.0400390625
151.03502607526852	1	168201.53125	2631.64990234375
151.03501717044156	1	168166.3125	2668.93994140625
182.98492365122337	1	168035.828125	2706.389892578125
100.10891533874593	1	167949.046875	817.427978515625
182.9849063590982	1	167387.125	2619.159912109375
182.9849349541888	1	166394.765625	2609.81005859375
95.04375523798615	1	166278.203125	2346.199951171875
79.01784544016279	1	164326.296875	2729.679931640625
128.01910513116934	1	164116.46875	2052.300048828125
79.01784280386872	1	163321.640625	2591.1201171875
442.2280862278995	1	162559.171875	814.5360107421875
430.9131164720775	1	160764.8125	1260.8900146484375
102.53530502010918	1	160052.515625	28.214000701904297
449.1260925088727	1	159496.828125	549.0540161132812
83.51708806039834	1	159354.46875	2121.679931640625
384.09740808054204	1	159060.671875	268.8999938964844
149.02300941729095	1	158999.34375	199.07000732421875
133.03155884627458	1	158881.125	827.447998046875
151.03498611487223	1	157772.0625	49.597999572753906
95.04375880879773	1	156937.5625	2355.43994140625
83.51708203343972	1	156396.921875	2129.1298828125
79.01785685453369	1	156302.484375	2515.0400390625
104.03005431983453	1	156271.09375	2293.699951171875
85.02822964714727	1	155825.3125	582.6069946289062
122.5469214063293	1	155513.390625	2746.699951171875
410.16356538025764	1	155094.546875	587.0
474.217837743937	1	154307.796875	795.52197265625
104.03004723657807	1	152146.140625	2263.010009765625
426.1601490943483	1	152108.421875	741.3779907226562
102.03058144088693	1	152079.125	2118.7099609375
513.2470493488033	1	151916.4375	859.5479736328125
264.0767234931125	1	150976.28125	820.302001953125
122.54692962969965	1	150598.3125	2567.85009765625
375.1256193782532	1	150563.75	402.3190002441406
95.04375385191194	1	150467.75	2392.5400390625
79.01786185349113	1	149817.75	2504.14990234375
340.1962003397206	1	149636.421875	815.9879760742188
378.14851622597894	1	148652.78125	464.6180114746094
399.12695109843946	1	147779.671875	467.68701171875
449.12613567301054	1	147519.015625	554.8909912109375
204.0864519454421	1	147166.09375	805.781982421875
130.04968760500665	1	146560.734375	1016.6900024414062
194.00526346908396	1	146057.265625	813.0780029296875
348.0697568275415	1	144651.203125	1054.81005859375
206.07372506109084	1	144473.421875	565.0659790039062
116.10682420899315	1	144437.796875	344.1659851074219
122.54692369207436	1	144286.390625	2577.1298828125
267.10696287552537	1	143563.6875	1768.4000244140625
391.283699692391	1	142741.671875	785.25
83.51708615733672	1	142065.484375	2102.35009765625
81.52053100672588	1	141815.296875	1464.25
104.0300496172351	1	141745.40625	2309.110107421875
122.5469271979928	1	141574.5	2609.81005859375
74.0599972627926	1	141536.125	1051.6800537109375
466.2527666121334	1	141385.078125	338.0450134277344
123.04863157346988	1	141177.515625	2278.35009765625
122.54691257698502	1	141102.046875	2631.64990234375
124.08672306967472	1	140858.78125	403.9649963378906
146.49941170339142	1	140208.015625	2159.139892578125
82.02223217814146	1	139850.953125	2409.5
82.02223082414189	1	139429.578125	2323.030029296875
200.00271030006786	1	139156.671875	813.0780029296875
82.53709257784469	1	138885.828125	2746.699951171875
379.15289205924915	1	138711.546875	890.3460083007812
220.1176220226184	1	138647.109375	843.2219848632812
79.01783146550751	1	138624.953125	38.86090087890625
124.08675933590123	1	138384.203125	951.7319946289062
178.10522713700303	1	137647.46875	967.6680297851562
365.10491161777304	1	137233.59375	953.3099975585938
82.53708983590543	1	136257.140625	2712.639892578125
102.02867239724503	1	136003.390625	2103.840087890625
143.99653455892317	1	135684.390625	19.164499282836914
110.52150759195855	1	135268.171875	2017.0400390625
192.0615535128178	1	135195.28125	2049.260009765625
364.0996235705635	1	134886.609375	426.7820129394531
413.2656351455632	1	134777.5	135.5449981689453
577.1330874592294	1	134715.828125	103.1259994506836
135.04383016701664	1	134509.8125	826.02001953125
102.03044619193585	1	134165.125	2103.840087890625
254.1019311631436	1	134026.328125	795.52197265625
82.02223260468655	1	133711.109375	2445.139892578125
82.02223368122807	1	133467.71875	2335.3701171875
610.2335095069708	1	133212.359375	747.47998046875
349.0700344998377	1	132957.171875	103.1259994506836
79.01786147410219	1	132872.890625	2471.5400390625
82.02223420563888	1	132816.109375	2304.5
137.06480304799993	1	132608.203125	898.0020141601562
465.16862586853534	1	132459.703125	714.75
82.02223917402402	1	132293.921875	2341.530029296875
134.05710927548475	1	131887.265625	1768.4000244140625
82.53708898458845	1	131626.5625	2644.110107421875
122.54693393977463	1	131542.265625	2592.699951171875
359.1301107130416	1	131019.21875	830.2979736328125
82.02223678312403	1	130503.6015625	2482.429931640625
143.9965615091741	1	130189.171875	58.87089920043945
82.0222312004608	1	130171.2734375	2375.489990234375
82.53708892622912	1	129940.921875	2501.02001953125
348.0976047406139	1	129423.8515625	475.41400146484375
494.18654435601053	1	129413.28125	804.323974609375
82.53709046125041	1	129392.875	2592.699951171875
82.53708439450826	1	128780.5703125	2451.340087890625
79.01786341908088	1	128240.7890625	2451.340087890625
82.53708971256998	1	127914.5	2522.780029296875
269.12067838099364	1	127591.6953125	700.5960083007812
128.01906430734874	1	127028.5546875	2043.1700439453125
103.09441568513431	1	126558.65625	4.422070026397705
190.04959357528335	1	126532.703125	357.8429870605469
82.5370881573816	1	125960.5390625	2665.85009765625
203.22283739878992	1	125906.171875	2350.830078125
537.1942659662395	1	125808.2734375	1198.0400390625
82.53708886893403	1	125637.34375	2564.77001953125
369.35089680916957	1	125304.0	314.36199951171875
101.07081097486339	1	124980.8984375	1193.1700439453125
124.0061441266922	1	124814.125	1012.2100219726562
121.08394408387218	1	124144.7734375	741.3779907226562
102.0375069345532	1	124119.3359375	2093.35009765625
146.49939218593846	1	123853.7109375	2165.169921875
161.07869117561506	1	123808.671875	970.8599853515625
414.2687622644283	1	123470.09375	199.07000732421875
146.1648752327199	1	123403.59375	2658.080078125
82.5370990494402	1	123002.890625	54.20199966430664
307.12828969090134	1	122965.2734375	774.822021484375
357.14154007499	1	122023.984375	362.4259948730469
103.0315960706359	1	122006.1875	2115.739990234375
151.0349990386414	1	121499.0625	1888.3299560546875
233.06282657956996	1	120697.671875	767.2319946289062
236.11783516805227	1	120620.4296875	647.2860107421875
214.08920382079594	1	120190.828125	1.5437599420547485
258.11798397868716	1	119264.015625	831.7260131835938
82.02223585802946	1	119201.484375	2558.550048828125
538.1720597860074	1	119153.2265625	622.6920166015625
132.00292724589397	1	119143.3046875	1265.449951171875
82.53710672744472	1	119052.34375	26.694700241088867
122.54692325398044	1	118725.6640625	2664.300048828125
147.04382256851872	1	118708.5703125	345.6910095214844
100.1060978302927	1	118135.453125	817.427978515625
441.1332482019503	1	118085.640625	830.2979736328125
214.91745950407054	1	117915.796875	2114.260009765625
363.0891983297201	1	117649.6015625	566.5189819335938
95.043738642284	1	117194.625	2448.2099609375
372.18600776642853	1	116711.296875	786.7260131835938
82.53708591711492	1	116478.0	2414.159912109375
304.175129534556	1	116278.5546875	834.5880126953125
82.02223924723495	1	116206.8046875	2543.050048828125
122.54692132174263	1	115313.875	2676.7099609375
104.05263665791355	1	115042.4765625	827.447998046875
220.11756024279225	1	114766.4296875	852.0419921875
148.09652540327303	1	113961.7265625	896.4719848632812
513.2474573736957	1	113744.8671875	836.02197265625
147.1124910628865	1	113413.3359375	1605.050048828125
159.9687688276782	1	113348.140625	4.422070026397705
122.54691543392714	1	113217.859375	2642.550048828125
151.03498997361658	1	113011.71875	1853.22998046875
79.01787016534382	1	112978.078125	2440.489990234375
265.01529014101055	1	112214.4375	2047.739990234375
335.09431042446437	1	111954.2734375	648.864013671875
342.1177439382637	1	111630.34375	420.39599609375
81.52054270108627	1	111547.0390625	1401.3299560546875
101.07080317897822	1	111135.46875	1204.5799560546875
82.02224241261003	1	110238.8125	2584.889892578125
195.00594116519343	1	110174.9921875	814.5360107421875
104.03004852150761	1	110113.3046875	2383.25
82.02224198895193	1	109963.71875	2737.449951171875
104.03005052507925	1	109909.578125	2400.219970703125
141.9583823558692	1	109819.984375	2690.739990234375
331.0624957083332	1	109769.6015625	925.3380126953125
100.1136399853817	1	109682.4765625	826.02001953125
141.9584002416107	1	109181.5703125	2728.1201171875
246.09672687077224	1	108653.890625	849.0780029296875
128.05325643393573	1	108304.8125	986.6400146484375
233.06274086567439	1	108293.5546875	679.5180053710938
170.15359630999762	1	108001.6875	315.9639892578125
162.07571005545128	1	107283.359375	1375.699951171875
151.0349956127123	1	106866.7734375	1826.0899658203125
119.08940006117786	1	106861.9921875	890.3460083007812
445.1813139368748	1	106827.6015625	786.7260131835938
141.95838748481003	1	106599.890625	2748.260009765625
82.53708727422034	1	106225.9453125	2390.989990234375
523.176988746616	1	106169.3984375	1186.699951171875
200.172245719998	1	105217.7109375	317.5799865722656
102.53526731136543	1	105142.7890625	1551.7900390625
187.0598863662176	1	105102.0625	826.02001953125
101.09603040282154	1	104669.6171875	60.40439987182617
310.14255502992495	1	104375.6640625	852.0419921875
85.02821341825035	1	104106.1796875	565.0659790039062
82.02224198700766	1	103966.6640625	2622.27001953125
233.0628104521785	1	103833.734375	741.3779907226562
189.07363388479038	1	103714.421875	789.6719970703125
151.03496940394572	1	103295.5390625	1802.4300537109375
195.0860943689381	1	102796.9765625	587.0
101.09601934216853	1	102343.1484375	26.694700241088867
171.00545243484441	1	102325.28125	2121.679931640625
84.08296780821884	1	102225.1328125	5.881849765777588
99.04389836133367	1	101556.796875	423.5840148925781
141.95840750937506	1	101208.6640625	2549.31005859375
141.95841975934232	1	100827.7890625	2591.1201171875
141.9583902348166	1	100140.3125	2709.5
311.1795443643658	1	100089.734375	833.1539916992188
122.54691145640271	1	100087.8828125	2693.85009765625
342.1391389084671	1	100080.3203125	544.6539916992188
149.0805395256478	1	99892.8984375	407.2489929199219
509.205576895334	1	99472.75	753.552001953125
224.07743444548936	1	99164.359375	742.9080200195312
498.90051947124743	1	98848.7109375	1260.8900146484375
141.95840046713857	1	98491.4140625	2518.1298828125
157.01289261235988	1	98442.3671875	441.3009948730469
141.95839569527274	1	97946.25	2661.179931640625
139.00234398719473	1	97890.9375	439.7019958496094
141.9584036356449	1	97871.484375	2630.080078125
153.0736697851092	1	97623.8515625	801.3839721679688
468.1398446506589	1	97427.3671875	694.1939697265625
159.02392276620662	1	97275.296875	2087.31005859375
141.1383960413925	1	96695.2890625	817.427978515625
150.0264181533874	1	96355.96875	353.2959899902344
187.05987005997318	1	96249.4375	831.7260131835938
151.03496996616389	1	96085.390625	1776.050048828125
401.1315095775672	1	95973.0546875	444.4779968261719
141.95837902843613	1	95750.4296875	2759.1201171875
175.1056209975196	1	95480.1015625	376.427001953125
138.51066164250656	1	95380.8515625	2094.85009765625
141.9584101195471	1	95332.4375	2535.219970703125
101.07085893335761	1	95290.8984375	1571.2099609375
82.01378502583758	1	95078.1796875	2050.780029296875
211.0824090258636	1	94984.1171875	831.7260131835938
100.08508950129777	1	94392.421875	818.8679809570312
536.1646813507317	1	93959.671875	294.4469909667969
409.16018178433205	1	93937.078125	774.822021484375
172.007117586411	1	93883.6953125	1004.719970703125
115.11154590265315	1	93868.0234375	26.694700241088867
488.2347089393395	1	93624.2109375	338.0450134277344
124.54347351007378	1	93622.453125	2103.840087890625
310.1425194062483	1	93247.9375	864.0900268554688
82.02224717249264	1	93187.5	57.31869888305664
451.0992450201989	1	93136.265625	103.1259994506836
95.54533840603246	1	92597.4375	2041.6400146484375
112.1199371180999	1	92577.8828125	315.9639892578125
115.03883115980572	1	92540.484375	826.02001953125
82.5370835741257	1	92343.484375	2350.830078125
98.51190815180505	1	91905.2578125	2.976530075073242
133.06856282268944	1	91668.9453125	1004.719970703125
94.54542107777276	1	91427.7890625	96.6449966430664
233.09171537519347	1	91289.2421875	824.5919799804688
151.03496027840137	1	91214.3515625	1749.8499755859375
82.02226559489552	1	91140.90625	31.238399505615234
109.02231006168093	1	91038.65625	2021.6800537109375
325.1317758470645	1	90968.765625	767.2319946289062
245.09558156849562	1	90834.5625	1160.530029296875
109.02232764650921	1	90120.453125	2041.6400146484375
577.1334566345818	1	90062.0859375	76.00080108642578
86.05982484775768	1	90013.265625	1003.219970703125
95.04373243719301	1	89978.515625	2493.25
239.96635311826347	1	89816.359375	2079.800048828125
141.95841443201604	1	89796.6796875	2440.489990234375
82.53708555897343	1	89594.3203125	2341.530029296875
141.95842268570667	1	88871.859375	2471.5400390625
246.07938205584043	1	88747.3515625	553.4340209960938
296.97051731494037	1	88499.28125	2165.169921875
101.07085671758114	1	88426.1875	1585.760009765625
804.5442959713433	1	88256.2109375	199.07000732421875
141.95841051001292	1	87905.7421875	2455.9599609375
176.01308058261938	1	87892.859375	4.422070026397705
271.08387098132926	1	87657.3671875	338.0450134277344
319.1357384759735	1	87506.703125	402.3190002441406
95.0437024118794	1	87470.421875	85.50900268554688
199.0290435563047	1	87314.375	91.86180114746094
153.5724781171843	1	87294.1640625	1771.4599609375
169.04918914257564	1	87263.25	849.0780029296875
98.09630705000605	1	86850.34375	344.1659851074219
141.95841310824468	1	86815.0703125	2485.510009765625
548.2166987279247	1	86651.8203125	791.1300048828125
131.07004416447853	1	86237.734375	402.3190002441406
379.1528864737589	1	86177.0859375	898.0020141601562
83.51706680112322	1	85959.96875	2168.179931640625
146.49938411994992	1	85867.5078125	2178.77001953125
161.01090817438552	1	85807.0546875	455.3890075683594
187.05986859481814	1	84999.78125	798.4559936523438
213.01813311068724	1	84958.296875	2103.840087890625
151.03496916381212	1	84303.75	1703.4200439453125
126.98946348589551	1	84194.9921875	2121.679931640625
171.99129141804576	1	83896.984375	5.881849765777588
79.01795160594365	1	82762.125	2106.830078125
391.1494690763603	1	82755.203125	606.2639770507812
186.07574125530098	1	82704.6875	710.0339965820312
206.0737705035036	1	82677.1171875	827.447998046875
84.07780882117753	1	82538.8515625	4.422070026397705
101.0708023751313	1	82403.0390625	1319.81005859375
348.9894501129006	1	82131.34375	1.5437599420547485
307.10173688310323	1	82039.53125	706.9019775390625
100.1048837264567	1	81488.7734375	820.302001953125
175.09437442731732	1	81351.7109375	338.0450134277344
319.09946557286725	1	81151.71875	553.4340209960938
238.1162894303186	1	81089.2890625	652.031982421875
187.0863213757891	1	81080.53125	817.427978515625
95.04372640409383	1	80825.671875	2516.570068359375
216.101681411017	1	80627.265625	338.0450134277344
392.2867234608291	1	80481.03125	215.63800048828125
95.04373526832511	1	80160.6015625	2507.2900390625
275.07312309628674	1	80100.515625	641.010009765625
100.12100096301587	1	80013.65625	817.427978515625
182.98487233824522	1	79592.390625	1800.8599853515625
102.02878596777613	1	79499.2890625	2139.6298828125
393.1362044207346	1	78847.3125	537.2349853515625
141.05442407109817	1	78497.8828125	565.0659790039062
278.18587316676724	1	78320.1796875	351.77801513671875
566.8877330785144	1	78277.4609375	1260.8900146484375
182.9847747557093	1	78245.3828125	1150.6199951171875
187.05984763962016	1	77883.9921875	783.7739868164062
79.01786146931566	1	76808.3828125	2390.989990234375
141.95840410130577	1	76717.7421875	2412.610107421875
360.14959339277254	1	76678.65625	795.52197265625
178.97674674004796	1	76659.4296875	810.1619873046875
174.03828288825096	1	76628.4375	864.0900268554688
95.04371200873693	1	76573.484375	2546.199951171875
102.53526593610823	1	76433.6640625	1449.6400146484375
325.16536999706085	1	76330.7890625	735.239990234375
291.1543826134563	1	76313.9921875	1108.72998046875
79.01795801271174	1	75871.171875	2133.6201171875
102.04378428279229	1	75826.203125	2096.35009765625
95.04371219688501	1	75738.5703125	2746.699951171875
259.11284495712516	1	75025.234375	1196.4100341796875
88.03914967361808	1	74966.234375	1054.81005859375
559.1501247997261	1	74467.8828125	613.7219848632812
94.54537905314385	1	74467.2109375	4.422070026397705
228.12796190672825	1	74431.78125	1037.739990234375
89.1071777352945	1	73971.0234375	1948.9200439453125
127.03878925243907	1	73888.5	565.0659790039062
100.12234953510414	1	73779.71875	820.302001953125
81.52056214192883	1	73744.3203125	1191.550048828125
594.1597351655957	1	73687.3671875	101.50399780273438
101.07078736462967	1	73404.109375	1299.3199462890625
206.07365845462934	1	73271.9765625	791.1300048828125
104.03004228720637	1	73112.703125	2463.7099609375
377.1049382465587	1	73094.2734375	566.5189819335938
81.04468757781409	1	72938.859375	998.7360229492188
82.53707649143763	1	72927.75	2253.7900390625
392.15470711695843	1	72414.765625	804.323974609375
103.03883378208735	1	71901.640625	582.6069946289062
82.53707509873	1	71265.0390625	2172.72998046875
242.92492921789997	1	71136.1484375	1256.300048828125
392.15479770366966	1	71114.0625	823.1640014648438
95.0437104807944	1	71085.59375	2664.300048828125
113.96354827976943	1	70932.1953125	2018.5899658203125
367.10929951824636	1	70150.859375	767.2319946289062
141.95841532543295	1	70123.3046875	2350.830078125
158.96104028101595	1	69706.2265625	54.20199966430664
349.0700425338905	1	69591.5078125	116.42900085449219
95.0437141360429	1	69529.4453125	2737.449951171875
649.2445293580005	1	69375.9453125	782.2919921875
95.04686580463776	1	69293.0625	2066.06005859375
566.1771609613847	1	69185.4140625	609.2459716796875
130.52180686724307	1	68722.234375	2053.81005859375
95.04371087288078	1	68708.5390625	2592.699951171875
265.11779116564367	1	68591.9609375	397.3479919433594
155.04230822666077	1	68344.7578125	1123.7900390625
100.13010769803687	1	68195.0078125	820.302001953125
357.05867617099517	1	68087.2421875	312.7560119628906
109.02231982975347	1	67765.8984375	2066.06005859375
145.06857970566753	1	67728.5625	376.427001953125
295.02592400899243	1	67620.7109375	994.2420043945312
132.0762883944183	1	67596.71875	1004.719970703125
169.05798831041926	1	67200.5625	1098.68994140625
141.95842763287718	1	67174.0	2323.030029296875
321.1317304253703	1	66817.1953125	334.9670104980469
95.04370731522657	1	66558.1640625	2609.81005859375
301.1404503931119	1	66390.8203125	1.5437599420547485
350.98655122214035	1	66365.0703125	4.422070026397705
128.01898447476344	1	66243.265625	4.422070026397705
634.8749819762311	1	66207.5625	1260.8900146484375
223.0807854771856	1	66133.078125	908.6220092773438
274.09722568162584	1	66131.609375	385.9150085449219
94.04847715865976	1	65607.0703125	2049.260009765625
363.08904787771064	1	65548.890625	668.0700073242188
171.0146615626268	1	65035.44921875	997.2420043945312
84.06389014355119	1	64887.53125	4.422070026397705
115.06292492596964	1	64731.90625	1037.739990234375
166.0780243426436	1	64727.67578125	747.47998046875
261.0939488254851	1	64713.64453125	507.5589904785156
161.0899820578999	1	64298.73828125	347.2130126953125
201.0078985893932	1	64250.48046875	1.5437599420547485
113.96350146261705	1	64187.93359375	2.976530075073242
141.1383957312037	1	63930.95703125	824.5919799804688
149.02303966563107	1	63899.30859375	1.5437599420547485
110.52147152211435	1	63807.47265625	2.976530075073242
104.03007704769834	1	63683.578125	2005.989990234375
82.01910965878314	1	63445.5703125	2120.199951171875
211.0379121860096	1	63347.16015625	1004.719970703125
217.06791245209246	1	63223.3359375	565.0659790039062
114.55828716460587	1	63099.6796875	2151.610107421875
166.08083644880688	1	63028.6015625	750.5159912109375
75.04398671543555	1	62574.2890625	402.3190002441406
289.04628059041886	1	62564.69140625	1067.43994140625
293.1701832133662	1	62516.50390625	1912.25
141.95842505603443	1	62369.7734375	2381.7099609375
128.0532220665737	1	62209.82421875	425.1789855957031
130.09725483598143	1	62198.390625	947.0159912109375
182.984775577784	1	61957.49609375	1180.2099609375
154.9899078431664	1	61633.828125	2020.1300048828125
83.51708901871423	1	61609.15234375	2203.1298828125
363.0891311590855	1	61528.8984375	652.031982421875
95.04371660500563	1	61450.5546875	2717.2900390625
106.06492635507236	1	61421.67578125	804.323974609375
375.15193504421285	1	61255.79296875	415.5469970703125
87.09965008751426	1	60833.45703125	780.8040161132812
275.0996238460462	1	60778.90234375	385.9150085449219
216.09741393803486	1	60580.4609375	1103.7099609375
84.08246711647718	1	60561.921875	2664.300048828125
128.01900577522395	1	60554.953125	2661.179931640625
151.0614184641305	1	60378.359375	830.2979736328125
128.01900299853966	1	60334.98046875	43.46770095825195
222.09684602312998	1	60288.30078125	804.323974609375
282.1177072953161	1	59892.0546875	1390.0999755859375
414.26874728521926	1	59754.62890625	215.63800048828125
95.04371754455384	1	59748.984375	2695.409912109375
100.10487704590362	1	59627.83984375	828.8699951171875
128.0190052112071	1	59514.18359375	2720.389892578125
83.51708389481247	1	59379.3515625	2232.219970703125
417.19763163002443	1	59334.0625	791.1300048828125
235.19321408848552	1	59320.328125	814.5360107421875
350.0572567552813	1	59256.5234375	908.6220092773438
349.0701603128224	1	59227.9453125	76.00080108642578
114.03774752825548	1	59172.84765625	549.0540161132812
114.06974430087524	1	59081.1015625	1028.6300048828125
166.057704387911	1	58845.57421875	336.50799560546875
348.07871396579947	1	58836.44140625	1231.2099609375
171.99148934620078	1	58836.234375	2114.260009765625
245.06273039119247	1	58625.56640625	745.9559936523438
281.0946889228008	1	58482.6640625	1189.9300537109375
370.14900033236415	1	58436.4765625	676.2420043945312
200.0026395013091	1	58352.875	833.1539916992188
94.0423553043207	1	58324.0234375	2058.39990234375
84.08246429526999	1	58209.1953125	2642.550048828125
176.01308933069538	1	58135.4765625	37.31660079956055
133.0757941113843	1	58103.40625	739.85400390625
94.0484681249695	1	58070.43359375	2061.4599609375
149.06347176995615	1	57990.4921875	1024.1300048828125
94.04724699066566	1	57858.66796875	2058.39990234375
123.04852398441179	1	57811.3203125	93.45120239257812
82.53707898335576	1	57511.5390625	2136.6201171875
146.49934013880767	1	57176.55078125	2219.9599609375
275.0995544508583	1	57169.43359375	395.69500732421875
74.53057232832941	1	57116.5859375	2432.72998046875
171.99132596738667	1	57077.23046875	23.683300018310547
95.06832596813263	1	56733.40625	612.22802734375
235.13650996687483	1	56641.63671875	759.6119995117188
187.059760979224	1	56627.3203125	773.3099975585938
170.08076912982006	1	56543.21484375	1085.3599853515625
201.00791418075298	1	56318.88671875	51.117401123046875
104.03001056978324	1	56312.859375	1875.5899658203125
239.08844512773842	1	56247.765625	19.164499282836914
171.99133462848778	1	56183.8203125	41.944000244140625
114.06239911839974	1	56146.47265625	1033.1600341796875
238.09291741090001	1	55877.328125	1082.06005859375
166.09531106479008	1	55839.375	747.47998046875
360.14951971481383	1	55815.6640625	732.1320190429688
128.01903038370318	1	55778.859375	2524.330078125
190.97906812195788	1	55560.64453125	2062.989990234375
205.07884276814065	1	55484.84375	559.2520141601562
141.95847158654962	1	55476.86328125	2190.909912109375
70.04807482027617	1	55419.98828125	980.3460083007812
130.13052672583626	1	55144.46484375	315.9639892578125
702.8618872507633	1	55058.76171875	1260.8900146484375
141.95842771022654	1	55048.9375	2227.590087890625
103.03692920845162	1	54903.2421875	2097.85009765625
141.9584377774924	1	54642.5234375	2284.4599609375
141.95843686988096	1	54628.8671875	2270.659912109375
239.08844955740676	1	54297.31640625	4.422070026397705
279.1045503756391	1	54239.25390625	736.7880249023438
109.0759232615974	1	54219.81640625	353.2959899902344
406.1703256978392	1	54203.60546875	779.3159790039062
245.08197924984475	1	54199.8984375	710.0339965820312
223.08087727676198	1	54060.6171875	823.1640014648438
87.05511266387016	1	53966.27734375	1118.780029296875
109.02222509670658	1	53571.11328125	4.422070026397705
407.11555992947535	1	53433.81640625	573.8150024414062
166.0980933303747	1	53189.015625	744.4320068359375
81.52410001244577	1	53184.2890625	2114.260009765625
104.03002976436738	1	53147.65625	93.45120239257812
207.9848788875713	1	53090.984375	66.64199829101562
128.0190266868272	1	52961.3359375	2606.68994140625
117.09076535937193	1	52870.5859375	14.700699806213379
98.51194984011764	1	52688.8671875	2020.1300048828125
240.10747338917335	1	52610.12109375	510.7659912109375
104.03004596515046	1	52604.2890625	2552.3798828125
84.07679215011429	1	52602.23828125	2609.81005859375
298.11159611571657	1	52596.125	591.4149780273438
663.4523613075411	1	52467.1796875	301.3110046386719
328.55683291289114	1	52455.5625	103.1259994506836
519.2183188916082	1	52417.296875	978.7680053710938
146.49933797168404	1	52054.8125	2235.300048828125
169.0491576323224	1	52010.73828125	695.8079833984375
79.0179304422812	1	51834.90625	2168.179931640625
153.03262899537447	1	51750.8046875	2151.610107421875
141.95842343295803	1	51710.15234375	2301.429931640625
371.0358002588793	1	51616.61328125	890.3460083007812
356.0945620655822	1	51506.79296875	453.84600830078125
121.12207243088864	1	51474.046875	14.700699806213379
222.09685229085804	1	51426.28515625	447.6340026855469
114.07138177647687	1	51410.140625	1031.6500244140625
82.02225964642311	1	51216.734375	76.00080108642578
210.4792247007551	1	51127.546875	2123.169921875
488.2346978494212	1	51119.1640625	347.2130126953125
296.0653140702787	1	50990.7734375	1234.469970703125
233.13859116361203	1	50874.4140625	342.6390075683594
166.09667402330032	1	50819.015625	750.5159912109375
212.07481765142853	1	50676.78515625	831.7260131835938
130.04959561318296	1	50259.88671875	444.4779968261719
104.0300339121767	1	50121.3671875	83.91419982910156
104.03003377116852	1	50091.1171875	2567.85009765625
